1.387 172.260
2.386 172.295
3.386 172.385
4.386 172.629
5.386 172.487
6.386 172.212
7.386 172.470
8.386 173.143
9.387 172.308
10.387 172.211
11.387 172.181
12.387 172.187
13.387 172.176
14.387 172.855
15.387 173.038
16.387 172.493
17.387 172.779
18.387 172.861
19.387 172.300
20.387 172.647
21.387 172.436
22.387 171.996
23.387 172.036
24.387 172.303
25.387 172.208
26.387 172.513
27.387 172.112
28.387 171.750
29.387 171.860
30.387 172.351
31.387 172.272
32.387 172.067
33.387 171.712
34.387 172.126
35.387 172.119
36.387 172.561
37.387 172.308
38.387 172.189
39.387 172.372
40.387 171.859
41.387 171.906
42.387 172.408
43.387 172.434
44.387 172.594
45.387 172.246
46.388 172.592
47.388 172.536
48.388 172.311
49.388 172.741
50.388 172.042
51.388 172.352
52.388 172.386
53.388 172.130
54.387 172.156
55.387 171.916
56.387 171.807
57.387 172.010
58.387 172.017
59.387 171.986
60.387 172.088
61.387 172.410
62.387 172.140
63.387 172.026
64.388 172.683
65.388 172.056
66.388 172.395
67.388 172.341
68.388 172.366
69.388 172.286
70.388 172.209
71.388 172.007
72.388 172.246
73.388 172.094
74.388 172.238
75.388 171.783
76.388 171.793
77.388 171.943
78.388 171.901
79.388 172.292
80.388 171.576
81.387 171.890
82.388 171.512
83.388 171.295
84.388 171.938
85.388 171.969
86.388 171.352
87.388 171.930
88.388 171.728
89.388 171.702
90.388 171.382
91.388 171.465
92.388 171.565
93.388 171.513
94.388 171.383
95.388 171.130
96.388 171.738
97.388 171.624
98.388 171.311
99.388 171.649
100.388 171.913
101.389 171.941
102.389 171.983
103.389 171.893
104.389 172.572
105.389 172.354
106.389 171.940
107.389 172.059
108.388 172.629
109.388 172.770
110.388 172.447
111.388 172.019
112.388 172.110
113.388 172.043
114.388 172.217
115.388 172.058
116.388 172.077
117.388 172.250
118.389 172.312
119.389 172.238
120.389 172.518
121.389 172.523
122.389 172.293
123.389 172.328
124.389 172.469
125.389 172.455
126.389 172.455
127.389 172.133
128.389 171.923
129.389 171.977
130.389 171.808
131.389 171.943
132.389 172.073
133.389 172.055
134.389 172.071
135.389 172.063
136.389 172.153
137.389 172.285
138.389 172.303
139.389 172.265
140.389 172.436
141.389 172.313
142.389 172.281
143.389 172.266
144.389 172.155
145.389 172.213
146.389 172.182
147.389 172.093
148.389 172.015
149.389 172.264
150.389 172.142
151.389 171.980
152.389 172.008
153.389 171.967
154.389 171.808
155.390 171.969
156.390 171.990
157.390 172.016
158.390 172.216
159.390 171.931
160.390 172.079
161.390 172.275
162.389 172.266
163.389 172.285
164.389 172.166
165.389 172.238
166.389 172.025
167.389 171.636
168.389 171.676
169.389 171.818
170.389 171.120
171.389 170.964
172.390 170.937
173.390 170.812
174.390 170.961
175.390 170.641
176.390 170.727
177.390 170.750
178.390 170.675
179.390 170.834
180.390 170.772
181.390 170.596
182.390 170.619
183.390 170.573
184.390 170.262
185.390 170.221
186.390 170.413
187.390 170.274
188.390 170.192
189.389 170.279
190.389 170.815
191.390 171.860
192.390 172.026
193.390 172.013
194.390 171.890
195.390 171.794
196.390 171.786
197.390 171.799
198.390 171.874
199.390 171.860
200.390 171.860
201.390 171.956
202.390 172.015
203.390 172.195
204.390 172.097
205.390 172.086
206.390 172.107
207.390 172.051
208.390 171.998
209.391 172.233
210.391 172.156
211.391 172.084
212.391 172.042
213.391 172.628
214.391 172.443
215.390 172.547
216.390 172.181
217.390 172.681
218.390 172.595
219.390 172.290
220.390 172.638
221.390 172.299
222.390 172.358
223.390 172.656
224.390 172.286
225.390 172.279
226.390 172.323
227.391 172.469
228.391 172.438
229.391 172.484
230.391 172.590
231.391 172.201
232.391 172.425
233.391 172.236
234.391 172.306
235.391 172.271
236.391 172.199
237.391 172.196
238.391 172.231
239.391 172.046
240.391 172.066
241.391 172.226
242.391 172.203
243.391 172.287
244.390 172.379
245.391 172.351
246.391 172.052
247.391 172.210
248.391 172.314
249.391 172.259
250.391 171.764
251.391 171.837
252.391 172.160
253.391 172.022
254.391 171.539
255.391 171.834
256.391 171.590
257.391 171.571
258.391 171.719
259.391 171.904
260.391 171.919
261.391 171.979
262.391 171.683
263.392 171.636
264.392 171.868
265.392 171.646
266.392 171.509
267.392 171.803
268.392 171.909
269.391 171.254
270.391 171.508
271.391 171.897
272.391 172.118
273.391 171.729
274.391 171.893
275.391 171.973
276.391 171.986
277.391 171.953
278.391 171.941
279.391 171.859
280.392 171.863
281.392 171.834
282.392 172.178
283.392 172.152
284.392 171.806
285.392 172.040
286.392 172.053
287.392 172.159
288.392 171.831
289.393 171.934
290.392 171.841
291.392 171.988
292.392 171.985
293.392 172.068
294.392 172.062
295.392 171.827
296.392 171.779
297.392 171.829
298.391 171.777
299.392 172.080
300.392 172.172
301.392 172.016
302.392 171.795
303.392 171.726
304.392 171.636
305.392 171.902
306.392 171.571
307.392 171.849
308.392 171.828
309.392 171.787
310.392 171.716
311.392 171.734
312.392 171.785
313.392 171.879
314.392 171.939
315.392 172.143
316.392 171.890
317.392 172.171
318.393 171.802
319.393 172.122
320.393 172.235
321.393 172.216
322.393 172.725
323.393 172.634
324.393 172.412
325.392 172.537
326.392 172.464
327.392 172.409
328.392 172.265
329.392 172.565
330.392 172.500
331.392 172.562
332.392 172.539
333.392 172.528
334.392 172.506
335.392 172.544
336.393 172.705
337.393 172.232
338.393 172.375
339.393 172.212
340.393 172.448
341.393 172.331
342.393 171.964
343.393 172.161
344.393 171.938
345.393 172.185
346.393 172.030
347.393 172.181
348.393 172.157
349.393 172.178
350.392 172.093
351.393 171.944
352.392 171.733
353.392 171.916
354.393 171.643
355.393 171.875
356.393 171.766
357.393 171.733
358.393 172.311
359.393 171.965
360.393 171.966
361.393 171.982
362.393 171.914
363.393 172.092
364.393 172.127
365.393 172.236
366.393 171.851
367.393 172.097
368.393 172.108
369.393 172.253
370.393 171.853
371.393 171.897
372.394 171.847
373.394 171.858
374.394 172.037
375.394 171.701
376.394 171.729
377.393 171.939
378.393 172.096
379.393 172.072
380.393 171.959
381.393 171.981
382.393 172.202
383.393 172.073
384.393 171.963
385.393 171.920
386.393 171.869
387.393 171.953
388.393 172.379
389.393 172.288
390.394 172.288
391.394 172.466
392.394 172.422
393.394 172.310
394.394 172.289
395.394 172.317
396.394 172.520
397.394 172.252
398.394 172.438
399.394 172.433
400.394 172.255
401.394 172.242
402.394 172.520
403.394 172.235
404.394 172.430
405.394 172.027
406.393 172.370
407.393 172.208
408.393 172.590
409.394 172.690
410.394 172.718
411.394 172.632
412.394 172.782
413.394 172.891
414.394 172.612
415.394 172.557
416.394 172.745
417.394 172.640
418.394 172.743
419.394 172.888
420.394 172.880
421.394 173.016
422.394 172.634
423.394 172.627
424.394 172.794
425.394 172.746
426.395 172.701
427.395 172.435
428.395 172.890
429.395 172.545
430.395 172.745
431.394 172.595
432.394 172.830
433.394 172.762
434.394 172.664
435.394 172.627
436.394 172.688
437.394 172.718
438.394 172.632
439.394 172.580
440.394 172.658
441.394 172.628
442.394 172.675
443.394 172.663
444.394 172.640
445.395 172.329
446.395 172.579
447.395 172.447
448.395 172.535
449.395 172.540
450.395 172.548
451.395 172.515
452.395 172.483
453.395 172.448
454.395 172.547
455.395 172.536
456.395 172.375
457.395 172.593
458.395 172.437
459.394 172.529
460.394 172.591
462.394 172.592
463.395 172.437
464.395 172.408
465.395 172.346
466.395 172.498
467.395 172.546
468.395 172.280
469.395 172.585
470.395 172.529
471.395 172.383
472.395 172.309
473.395 172.395
474.395 172.412
475.395 172.258
476.395 172.371
477.395 172.402
478.395 172.405
479.395 172.457
480.395 172.494
481.396 172.318
482.396 172.341
483.396 172.540
484.396 172.481
485.395 172.462
486.395 172.540
487.395 172.618
488.395 172.470
489.395 172.309
490.395 172.386
491.395 172.523
492.395 172.540
493.395 172.641
494.395 172.435
495.395 172.371
496.395 172.539
497.395 172.343
498.395 172.251
499.396 172.406
500.396 172.224
501.396 172.439
502.396 172.351
503.396 172.312
504.396 172.329
505.396 172.319
506.396 172.318
507.396 172.324
508.396 172.334
509.396 172.326
510.396 172.165
511.396 172.168
512.395 172.278
513.395 172.223
514.395 172.232
515.395 172.335
516.395 172.422
517.395 172.219
518.396 172.249
519.396 172.239
520.396 172.260
521.396 172.189
522.396 172.213
523.396 172.244
524.396 172.245
525.396 172.290
526.396 172.251
527.396 172.251
528.396 172.141
529.396 172.158
530.396 172.251
531.396 172.120
532.396 172.233
533.396 172.098
534.396 172.192
535.396 172.144
536.397 172.189
537.397 172.087
538.397 172.169
539.396 172.200
540.396 172.089
541.396 172.116
542.396 172.175
543.396 172.139
544.396 172.129
545.396 172.094
546.396 172.195
547.396 172.121
548.396 172.073
549.396 172.339
550.396 172.366
551.396 172.429
552.396 172.450
553.396 172.372
554.397 172.365
555.397 172.439
556.397 172.316
557.397 172.307
558.397 172.504
559.397 172.462
560.397 172.478
561.397 172.397
562.397 172.462
563.397 172.467
564.397 172.256
565.397 172.215
566.397 172.319
567.396 172.368
568.396 172.334
569.397 172.321
570.396 172.458
571.397 172.458
572.397 172.463
573.397 172.257
574.397 172.398
575.397 172.389
576.397 172.373
577.397 172.421
578.397 172.171
579.397 172.319
580.397 172.379
581.397 172.313
582.397 172.239
583.397 172.251
584.397 172.269
585.397 172.195
586.397 172.428
587.397 172.417
588.397 172.328
589.397 172.339
590.398 172.453
591.398 172.349
592.398 172.491
593.397 172.444
594.397 172.466
595.397 172.394
596.397 172.552
597.397 172.523
598.397 172.412
599.397 172.547
600.397 172.539
601.397 172.711
602.397 172.615
603.397 172.585
604.398 172.616
605.397 172.687
606.397 172.674
607.397 172.720
608.398 172.748
609.398 172.708
610.398 172.564
611.398 172.662
612.398 172.504
613.398 172.521
614.398 172.320
615.398 172.502
616.398 172.086
617.398 172.354
618.398 172.520
619.398 172.467
620.398 172.330
621.397 172.422
622.397 170.284
623.397 170.364
624.397 170.319
625.397 170.313
626.397 170.843
627.398 171.182
628.398 171.087
629.398 171.120
630.398 171.063
631.398 171.017
632.398 171.087
633.398 171.035
634.398 170.786
635.398 170.997
636.398 170.994
637.398 171.028
638.398 171.025
639.398 171.043
640.398 171.252
641.398 171.167
642.398 170.815
643.398 170.927
644.398 171.058
645.399 171.249
646.399 170.994
647.399 171.104
648.398 171.034
649.398 171.260
650.398 171.206
651.398 171.102
652.398 170.920
653.398 171.014
654.398 171.061
655.398 171.034
656.398 170.956
657.398 171.225
658.398 171.156
659.398 171.125
660.398 171.192
661.398 171.196
662.398 171.523
663.399 171.051
664.399 171.044
665.399 171.082
666.399 171.009
667.399 170.985
668.399 170.996
669.399 171.463
670.399 171.361
671.399 171.398
672.399 171.308
673.399 171.426
674.399 171.426
675.398 171.327
676.398 171.517
677.398 171.474
678.398 171.634
679.398 171.588
680.398 171.530
681.399 171.571
682.399 171.566
683.399 171.529
684.399 171.514
685.399 171.534
686.399 171.504
687.399 171.524
688.399 171.431
689.399 171.481
690.399 171.514
691.399 171.523
692.399 171.599
693.399 171.421
694.399 171.434
695.399 171.431
696.399 171.481
697.399 171.602
698.399 171.747
699.400 171.725
700.400 171.496
701.400 171.579
702.400 171.626
703.399 171.550
704.399 171.533
705.399 171.494
706.399 171.586
707.399 171.650
708.399 171.518
709.399 171.496
710.399 171.588
711.399 171.601
712.399 171.696
713.399 171.507
714.399 171.616
715.399 171.610
716.399 171.555
717.400 171.557
718.400 171.736
719.400 171.714
720.400 171.639
721.400 171.654
722.400 171.696
723.400 171.604
724.400 171.644
725.400 171.645
726.400 171.760
727.399 171.683
728.399 171.668
729.399 171.765
730.399 171.666
731.399 171.678
732.399 171.689
733.399 171.658
734.399 171.709
735.399 171.655
736.400 171.752
737.400 171.772
738.400 171.684
739.400 171.689
740.400 171.674
741.400 171.752
742.400 171.567
743.400 171.666
744.400 171.800
745.400 171.751
746.400 171.678
747.400 171.870
748.400 171.767
749.400 171.716
750.400 171.834
751.400 171.658
752.400 171.644
753.400 171.899
754.401 171.765
755.400 171.814
756.400 171.904
757.400 171.839
758.400 171.758
759.400 171.837
760.400 171.749
761.400 171.785
762.400 171.890
763.400 171.844
764.400 171.840
765.400 171.759
766.400 171.765
767.400 171.424
768.400 171.501
769.400 171.617
770.400 171.739
771.400 171.583
772.401 171.738
773.401 171.913
774.401 171.738
775.401 171.747
776.401 171.747
777.401 171.654
778.401 171.583
779.401 171.584
780.401 171.483
781.400 171.534
782.401 171.541
783.400 171.522
784.400 171.488
785.400 171.503
786.400 171.561
787.400 171.552
788.400 171.643
789.400 171.615
790.401 171.669
791.401 171.648
792.401 171.735
793.401 171.631
794.401 171.609
795.401 171.605
796.401 171.526
797.401 171.491
798.401 171.543
799.401 171.514
800.401 171.574
801.401 171.494
802.401 171.413
803.401 171.514
804.401 171.483
805.401 171.463
806.401 171.483
807.401 171.517
808.401 171.529
809.401 171.591
810.401 171.630
811.401 171.507
812.401 171.606
813.401 171.518
814.401 171.543
815.401 171.423
816.401 171.633
817.401 171.566
818.401 171.637
819.401 171.592
820.401 171.868
821.401 171.646
822.401 171.555
823.401 171.673
824.401 171.665
825.401 171.824
826.402 171.831
827.402 171.782
828.402 171.736
829.402 171.786
830.402 171.909
831.402 171.912
832.402 171.873
833.402 171.636
834.402 171.838
835.402 171.936
836.402 171.997
837.401 171.890
838.402 171.985
839.401 171.941
840.402 171.821
841.401 171.963
842.401 171.790
843.401 171.818
844.401 171.973
845.402 172.002
846.402 172.081
847.402 171.852
848.402 171.769
849.402 171.681
850.402 171.924
851.402 171.896
852.402 171.792
853.402 171.860
854.402 171.807
855.402 171.771
856.402 171.845
857.402 171.870
858.402 171.990
859.402 172.040
860.402 172.180
861.402 171.975
862.402 172.077
863.401 171.921
864.402 171.829
865.402 171.888
866.402 171.793
867.402 171.989
868.402 172.066
869.402 172.136
870.402 171.925
871.402 171.872
872.402 172.143
873.402 172.130
874.402 172.016
875.402 171.905
876.402 171.921
877.402 171.994
878.402 171.949
879.402 171.958
880.402 171.992
881.402 171.907
882.403 171.949
883.403 172.054
884.403 171.990
885.403 171.995
886.403 172.058
887.403 172.076
888.403 172.048
889.402 172.192
890.402 172.226
891.402 172.061
892.402 172.257
893.402 172.112
894.402 172.209
895.402 172.162
896.402 172.175
897.402 172.186
898.402 172.249
899.402 172.179
900.403 172.084
901.403 172.213
902.403 172.160
903.403 172.082
904.403 172.055
905.403 172.307
906.403 172.175
907.403 172.173
908.403 172.098
909.403 171.994
910.403 171.985
911.403 172.039
912.403 172.201
913.403 172.107
914.403 172.097
915.403 172.057
916.403 171.952
917.402 172.212
918.403 171.886
919.403 172.053
920.403 171.929
921.403 172.173
922.403 172.175
923.403 171.996
924.403 172.123
925.403 172.039
926.403 172.175
927.403 172.211
928.403 172.201
929.403 172.265
930.403 172.256
931.403 172.115
932.403 172.004
933.403 172.190
934.403 172.139
935.403 172.217
936.404 172.217
937.404 172.243
938.404 172.149
939.404 172.065
940.404 172.095
941.404 172.242
942.404 172.139
943.404 172.108
944.403 172.128
945.403 172.182
946.403 172.095
947.403 172.080
948.403 172.147
949.403 172.279
950.403 172.090
951.403 172.221
952.403 172.062
953.403 172.020
954.403 172.159
955.404 172.180
956.404 172.142
957.404 172.201
958.404 172.049
959.404 172.076
960.404 172.099
961.404 172.154
962.404 172.210
963.404 172.058
964.404 172.136
965.404 171.951
966.404 172.007
967.474 172.089
968.474 172.155
969.481 172.196
970.463 171.909
971.462 171.895
972.463 171.895
973.428 171.909
974.464 171.911
975.463 171.914
976.462 171.910
977.462 171.894
978.463 171.928
979.465 171.908
980.462 171.932
981.463 171.921
982.462 171.924
983.464 171.890
984.470 171.903
985.465 171.897
986.470 171.907
987.470 171.928
988.468 171.908
989.472 171.905
990.470 171.896
991.469 171.908
992.469 171.931
993.471 171.928
994.473 171.911
996.471 171.912
997.469 171.924
998.469 171.920
999.475 171.910
1000.468 171.897
1001.468 171.886
1002.470 171.909
1003.469 171.938
1004.472 171.924
1005.470 171.899
1006.469 171.931
1007.469 171.904
1008.471 171.887
1009.473 171.909
1010.469 171.920
1011.471 171.932
1012.469 171.900
1013.469 171.917
1014.475 171.932
1015.469 171.927
1016.469 171.930
1017.471 171.921
1018.469 171.933
1019.473 171.911
1020.471 171.954
1021.470 171.932
1022.470 171.942
1023.471 171.925
1024.474 171.923
1025.469 171.944
1026.471 171.931
1027.469 171.952
1028.470 171.939
1029.474 171.932
1030.469 171.916
1031.469 171.936
1032.471 171.923
1033.469 171.949
1034.473 171.945
1035.471 171.932
1036.469 171.925
1037.469 171.981
1038.471 171.949
1039.473 171.949
1040.469 171.940
1041.471 171.932
1042.470 171.945
1043.470 171.942
1044.475 171.956
1045.470 171.952
1046.470 171.922
1047.472 171.942
1048.470 171.917
1049.474 171.935
1050.472 171.920
1051.470 171.959
1052.470 171.942
1053.471 171.928
1054.473 171.900
1055.469 171.916
