0.793 3915.00000
1.297 3938.00000
1.802 3919.00000
2.306 3904.00000
2.810 3909.00000
3.315 3912.00000
3.819 3915.00000
4.324 4.00000
4.828 3913.00000
5.333 3906.00000
5.838 3922.00000
6.342 3927.00000
6.847 391.00000
7.351 3907.00000
7.856 3913.00000
8.361 3912.00000
8.865 3923.00000
9.370 3919.00000
9.875 3919.00000
10.380 3915.00000
10.884 3909.00000
11.389 3917.00000
11.894 3909.00000
12.398 3900.00000
12.903 3899.00000
13.407 3902.00000
13.912 3894.00000
14.416 3906.00000
14.921 11.00000
15.426 3893.00000
15.931 3902.00000
16.435 3889.00000
16.940 3901.00000
17.444 8.00000
17.948 3895.00000
18.453 3884.00000
18.958 3911.00000
19.463 3888.00000
19.967 3879.00000
20.471 3874.00000
20.976 3904.00000
21.480 3881.00000
21.984 3886.00000
22.489 3882.00000
22.994 3869.00000
23.498 3867.00000
24.003 3872.00000
24.507 3883.00000
25.012 3874.00000
25.516 3877.00000
26.020 3916.00000
26.525 3867.00000
27.030 3871.00000
27.534 3878.00000
28.038 872.00000
28.543 3894.00000
29.048 3891.00000
29.552 3865.00000
30.056 3867.00000
30.561 1.00000
31.065 3859.00000
31.569 3863.00000
32.074 3862.00000
32.578 3850.00000
33.082 3864.00000
33.587 3868.00000
34.091 3872.00000
34.595 3847.00000
35.100 3847.00000
35.605 3840.00000
36.109 3830.00000
36.614 3842.00000
37.118 3851.00000
37.623 3837.00000
38.127 3832.00000
38.631 3845.00000
39.136 3814.00000
39.640 3820.00000
40.145 3812.00000
40.649 3822.00000
41.154 800.00000
41.659 3813.00000
42.164 3798.00000
42.668 3794.00000
43.172 3797.00000
43.677 3.00000
44.182 3775.00000
44.686 3771.00000
45.191 3767.00000
45.696 3788.00000
46.200 3792.00000
46.705 3781.00000
47.210 3770.00000
47.714 3763.00000
48.219 3760.00000
48.723 3760.00000
49.228 3766.00000
49.732 3757.00000
50.237 3733.00000
50.742 3752.00000
51.246 3733.00000
51.751 757.00000
52.256 3766.00000
52.760 3747.00000
53.264 3743.00000
53.769 3735.00000
54.273 6.00000
54.778 3738.00000
55.282 3736.00000
55.787 3746.00000
56.291 3744.00000
56.796 3737.00000
57.301 3739.00000
57.805 3739.00000
58.309 3767.00000
58.814 3753.00000
59.318 3775.00000
59.823 3751.00000
60.327 3753.00000
60.832 3757.00000
61.336 3760.00000
61.840 3762.00000
62.345 3776.00000
62.850 3783.00000
63.354 3777.00000
63.859 3776.00000
64.364 3783.00000
64.869 783.00000
65.373 3796.00000
65.878 3792.00000
66.382 3795.00000
66.886 3827.00000
67.391 4.00000
67.896 3805.00000
68.401 3808.00000
68.906 3818.00000
69.410 3820.00000
69.915 3820.00000
70.419 3831.00000
70.924 3839.00000
71.429 3848.00000
71.933 3841.00000
72.438 3854.00000
72.943 3855.00000
73.447 3857.00000
73.952 3860.00000
74.456 3867.00000
74.961 3881.00000
75.465 887.00000
75.970 3877.00000
76.474 3880.00000
76.979 3891.00000
77.484 3897.00000
77.988 389.00000
78.493 3903.00000
78.998 3906.00000
79.503 3916.00000
80.008 3923.00000
80.512 3909.00000
81.016 3927.00000
81.521 3929.00000
82.025 3945.00000
82.529 3923.00000
83.034 3912.00000
83.538 3913.00000
84.043 3917.00000
84.547 3932.00000
85.052 3922.00000
85.556 3912.00000
86.061 3922.00000
86.565 3934.00000
87.070 3909.00000
87.575 3923.00000
88.079 3911.00000
88.584 26.00000
89.088 3906.00000
89.593 3903.00000
90.097 3923.00000
90.602 3915.00000
91.107 391.00000
91.611 3914.00000
92.116 3910.00000
92.620 3917.00000
93.124 3915.00000
93.629 3917.00000
94.134 3917.00000
94.638 3916.00000
95.143 3917.00000
95.648 3919.00000
96.152 3923.00000
96.657 3923.00000
97.161 3931.00000
97.666 3923.00000
98.170 3927.00000
98.675 3938.00000
99.179 934.00000
99.684 3929.00000
100.188 3937.00000
100.693 3934.00000
101.198 3929.00000
101.703 7.00000
102.208 3936.00000
102.712 3935.00000
103.217 3917.00000
103.722 3931.00000
104.226 3903.00000
104.731 3936.00000
105.235 3914.00000
105.740 3884.00000
106.245 3881.00000
106.749 3913.00000
107.254 3866.00000
107.758 3888.00000
108.263 3886.00000
108.767 3884.00000
109.272 3884.00000
109.777 3869.00000
110.281 3872.00000
110.786 3863.00000
111.290 3858.00000
111.795 3859.00000
112.299 65.00000
112.804 3849.00000
113.309 3859.00000
113.813 3847.00000
114.318 3878.00000
114.822 384.00000
115.327 3831.00000
115.832 3827.00000
116.336 3828.00000
116.841 3817.00000
117.345 3824.00000
117.850 3833.00000
118.354 3839.00000
118.859 3802.00000
119.364 3798.00000
119.868 3801.00000
120.373 3818.00000
120.877 3799.00000
121.382 3793.00000
121.886 3791.00000
122.391 3767.00000
122.896 72.00000
123.400 3774.00000
123.905 3761.00000
124.409 3745.00000
124.914 3740.00000
125.418 0.00000
125.923 3727.00000
126.428 3741.00000
126.932 3724.00000
127.437 3702.00000
127.942 3691.00000
128.446 3713.00000
128.950 3699.00000
129.455 3684.00000
129.960 3661.00000
130.464 3674.00000
130.969 3660.00000
131.473 3658.00000
131.978 3656.00000
132.483 3646.00000
132.987 3643.00000
133.492 3648.00000
133.997 3643.00000
134.501 3637.00000
135.006 3643.00000
135.510 3630.00000
136.015 34.00000
136.519 3639.00000
137.024 3630.00000
137.529 3634.00000
138.034 3625.00000
138.538 362.00000
139.043 3631.00000
139.547 3623.00000
140.052 3635.00000
140.556 3613.00000
141.061 3630.00000
141.565 3627.00000
142.070 3612.00000
142.574 3623.00000
143.079 3620.00000
143.583 3599.00000
144.088 3607.00000
144.593 3593.00000
145.097 3587.00000
145.602 3581.00000
146.106 3588.00000
146.611 98.00000
147.116 3585.00000
147.620 3585.00000
148.125 3580.00000
148.629 3590.00000
149.134 359.00000
149.638 3593.00000
150.143 3594.00000
150.648 3601.00000
151.152 3600.00000
151.657 3623.00000
152.161 3602.00000
152.665 3599.00000
153.170 3604.00000
153.674 3623.00000
154.179 3618.00000
154.684 3627.00000
155.188 3479.00000
155.693 3511.00000
156.197 3494.00000
156.702 3475.00000
157.206 3474.00000
157.710 3473.00000
158.215 3462.00000
158.719 3486.00000
159.224 3467.00000
159.728 71.00000
160.233 3488.00000
160.737 3486.00000
161.242 3481.00000
161.746 3467.00000
162.250 343.00000
162.755 3408.00000
163.259 3432.00000
163.764 3448.00000
164.269 3424.00000
164.773 3414.00000
165.278 3433.00000
165.783 3399.00000
166.287 3397.00000
166.792 3387.00000
167.296 3430.00000
167.801 3392.00000
168.305 3410.00000
168.810 3385.00000
169.315 3362.00000
169.819 3385.00000
170.324 365.00000
170.828 3392.00000
171.333 3375.00000
171.837 3371.00000
172.342 3393.00000
172.847 1.00000
173.351 3418.00000
173.856 3391.00000
174.360 3430.00000
174.865 3358.00000
175.370 3377.00000
175.875 3380.00000
176.379 3360.00000
176.884 3370.00000
177.388 3392.00000
177.893 3379.00000
178.398 3368.00000
178.902 3376.00000
179.407 3392.00000
179.912 3353.00000
180.416 3359.00000
180.921 3360.00000
181.425 3356.00000
181.929 3373.00000
182.434 3347.00000
182.938 3346.00000
183.443 98.00000
183.948 3400.00000
184.452 3346.00000
184.957 3352.00000
185.461 3362.00000
185.966 337.00000
186.471 3356.00000
186.975 3372.00000
187.480 3377.00000
187.985 3367.00000
188.489 3351.00000
188.993 3349.00000
189.498 0.00000
190.002 3382.00000
190.507 3347.00000
191.012 3327.00000
191.516 3337.00000
192.021 3341.00000
192.525 3353.00000
193.030 3394.00000
193.534 3565.00000
194.039 340.00000
194.543 3350.00000
195.048 3340.00000
195.552 3388.00000
196.057 3366.00000
196.562 8.00000
197.066 3375.00000
197.571 3352.00000
198.075 3353.00000
198.580 3349.00000
199.084 3546.00000
199.589 3370.00000
200.093 3564.00000
200.598 3578.00000
201.102 3379.00000
201.607 3591.00000
202.112 3570.00000
202.616 3552.00000
203.121 3553.00000
203.625 3559.00000
204.130 3613.00000
204.634 3560.00000
205.139 3586.00000
205.643 3580.00000
206.148 3567.00000
206.652 3547.00000
207.156 559.00000
207.660 3541.00000
208.165 3575.00000
208.669 3554.00000
209.174 3558.00000
209.679 1.00000
210.183 3545.00000
210.687 3538.00000
211.192 3546.00000
211.697 3582.00000
212.201 3554.00000
212.706 3543.00000
213.211 3564.00000
213.715 3568.00000
214.219 3552.00000
214.724 3545.00000
215.228 3568.00000
215.733 3423.00000
216.237 3549.00000
216.741 3544.00000
217.246 3521.00000
217.751 3550.00000
218.256 3565.00000
218.760 3551.00000
219.265 3610.00000
219.769 3549.00000
220.274 535.00000
220.779 3410.00000
221.283 3559.00000
221.787 3519.00000
222.292 3569.00000
222.797 23.00000
223.301 3527.00000
223.806 3513.00000
224.310 3427.00000
224.814 3556.00000
225.319 3406.00000
225.823 3421.00000
226.328 3559.00000
226.832 3504.00000
227.337 3518.00000
227.842 3501.00000
228.346 3415.00000
228.851 3419.00000
229.356 3507.00000
229.860 3543.00000
230.365 3512.00000
230.869 3503.00000
231.374 3495.00000
231.879 3536.00000
232.383 3517.00000
232.888 3493.00000
233.392 490.00000
233.897 3506.00000
234.401 3491.00000
234.906 3496.00000
235.410 3487.00000
235.915 9.00000
236.420 3493.00000
236.925 3504.00000
237.429 3489.00000
237.934 3504.00000
238.438 3488.00000
238.943 3508.00000
239.447 3505.00000
239.952 3493.00000
240.456 3495.00000
240.961 3489.00000
241.465 3504.00000
241.970 3493.00000
242.474 3513.00000
242.978 3504.00000
243.483 3515.00000
243.987 3483.00000
244.492 3485.00000
244.996 3489.00000
245.501 3494.00000
246.006 3485.00000
246.511 5.00000
247.016 3489.00000
247.520 3492.00000
248.025 3486.00000
248.529 3493.00000
249.034 3478.00000
249.539 3476.00000
250.043 3479.00000
250.548 3479.00000
251.053 3481.00000
251.558 3478.00000
252.062 3477.00000
252.567 3478.00000
253.071 3474.00000
253.576 3477.00000
254.080 3482.00000
254.584 3484.00000
255.089 3477.00000
255.594 3496.00000
256.098 3487.00000
256.603 3478.00000
257.107 75.00000
257.612 3485.00000
258.117 3479.00000
258.622 3485.00000
259.126 3486.00000
259.631 347.00000
260.135 3493.00000
260.640 3491.00000
261.145 3483.00000
261.649 3479.00000
262.154 3485.00000
262.658 3491.00000
263.163 3482.00000
263.668 3489.00000
264.173 3490.00000
264.677 3492.00000
265.182 3492.00000
265.686 3481.00000
266.191 3483.00000
266.696 3503.00000
267.200 3485.00000
267.704 88.00000
268.209 3485.00000
268.713 3485.00000
269.218 3500.00000
269.722 3495.00000
270.227 2.00000
270.731 3496.00000
271.236 3501.00000
271.740 3495.00000
272.245 3500.00000
272.749 3485.00000
273.254 3491.00000
273.758 3495.00000
274.263 3495.00000
274.768 3502.00000
275.272 3513.00000
275.777 3502.00000
276.282 3500.00000
276.786 3504.00000
277.291 3512.00000
277.795 3510.00000
278.300 3505.00000
278.804 3510.00000
279.309 3507.00000
279.813 3517.00000
280.318 3503.00000
280.822 12.00000
281.327 3515.00000
281.832 3514.00000
282.337 3506.00000
282.841 3515.00000
283.345 350.00000
283.850 3526.00000
284.355 3566.00000
284.860 3509.00000
285.364 3610.00000
285.869 3526.00000
286.374 3532.00000
286.878 3523.00000
287.383 3538.00000
287.887 3561.00000
288.392 3520.00000
288.897 3515.00000
289.401 3530.00000
289.906 3612.00000
290.411 3606.00000
290.915 3625.00000
291.420 32.00000
291.924 3561.00000
292.429 3553.00000
292.933 3535.00000
293.438 3605.00000
293.943 3545.00000
294.448 3548.00000
294.952 3610.00000
295.457 3609.00000
295.961 3619.00000
296.466 3602.00000
296.970 3608.00000
297.475 3622.00000
297.980 3611.00000
298.484 3609.00000
298.989 3557.00000
299.493 3610.00000
299.998 3613.00000
300.503 3603.00000
301.007 3621.00000
301.512 3604.00000
302.016 608.00000
302.521 3610.00000
303.025 3613.00000
303.530 3624.00000
304.035 3625.00000
304.539 7.00000
305.044 3608.00000
305.549 3615.00000
306.053 3633.00000
306.558 3619.00000
307.062 3617.00000
307.567 3621.00000
308.072 3615.00000
308.576 3630.00000
309.081 3633.00000
309.585 3629.00000
310.090 3632.00000
310.595 3627.00000
311.099 3623.00000
311.604 3645.00000
312.109 3629.00000
312.614 3632.00000
313.119 3630.00000
313.623 3634.00000
314.128 0.00000
314.632 0.00000
315.137 0.00000
315.641 0.00000
316.146 0.00000
316.651 0.00000
317.155 0.00000
317.660 0.00000
318.164 0.00000
318.669 0.00000
319.174 0.00000
319.679 0.00000
320.184 0.00000
320.689 0.00000
321.193 0.00000
321.698 0.00000
322.202 0.00000
322.707 0.00000
323.212 0.00000
323.716 0.00000
324.221 3638.00000
324.726 0.00000
325.230 3656.00000
325.734 3657.00000
326.239 3682.00000
326.743 3678.00000
327.248 142.00000
327.752 0.00000
328.257 72.00000
328.761 72.00000
329.266 72.00000
329.771 72.00000
330.275 72.00000
330.780 7.00000
331.284 72.00000
331.789 72.00000
332.293 72.00000
332.797 72.00000
333.302 72.00000
333.807 72.00000
334.312 72.00000
334.816 77.00000
335.321 72.00000
335.825 72.00000
336.329 72.00000
336.833 72.00000
337.338 72.00000
337.842 72.00000
338.347 72.00000
338.851 72.00000
339.356 72.00000
339.860 72.00000
340.365 72.00000
340.869 72.00000
341.374 72.00000
341.879 72.00000
342.383 72.00000
342.887 72.00000
343.392 72.00000
343.896 72.00000
344.401 2.00000
344.905 72.00000
345.410 72.00000
345.914 72.00000
346.419 72.00000
346.924 72.00000
347.428 72.00000
347.933 72.00000
348.437 72.00000
348.942 72.00000
349.447 72.00000
349.952 72.00000
350.456 72.00000
350.961 75.00000
351.465 79.00000
351.970 76.00000
352.475 9.00000
352.979 76.00000
353.483 76.00000
353.988 77.00000
354.493 76.00000
354.997 75.00000
355.502 75.00000
356.007 72.00000
356.511 72.00000
357.016 72.00000
357.520 72.00000
358.025 72.00000
358.529 72.00000
359.033 72.00000
359.538 72.00000
360.043 72.00000
360.547 72.00000
361.052 72.00000
361.557 72.00000
362.061 72.00000
362.566 72.00000
363.071 72.00000
363.575 72.00000
364.079 72.00000
364.584 72.00000
365.088 72.00000
365.593 72.00000
366.097 72.00000
366.601 72.00000
367.106 72.00000
367.610 72.00000
368.115 72.00000
368.619 2.00000
369.124 72.00000
369.628 72.00000
370.133 72.00000
370.637 72.00000
371.142 72.00000
371.647 72.00000
372.151 72.00000
372.656 72.00000
373.160 72.00000
373.665 72.00000
374.170 72.00000
374.674 72.00000
375.178 72.00000
375.683 72.00000
376.188 72.00000
376.692 72.00000
377.196 72.00000
377.701 72.00000
378.206 72.00000
378.710 72.00000
379.215 72.00000
379.719 72.00000
380.224 72.00000
380.729 72.00000
381.233 72.00000
381.738 72.00000
382.243 72.00000
382.747 76.00000
383.252 76.00000
383.757 80.00000
384.261 82.00000
384.766 8.00000
385.271 93.00000
385.775 96.00000
386.280 101.00000
386.784 104.00000
387.289 109.00000
387.793 107.00000
388.298 111.00000
388.802 111.00000
389.307 117.00000
389.812 111.00000
390.316 111.00000
390.821 115.00000
391.325 112.00000
391.830 112.00000
392.335 112.00000
392.839 114.00000
393.343 112.00000
393.848 113.00000
394.352 113.00000
394.857 114.00000
395.361 115.00000
395.866 113.00000
396.370 114.00000
396.875 114.00000
397.380 112.00000
397.884 16.00000
398.389 112.00000
398.893 117.00000
399.397 119.00000
399.902 116.00000
400.407 11.00000
400.911 110.00000
401.416 112.00000
401.920 112.00000
402.425 112.00000
402.930 111.00000
403.435 112.00000
403.939 111.00000
404.444 112.00000
404.948 111.00000
405.453 111.00000
405.957 112.00000
406.462 112.00000
406.967 111.00000
407.472 112.00000
407.977 109.00000
408.481 110.00000
408.986 111.00000
409.491 110.00000
409.995 108.00000
410.500 109.00000
411.004 110.00000
411.509 110.00000
412.014 109.00000
412.518 109.00000
413.023 109.00000
413.528 109.00000
414.032 108.00000
414.537 108.00000
415.041 106.00000
415.546 107.00000
416.050 8.00000
416.554 106.00000
417.059 106.00000
417.563 108.00000
418.068 106.00000
418.572 10.00000
419.076 107.00000
419.581 106.00000
420.085 106.00000
420.590 107.00000
421.095 108.00000
421.599 110.00000
422.104 109.00000
422.609 110.00000
423.113 111.00000
423.618 111.00000
424.123 111.00000
424.627 111.00000
425.131 112.00000
425.636 112.00000
426.140 112.00000
426.645 113.00000
427.149 113.00000
427.654 115.00000
428.158 115.00000
428.662 114.00000
429.167 113.00000
429.671 115.00000
430.175 112.00000
430.680 113.00000
431.185 112.00000
431.689 111.00000
432.193 111.00000
432.698 112.00000
433.202 112.00000
433.707 112.00000
434.211 112.00000
434.715 113.00000
435.219 113.00000
435.724 113.00000
436.228 113.00000
436.733 13.00000
437.237 113.00000
437.742 114.00000
438.246 115.00000
438.751 115.00000
439.255 3.00000
439.760 112.00000
440.264 112.00000
440.768 111.00000
441.274 111.00000
441.778 111.00000
442.283 111.00000
442.787 114.00000
443.292 112.00000
443.796 112.00000
444.300 110.00000
444.805 110.00000
445.309 112.00000
445.814 111.00000
446.318 110.00000
446.823 110.00000
447.328 109.00000
447.832 111.00000
448.337 110.00000
448.841 111.00000
449.346 112.00000
449.850 112.00000
450.354 111.00000
450.859 111.00000
451.364 111.00000
451.868 111.00000
452.373 111.00000
452.877 111.00000
453.382 111.00000
453.887 112.00000
454.391 111.00000
454.896 111.00000
455.400 111.00000
455.905 111.00000
456.410 111.00000
456.915 111.00000
457.419 11.00000
457.924 112.00000
458.428 111.00000
458.933 112.00000
459.437 111.00000
459.942 2.00000
460.446 112.00000
460.950 111.00000
461.455 112.00000
461.959 111.00000
462.464 11.00000
462.968 112.00000
463.473 112.00000
463.977 112.00000
464.482 112.00000
464.987 112.00000
465.491 113.00000
465.996 115.00000
466.501 121.00000
467.005 129.00000
467.510 136.00000
468.014 143.00000
468.518 147.00000
469.022 143.00000
469.526 138.00000
470.031 137.00000
470.535 136.00000
471.040 136.00000
471.545 135.00000
472.050 138.00000
472.554 131.00000
473.058 31.00000
473.563 132.00000
474.068 131.00000
474.572 132.00000
475.076 131.00000
475.581 13.00000
476.086 132.00000
476.590 131.00000
477.095 132.00000
477.600 132.00000
478.104 131.00000
478.609 131.00000
479.113 131.00000
479.617 130.00000
480.121 130.00000
480.626 132.00000
481.130 128.00000
481.635 131.00000
482.139 132.00000
482.644 131.00000
483.148 130.00000
483.653 130.00000
484.157 130.00000
484.661 130.00000
485.165 130.00000
485.670 130.00000
486.174 130.00000
486.679 133.00000
487.183 132.00000
487.687 130.00000
488.192 131.00000
488.696 31.00000
489.201 130.00000
489.705 131.00000
490.210 131.00000
490.714 130.00000
491.219 13.00000
491.723 131.00000
492.228 130.00000
492.732 131.00000
493.237 131.00000
493.742 130.00000
494.246 130.00000
494.751 131.00000
495.256 130.00000
495.761 129.00000
496.265 130.00000
496.770 130.00000
497.275 130.00000
497.779 130.00000
498.284 130.00000
498.788 130.00000
499.293 130.00000
499.797 130.00000
500.301 131.00000
500.806 130.00000
501.311 132.00000
501.815 131.00000
502.320 131.00000
502.824 132.00000
503.329 131.00000
503.834 131.00000
504.338 131.00000
504.843 131.00000
505.348 131.00000
505.852 131.00000
506.357 131.00000
506.861 31.00000
507.366 132.00000
507.870 131.00000
508.375 130.00000
508.879 131.00000
509.384 13.00000
509.888 131.00000
510.393 131.00000
510.897 131.00000
511.401 130.00000
511.906 130.00000
512.410 130.00000
512.915 129.00000
513.419 129.00000
513.924 131.00000
514.428 131.00000
514.933 131.00000
515.437 132.00000
515.942 133.00000
516.447 134.00000
516.951 138.00000
517.456 143.00000
517.960 149.00000
518.465 154.00000
518.969 158.00000
519.474 161.00000
519.978 161.00000
520.483 161.00000
520.988 164.00000
521.492 167.00000
521.997 169.00000
522.502 2.00000
523.006 175.00000
523.511 179.00000
524.015 182.00000
524.520 186.00000
525.024 190.00000
525.529 191.00000
526.033 195.00000
526.538 199.00000
527.042 200.00000
527.546 201.00000
528.051 202.00000
528.555 206.00000
529.060 208.00000
529.565 211.00000
530.069 212.00000
530.574 212.00000
531.078 215.00000
531.583 217.00000
532.088 219.00000
532.592 219.00000
533.097 219.00000
533.601 219.00000
534.106 219.00000
534.610 220.00000
535.115 220.00000
535.619 2.00000
536.124 224.00000
536.629 226.00000
537.133 228.00000
537.637 230.00000
538.142 231.00000
538.647 232.00000
539.151 232.00000
539.655 231.00000
540.160 231.00000
540.665 232.00000
541.169 232.00000
541.673 234.00000
542.178 233.00000
542.682 233.00000
543.187 237.00000
543.691 236.00000
544.195 236.00000
544.700 239.00000
545.205 237.00000
545.709 236.00000
546.213 36.00000
546.718 236.00000
547.222 236.00000
547.727 235.00000
548.231 234.00000
548.736 7.00000
549.240 241.00000
549.745 239.00000
550.250 238.00000
550.754 240.00000
551.258 23.00000
551.763 238.00000
552.268 238.00000
552.772 237.00000
553.277 237.00000
553.782 237.00000
554.286 237.00000
554.790 237.00000
555.295 236.00000
555.799 238.00000
556.304 237.00000
556.808 238.00000
557.313 237.00000
557.818 237.00000
558.322 238.00000
558.827 238.00000
559.332 238.00000
559.836 239.00000
560.341 238.00000
560.846 240.00000
561.351 240.00000
561.856 240.00000
562.361 240.00000
562.865 239.00000
563.370 240.00000
563.874 240.00000
564.379 240.00000
564.883 240.00000
565.388 239.00000
565.893 239.00000
566.398 240.00000
566.902 9.00000
567.407 239.00000
567.912 239.00000
568.416 240.00000
568.921 241.00000
569.425 24.00000
569.930 240.00000
570.435 240.00000
570.939 244.00000
571.444 240.00000
571.948 240.00000
572.453 243.00000
572.957 242.00000
573.462 239.00000
573.966 241.00000
574.471 242.00000
574.975 239.00000
575.480 245.00000
575.985 237.00000
576.489 237.00000
576.993 237.00000
577.498 237.00000
578.002 236.00000
578.506 236.00000
579.011 235.00000
579.516 236.00000
580.020 237.00000
580.525 236.00000
581.030 236.00000
581.534 235.00000
582.039 235.00000
582.544 235.00000
583.048 236.00000
583.553 234.00000
584.058 235.00000
584.562 234.00000
585.067 4.00000
585.571 233.00000
586.076 234.00000
586.580 234.00000
587.084 234.00000
587.589 233.00000
588.094 233.00000
588.598 233.00000
589.103 233.00000
589.608 233.00000
590.112 233.00000
590.617 232.00000
591.122 232.00000
591.627 233.00000
592.131 233.00000
592.635 232.00000
593.140 3.00000
593.645 233.00000
594.150 233.00000
594.654 233.00000
595.159 233.00000
595.664 233.00000
596.169 232.00000
596.673 232.00000
597.178 233.00000
597.682 232.00000
598.187 233.00000
598.692 33.00000
599.196 232.00000
599.700 234.00000
600.205 233.00000
600.710 233.00000
601.215 233.00000
601.719 233.00000
602.224 234.00000
602.728 233.00000
603.233 233.00000
603.737 233.00000
604.242 233.00000
604.747 234.00000
605.251 234.00000
605.756 234.00000
606.260 237.00000
606.765 244.00000
607.269 246.00000
607.773 256.00000
608.278 261.00000
608.782 268.00000
609.287 3.00000
609.792 276.00000
610.296 3964.00000
610.801 282.00000
611.306 281.00000
611.811 284.00000
612.315 279.00000
612.820 277.00000
613.324 280.00000
613.829 278.00000
614.333 279.00000
614.838 281.00000
615.342 285.00000
615.847 289.00000
616.351 295.00000
616.856 295.00000
617.361 0.00000
617.865 307.00000
618.370 309.00000
618.875 313.00000
619.379 313.00000
619.884 31.00000
620.388 313.00000
620.893 316.00000
621.398 316.00000
621.903 0.00000
622.408 3951.00000
622.912 3956.00000
623.417 0.00000
623.921 3971.00000
624.426 3951.00000
624.931 3966.00000
625.435 3956.00000
625.940 3960.00000
626.445 3998.00000
626.949 3970.00000
627.453 3974.00000
627.958 968.00000
628.463 0.00000
628.968 3961.00000
629.472 3969.00000
629.977 3957.00000
630.481 396.00000
630.986 3997.00000
631.490 3955.00000
631.995 3949.00000
632.499 3965.00000
633.004 3986.00000
633.508 3968.00000
634.012 3958.00000
634.517 4009.00000
635.022 0.00000
635.527 3961.00000
636.031 3970.00000
636.536 3976.00000
637.040 3963.00000
637.545 3953.00000
638.049 3958.00000
638.554 3960.00000
639.059 3955.00000
639.563 3957.00000
640.068 3965.00000
640.572 0.00000
641.076 71.00000
641.581 3983.00000
642.085 3966.00000
642.590 3966.00000
643.094 3977.00000
643.599 7.00000
644.103 3972.00000
644.608 3974.00000
645.113 3972.00000
645.617 3961.00000
646.122 3963.00000
646.626 3953.00000
647.131 3964.00000
647.636 3964.00000
648.140 3973.00000
648.645 3960.00000
649.150 3947.00000
649.655 3957.00000
650.159 3961.00000
650.664 3976.00000
651.168 4005.00000
651.673 3947.00000
652.177 3948.00000
652.682 3962.00000
653.186 3955.00000
653.691 3965.00000
654.196 72.00000
654.700 3968.00000
655.205 3966.00000
655.709 3943.00000
656.214 3948.00000
656.718 396.00000
657.223 3966.00000
657.728 3950.00000
658.233 3950.00000
658.738 3951.00000
659.242 3955.00000
659.747 3955.00000
660.252 3959.00000
660.757 3960.00000
661.261 3955.00000
661.766 3966.00000
662.270 3961.00000
662.775 3954.00000
663.280 3958.00000
663.784 3969.00000
664.289 3958.00000
664.793 960.00000
665.297 3953.00000
665.802 3959.00000
666.306 3948.00000
666.811 3955.00000
667.316 393.00000
667.820 3952.00000
668.325 3942.00000
668.829 3952.00000
669.334 3969.00000
669.838 3946.00000
670.343 3963.00000
670.847 3948.00000
671.352 3941.00000
671.857 3942.00000
672.361 3969.00000
672.865 3949.00000
673.370 3948.00000
673.874 3940.00000
674.379 3946.00000
674.883 3939.00000
675.388 3943.00000
675.892 3948.00000
676.397 3947.00000
676.902 3933.00000
677.406 3947.00000
677.911 55.00000
678.415 3930.00000
678.920 313.00000
679.424 286.00000
679.929 304.00000
680.434 282.00000
680.940 285.00000
681.444 289.00000
681.948 297.00000
682.453 285.00000
682.957 280.00000
683.462 281.00000
683.966 278.00000
684.471 278.00000
684.975 280.00000
685.480 282.00000
685.985 281.00000
686.489 279.00000
686.994 282.00000
687.499 290.00000
688.004 291.00000
688.508 90.00000
689.013 290.00000
689.517 289.00000
690.022 288.00000
690.527 291.00000
691.031 29.00000
691.535 303.00000
692.040 308.00000
692.545 311.00000
693.049 311.00000
693.554 310.00000
694.058 310.00000
694.562 311.00000
695.066 311.00000
695.570 311.00000
696.074 311.00000
696.578 311.00000
697.083 312.00000
697.588 312.00000
698.092 313.00000
698.597 308.00000
699.101 301.00000
699.606 303.00000
700.111 304.00000
700.615 303.00000
701.120 304.00000
701.624 304.00000
702.129 305.00000
702.634 304.00000
703.138 308.00000
703.642 305.00000
704.147 7.00000
704.651 303.00000
705.155 304.00000
705.660 303.00000
706.164 303.00000
706.669 30.00000
707.173 303.00000
707.677 303.00000
708.181 303.00000
708.685 303.00000
709.190 30.00000
709.694 303.00000
710.199 305.00000
710.704 307.00000
711.208 313.00000
711.713 319.00000
712.218 323.00000
712.722 323.00000
713.227 325.00000
713.731 328.00000
714.236 336.00000
714.740 338.00000
715.245 341.00000
715.750 349.00000
716.254 341.00000
716.758 340.00000
717.262 340.00000
717.767 339.00000
718.272 340.00000
718.776 345.00000
719.281 346.00000
719.785 6.00000
720.290 347.00000
720.794 346.00000
721.299 347.00000
721.804 346.00000
722.308 34.00000
722.813 347.00000
723.317 344.00000
723.821 345.00000
724.326 347.00000
724.831 346.00000
725.335 345.00000
725.840 345.00000
726.345 344.00000
726.849 343.00000
727.353 343.00000
727.858 342.00000
728.362 342.00000
728.867 340.00000
729.371 342.00000
729.876 340.00000
730.380 0.00000
730.885 341.00000
731.389 344.00000
731.893 343.00000
732.398 341.00000
732.902 342.00000
733.406 342.00000
733.911 342.00000
734.415 341.00000
734.920 342.00000
735.425 342.00000
735.929 342.00000
736.433 340.00000
736.938 342.00000
737.443 346.00000
737.947 347.00000
738.452 46.00000
738.957 347.00000
739.461 346.00000
739.966 348.00000
740.470 347.00000
740.975 34.00000
741.480 346.00000
741.984 346.00000
742.488 346.00000
742.993 344.00000
743.498 336.00000
744.003 335.00000
744.507 336.00000
745.011 334.00000
745.516 337.00000
746.021 335.00000
746.526 335.00000
747.030 339.00000
747.534 335.00000
748.039 332.00000
748.543 329.00000
749.047 330.00000
749.552 332.00000
750.056 332.00000
750.561 332.00000
751.065 333.00000
751.570 329.00000
752.075 328.00000
752.580 329.00000
753.084 329.00000
753.589 328.00000
754.093 32.00000
754.598 329.00000
755.102 328.00000
755.607 328.00000
756.111 328.00000
756.616 330.00000
757.120 331.00000
757.625 331.00000
758.129 329.00000
758.634 327.00000
759.138 326.00000
759.643 325.00000
760.147 325.00000
760.651 326.00000
761.156 325.00000
761.660 327.00000
762.164 7.00000
762.669 329.00000
763.173 326.00000
763.678 329.00000
764.182 325.00000
764.686 326.00000
765.191 328.00000
765.695 330.00000
766.199 328.00000
766.704 331.00000
767.209 326.00000
767.714 325.00000
768.218 324.00000
768.723 329.00000
769.227 326.00000
769.732 323.00000
770.236 6.00000
770.741 323.00000
771.245 322.00000
771.750 323.00000
772.254 323.00000
772.759 323.00000
773.263 325.00000
773.768 323.00000
774.273 324.00000
774.777 324.00000
775.281 323.00000
775.786 324.00000
776.290 324.00000
776.795 324.00000
777.299 323.00000
777.803 322.00000
778.308 323.00000
778.812 323.00000
779.317 323.00000
779.821 323.00000
780.326 323.00000
780.831 323.00000
781.335 324.00000
781.840 329.00000
782.345 339.00000
782.850 348.00000
783.354 4.00000
783.859 362.00000
784.364 369.00000
784.869 377.00000
785.374 384.00000
785.878 393.00000
786.383 402.00000
786.887 409.00000
787.392 407.00000
787.897 412.00000
788.402 412.00000
788.907 413.00000
789.412 412.00000
789.917 416.00000
790.422 414.00000
790.927 415.00000
791.432 414.00000
791.937 414.00000
792.442 415.00000
792.946 415.00000
793.451 415.00000
793.956 6.00000
794.461 418.00000
794.965 417.00000
795.470 417.00000
795.975 418.00000
796.480 41.00000
796.984 418.00000
797.489 418.00000
797.994 420.00000
798.499 425.00000
799.003 429.00000
799.508 433.00000
800.013 436.00000
800.518 438.00000
801.023 439.00000
801.528 439.00000
802.032 441.00000
802.537 441.00000
803.041 443.00000
803.546 445.00000
804.051 446.00000
804.556 5.00000
805.061 445.00000
805.566 446.00000
806.070 447.00000
806.575 446.00000
807.080 446.00000
807.585 446.00000
808.089 447.00000
808.593 446.00000
809.098 447.00000
809.603 447.00000
810.107 446.00000
810.612 447.00000
811.116 447.00000
811.621 446.00000
812.126 447.00000
812.631 446.00000
813.136 446.00000
813.641 448.00000
814.146 449.00000
814.650 448.00000
815.155 447.00000
815.660 444.00000
816.165 445.00000
816.669 446.00000
817.173 444.00000
817.678 444.00000
818.183 445.00000
818.688 444.00000
819.192 444.00000
819.697 444.00000
820.202 3.00000
820.706 445.00000
821.211 446.00000
821.716 444.00000
822.221 444.00000
822.725 44.00000
823.230 445.00000
823.735 445.00000
824.240 446.00000
824.744 445.00000
825.249 445.00000
825.753 444.00000
826.258 444.00000
826.762 445.00000
827.267 445.00000
827.772 444.00000
828.277 445.00000
828.781 446.00000
829.285 445.00000
829.789 445.00000
830.294 446.00000
830.798 445.00000
831.303 445.00000
831.807 445.00000
832.312 445.00000
832.817 445.00000
833.321 445.00000
833.826 446.00000
834.331 446.00000
834.836 446.00000
835.340 444.00000
835.845 446.00000
836.349 446.00000
836.854 445.00000
837.359 447.00000
837.863 445.00000
838.368 45.00000
838.872 445.00000
839.377 445.00000
839.882 445.00000
840.387 445.00000
840.891 44.00000
841.396 445.00000
841.901 445.00000
842.406 445.00000
842.910 445.00000
843.415 445.00000
843.920 445.00000
844.425 445.00000
844.930 445.00000
845.435 445.00000
845.939 445.00000
846.444 445.00000
846.949 445.00000
847.454 445.00000
847.959 445.00000
848.464 445.00000
848.969 445.00000
849.474 445.00000
849.978 445.00000
850.483 445.00000
850.988 445.00000
851.493 445.00000
851.997 445.00000
852.501 446.00000
853.006 446.00000
853.511 446.00000
854.016 6.00000
854.521 444.00000
855.026 446.00000
855.530 445.00000
856.034 445.00000
856.539 44.00000
857.044 446.00000
857.549 445.00000
858.053 446.00000
858.558 445.00000
859.063 447.00000
859.568 447.00000
860.073 445.00000
860.578 445.00000
861.083 445.00000
861.587 445.00000
862.092 445.00000
862.597 445.00000
863.102 448.00000
863.607 449.00000
864.112 446.00000
864.616 446.00000
865.121 446.00000
865.626 446.00000
866.131 447.00000
866.635 451.00000
867.140 47.00000
867.645 449.00000
868.149 447.00000
868.654 446.00000
869.158 448.00000
869.663 4.00000
870.168 442.00000
870.673 446.00000
871.178 446.00000
871.683 447.00000
872.188 446.00000
872.693 448.00000
873.197 443.00000
873.703 446.00000
874.207 444.00000
874.711 444.00000
875.215 446.00000
875.719 446.00000
876.224 447.00000
876.728 447.00000
877.233 445.00000
877.737 447.00000
878.242 447.00000
878.746 446.00000
879.251 445.00000
879.755 448.00000
880.259 446.00000
880.764 445.00000
881.269 448.00000
881.773 446.00000
882.278 444.00000
882.782 447.00000
883.287 446.00000
883.792 446.00000
884.296 448.00000
884.800 446.00000
885.305 446.00000
885.810 447.00000
886.314 447.00000
886.819 446.00000
887.323 448.00000
887.828 6.00000
888.332 445.00000
888.837 447.00000
889.341 447.00000
889.846 446.00000
890.350 44.00000
890.855 450.00000
891.361 446.00000
891.865 447.00000
892.370 447.00000
892.875 447.00000
893.379 447.00000
893.884 449.00000
894.388 447.00000
894.893 447.00000
895.398 447.00000
895.903 446.00000
896.407 446.00000
896.912 447.00000
897.417 448.00000
897.921 450.00000
898.426 456.00000
898.931 470.00000
899.436 3963.00000
899.940 494.00000
900.445 527.00000
900.949 509.00000
901.454 520.00000
901.959 533.00000
902.464 533.00000
902.968 562.00000
903.473 54.00000
903.977 552.00000
904.482 1178.00000
904.986 553.00000
905.491 1195.00000
905.996 580.00000
906.500 561.00000
907.004 573.00000
907.509 1229.00000
908.014 565.00000
908.518 585.00000
909.023 567.00000
909.528 565.00000
910.032 566.00000
910.537 565.00000
911.041 568.00000
911.546 66.00000
912.051 567.00000
912.555 589.00000
913.060 562.00000
913.565 563.00000
914.069 566.00000
914.574 566.00000
915.078 564.00000
915.583 575.00000
916.088 566.00000
916.592 563.00000
917.097 562.00000
917.601 3950.00000
918.106 563.00000
918.611 564.00000
919.116 566.00000
919.620 67.00000
920.125 565.00000
920.630 568.00000
921.135 568.00000
921.639 566.00000
922.144 567.00000
922.649 573.00000
923.153 591.00000
923.658 1227.00000
924.163 576.00000
924.667 569.00000
925.172 576.00000
925.677 590.00000
926.182 1229.00000
926.686 563.00000
927.191 566.00000
927.696 588.00000
928.200 565.00000
928.705 589.00000
929.209 568.00000
929.714 564.00000
930.219 8.00000
930.723 562.00000
931.228 3934.00000
931.732 567.00000
932.237 564.00000
932.741 580.00000
933.246 567.00000
933.750 561.00000
934.255 560.00000
934.760 554.00000
935.264 563.00000
935.769 582.00000
936.273 563.00000
936.778 1215.00000
937.282 554.00000
937.786 542.00000
938.291 535.00000
938.796 533.00000
939.300 528.00000
939.805 528.00000
940.309 527.00000
940.814 28.00000
941.318 528.00000
941.823 528.00000
942.328 531.00000
942.832 1186.00000
943.337 3.00000
943.842 522.00000
944.346 549.00000
944.851 521.00000
945.355 524.00000
945.860 551.00000
946.364 525.00000
946.869 523.00000
947.373 520.00000
947.878 521.00000
948.382 521.00000
948.887 520.00000
949.392 520.00000
949.897 520.00000
950.401 518.00000
950.905 518.00000
951.410 20.00000
951.915 518.00000
952.419 519.00000
952.924 520.00000
953.428 520.00000
953.933 520.00000
954.438 520.00000
954.943 519.00000
955.448 520.00000
955.952 522.00000
956.457 520.00000
956.962 520.00000
957.466 522.00000
957.971 521.00000
958.476 521.00000
958.980 521.00000
959.485 52.00000
959.990 521.00000
960.494 518.00000
960.999 517.00000
961.503 517.00000
962.008 517.00000
962.513 518.00000
963.018 518.00000
963.522 518.00000
964.027 519.00000
964.532 519.00000
965.036 17.00000
965.540 519.00000
966.045 518.00000
966.550 519.00000
967.054 519.00000
967.558 519.00000
968.063 520.00000
968.567 518.00000
969.072 520.00000
969.576 520.00000
970.080 518.00000
970.584 521.00000
971.089 521.00000
971.594 521.00000
972.098 520.00000
972.603 520.00000
973.107 9.00000
973.611 523.00000
974.116 519.00000
974.620 519.00000
975.125 520.00000
975.630 528.00000
976.134 518.00000
976.638 517.00000
977.143 515.00000
977.648 516.00000
978.152 515.00000
978.657 515.00000
979.162 515.00000
979.666 515.00000
980.171 515.00000
980.676 519.00000
981.180 517.00000
981.685 514.00000
982.190 517.00000
982.695 514.00000
983.200 515.00000
983.705 51.00000
984.209 516.00000
984.714 519.00000
985.219 516.00000
985.723 516.00000
986.228 516.00000
986.733 516.00000
987.238 516.00000
987.742 516.00000
988.247 517.00000
988.751 516.00000
989.256 16.00000
989.761 516.00000
990.265 517.00000
990.770 516.00000
991.275 516.00000
991.779 517.00000
992.283 517.00000
992.788 517.00000
993.292 517.00000
993.796 520.00000
994.301 517.00000
994.805 520.00000
995.309 520.00000
995.813 519.00000
996.319 515.00000
996.824 515.00000
997.329 19.00000
997.834 516.00000
998.338 515.00000
998.843 515.00000
999.347 515.00000
999.852 51.00000
1000.357 514.00000
1000.861 514.00000
1001.366 514.00000
1001.871 515.00000
1002.375 515.00000
1002.880 514.00000
1003.384 514.00000
1003.889 514.00000
1004.393 514.00000
1004.898 514.00000
1005.403 515.00000
1005.907 516.00000
1006.412 517.00000
1006.917 516.00000
1007.421 516.00000
1007.926 519.00000
1008.430 519.00000
1008.935 519.00000
1009.440 517.00000
1009.945 516.00000
1010.450 7.00000
1010.954 516.00000
1011.460 515.00000
1011.965 516.00000
1012.469 515.00000
1012.974 515.00000
1013.478 515.00000
1013.983 515.00000
1014.488 515.00000
1014.992 515.00000
1015.497 515.00000
1016.002 515.00000
1016.507 515.00000
1017.011 515.00000
1017.516 515.00000
1018.021 515.00000
1018.526 516.00000
1019.031 516.00000
1019.535 519.00000
1020.040 523.00000
1020.545 540.00000
1021.049 51.00000
1021.553 517.00000
1022.058 515.00000
1022.563 516.00000
1023.067 517.00000
1023.571 516.00000
1024.076 516.00000
1024.580 516.00000
1025.085 516.00000
1025.590 518.00000
1026.095 517.00000
1026.599 125.00000
1027.104 517.00000
1027.608 1118.00000
1028.113 524.00000
1028.617 517.00000
1029.122 54.00000
1029.627 524.00000
1030.131 1118.00000
1030.636 537.00000
1031.140 520.00000
1031.645 520.00000
1032.150 520.00000
1032.654 519.00000
1033.159 518.00000
1033.663 516.00000
1034.168 503.00000
1034.673 497.00000
1035.177 489.00000
1035.682 485.00000
1036.186 478.00000
1036.690 472.00000
1037.195 69.00000
1037.699 464.00000
1038.204 491.00000
1038.709 466.00000
1039.213 455.00000
1039.718 44.00000
1040.223 437.00000
1040.727 429.00000
1041.232 426.00000
1041.737 428.00000
1042.242 424.00000
1042.747 422.00000
1043.252 416.00000
1043.757 404.00000
1044.261 396.00000
1044.766 390.00000
1045.270 384.00000
1045.774 378.00000
1046.279 371.00000
1046.784 364.00000
1047.289 353.00000
1047.794 44.00000
1048.299 336.00000
1048.803 331.00000
1049.308 332.00000
1049.813 321.00000
1050.317 31.00000
1050.822 336.00000
1051.327 3976.00000
1051.832 312.00000
1052.336 306.00000
1052.841 272.00000
1053.346 264.00000
1053.850 249.00000
1054.356 236.00000
1054.860 220.00000
1055.365 214.00000
1055.870 221.00000
