1.547 48.19741
2.386 48.19741
2.389 48.19741
2.427 48.19741
2.467 48.19741
2.507 48.19741
3.386 48.19740
3.389 48.19740
3.427 48.19740
3.467 48.19740
3.507 48.19740
4.386 48.19740
4.389 48.19740
4.427 48.19740
4.467 48.19740
4.507 48.19740
5.386 48.19740
5.389 48.19740
5.427 48.19740
5.467 48.19740
5.507 48.19740
6.386 48.19739
6.390 48.19739
6.427 48.19739
6.467 48.19739
6.507 48.19739
7.386 48.19737
7.390 48.19737
7.426 48.19737
7.467 48.19737
7.507 48.19737
8.386 48.19737
8.390 48.19737
8.427 48.19737
8.467 48.19737
8.507 48.19737
9.387 48.19736
9.390 48.19736
9.427 48.19736
9.468 48.19736
9.508 48.19736
10.387 48.19736
10.390 48.19736
10.428 48.19736
10.468 48.19736
10.508 48.19736
11.387 48.19735
11.390 48.19735
11.427 48.19735
11.468 48.19735
11.508 48.19735
12.387 48.19735
12.390 48.19735
12.427 48.19735
12.468 48.19735
12.508 48.19735
13.387 48.19734
13.390 48.19734
13.427 48.19734
13.468 48.19734
13.508 48.19734
14.387 48.19733
14.390 48.19733
14.427 48.19733
14.467 48.19733
14.508 48.19733
15.387 48.19732
15.390 48.19732
15.427 48.19732
15.467 48.19732
15.508 48.19732
16.387 48.19731
16.390 48.19731
16.427 48.19731
16.467 48.19731
16.507 48.19731
17.387 48.19731
17.390 48.19731
17.427 48.19731
17.467 48.19731
17.507 48.19731
18.387 48.19729
18.390 48.19729
18.427 48.19729
18.467 48.19729
18.507 48.19729
19.387 48.19729
19.390 48.19729
19.427 48.19729
19.467 48.19729
19.507 48.19729
20.387 48.19728
20.390 48.19728
20.427 48.19728
20.467 48.19728
20.508 48.19728
21.387 48.19727
21.390 48.19727
21.427 48.19727
21.467 48.19727
21.507 48.19727
22.387 48.19726
22.390 48.19726
22.427 48.19726
22.467 48.19726
22.507 48.19726
23.387 48.19726
23.390 48.19726
23.427 48.19726
23.467 48.19726
23.507 48.19726
24.387 48.19725
24.391 48.19725
24.427 48.19725
24.467 48.19725
24.507 48.19725
25.387 48.19724
25.391 48.19724
25.427 48.19724
25.467 48.19724
25.507 48.19724
26.387 48.19723
26.391 48.19723
26.427 48.19723
26.467 48.19723
26.507 48.19723
27.387 48.19723
27.391 48.19723
27.427 48.19723
27.467 48.19723
27.507 48.19723
28.387 48.19721
28.390 48.19721
28.428 48.19721
28.468 48.19721
28.508 48.19721
29.387 48.19720
29.390 48.19720
29.428 48.19720
29.468 48.19720
29.508 48.19720
30.387 48.19719
30.390 48.19719
30.428 48.19719
30.468 48.19719
30.508 48.19719
31.387 48.19719
31.390 48.19719
31.428 48.19719
31.468 48.19719
31.508 48.19719
32.387 48.19718
32.390 48.19718
32.428 48.19718
32.468 48.19718
32.508 48.19718
33.387 48.19717
33.390 48.19717
33.428 48.19717
33.468 48.19717
33.508 48.19717
34.387 48.19716
34.390 48.19716
34.428 48.19716
34.468 48.19716
34.508 48.19716
35.387 48.19715
35.390 48.19715
35.428 48.19715
35.468 48.19715
35.508 48.19715
36.387 48.19714
36.390 48.19714
36.427 48.19714
36.468 48.19714
36.508 48.19714
37.387 48.19713
37.390 48.19713
37.427 48.19713
37.468 48.19713
37.508 48.19713
38.387 48.19713
38.390 48.19713
38.427 48.19713
38.468 48.19713
38.508 48.19713
39.387 48.19712
39.390 48.19712
39.427 48.19712
39.467 48.19712
39.508 48.19712
40.387 48.19711
40.390 48.19711
40.427 48.19711
40.468 48.19711
40.508 48.19711
41.387 48.19710
41.390 48.19710
41.427 48.19710
41.467 48.19710
41.507 48.19710
42.387 48.19709
42.391 48.19709
42.427 48.19709
42.467 48.19709
42.508 48.19709
43.387 48.19708
43.391 48.19708
43.427 48.19708
43.467 48.19708
43.508 48.19708
44.387 48.19707
44.391 48.19707
44.427 48.19707
44.467 48.19707
44.507 48.19707
45.387 48.19706
45.391 48.19706
45.428 48.19706
45.468 48.19706
45.508 48.19706
46.388 48.19706
46.391 48.19706
46.428 48.19706
46.468 48.19706
46.508 48.19706
47.388 48.19705
47.391 48.19705
47.428 48.19705
47.468 48.19705
47.509 48.19705
48.388 48.19704
48.391 48.19704
48.428 48.19704
48.468 48.19704
48.508 48.19704
49.388 48.19703
49.391 48.19703
49.428 48.19703
49.468 48.19703
49.508 48.19703
50.388 48.19702
50.391 48.19702
50.428 48.19702
50.468 48.19702
50.508 48.19702
51.388 48.19701
51.391 48.19701
51.428 48.19701
51.468 48.19701
51.508 48.19701
52.388 48.19700
52.391 48.19700
52.428 48.19700
52.468 48.19700
52.508 48.19700
53.388 48.19700
53.391 48.19700
53.428 48.19700
53.468 48.19700
53.508 48.19700
54.387 48.19699
54.391 48.19699
54.428 48.19699
54.468 48.19699
54.508 48.19699
55.387 48.19698
55.390 48.19698
55.428 48.19698
55.468 48.19698
55.508 48.19698
56.388 48.19697
56.390 48.19697
56.428 48.19697
56.468 48.19697
56.508 48.19697
57.387 48.19696
57.390 48.19696
57.428 48.19696
57.468 48.19696
57.508 48.19696
58.387 48.19696
58.390 48.19696
58.428 48.19696
58.468 48.19696
58.508 48.19696
59.387 48.19695
59.390 48.19695
59.428 48.19695
59.468 48.19695
59.508 48.19695
60.387 48.19694
60.390 48.19694
60.428 48.19694
60.468 48.19694
60.508 48.19694
61.387 48.19693
61.391 48.19693
61.427 48.19693
61.468 48.19693
61.508 48.19693
62.387 48.19692
62.391 48.19692
62.427 48.19692
62.468 48.19692
62.508 48.19692
63.387 48.19692
63.391 48.19692
63.428 48.19692
63.468 48.19692
63.508 48.19692
64.388 48.19691
64.391 48.19691
64.429 48.19691
64.469 48.19691
64.509 48.19691
65.388 48.19691
65.391 48.19691
65.429 48.19691
65.469 48.19691
65.509 48.19691
66.388 48.19690
66.391 48.19690
66.428 48.19690
66.468 48.19690
66.509 48.19690
67.388 48.19690
67.391 48.19690
67.429 48.19690
67.469 48.19690
67.509 48.19690
68.388 48.19689
68.391 48.19689
68.428 48.19689
68.468 48.19689
68.509 48.19689
69.388 48.19688
69.391 48.19688
69.428 48.19688
69.468 48.19688
69.509 48.19688
70.388 48.19688
70.391 48.19688
70.428 48.19688
70.468 48.19688
70.509 48.19688
71.388 48.19687
71.391 48.19687
71.428 48.19687
71.468 48.19687
71.509 48.19687
72.388 48.19687
72.391 48.19687
72.428 48.19687
72.468 48.19687
72.508 48.19687
73.388 48.19687
73.391 48.19687
73.428 48.19687
73.468 48.19687
73.508 48.19687
74.388 48.19686
74.391 48.19686
74.428 48.19686
74.468 48.19686
74.508 48.19686
75.388 48.19686
75.391 48.19686
75.428 48.19686
75.468 48.19686
75.508 48.19686
76.388 48.19685
76.391 48.19685
76.428 48.19685
76.468 48.19685
76.508 48.19685
77.388 48.19685
77.391 48.19685
77.428 48.19685
77.468 48.19685
77.508 48.19685
78.388 48.19685
78.391 48.19685
78.428 48.19685
78.468 48.19685
78.508 48.19685
79.388 48.19684
79.392 48.19684
79.428 48.19684
79.468 48.19684
79.508 48.19684
80.388 48.19684
80.392 48.19684
80.428 48.19684
80.468 48.19684
80.508 48.19684
81.388 48.19683
81.391 48.19683
81.428 48.19683
81.468 48.19683
81.508 48.19683
82.388 48.19684
82.392 48.19684
82.428 48.19684
82.468 48.19684
82.508 48.19684
83.388 48.19684
83.391 48.19684
83.429 48.19684
83.469 48.19684
83.509 48.19684
84.388 48.19683
84.391 48.19683
84.429 48.19683
84.469 48.19683
84.509 48.19683
85.388 48.19684
85.391 48.19684
85.429 48.19684
85.469 48.19684
85.509 48.19684
86.388 48.19684
86.391 48.19684
86.429 48.19684
86.469 48.19684
86.509 48.19684
87.388 48.19684
87.391 48.19684
87.429 48.19684
87.469 48.19684
87.509 48.19684
88.388 48.19684
88.391 48.19684
88.429 48.19684
88.469 48.19684
88.509 48.19684
89.388 48.19684
89.391 48.19684
89.428 48.19684
89.469 48.19684
89.509 48.19684
90.388 48.19684
90.391 48.19684
90.428 48.19684
90.469 48.19684
90.509 48.19684
91.388 48.19684
91.391 48.19684
91.428 48.19684
91.469 48.19684
91.509 48.19684
92.388 48.19684
92.391 48.19684
92.428 48.19684
92.469 48.19684
92.509 48.19684
93.388 48.19684
93.391 48.19684
93.428 48.19684
93.468 48.19684
93.508 48.19684
94.388 48.19684
94.391 48.19684
94.428 48.19684
94.468 48.19684
94.509 48.19684
95.388 48.19684
95.391 48.19684
95.428 48.19684
95.468 48.19684
95.509 48.19684
96.388 48.19684
96.391 48.19684
96.428 48.19684
96.468 48.19684
96.509 48.19684
97.388 48.19684
97.392 48.19684
97.428 48.19684
97.468 48.19684
97.509 48.19684
98.388 48.19684
98.392 48.19684
98.428 48.19684
98.468 48.19684
98.508 48.19684
99.388 48.19684
99.392 48.19684
99.428 48.19684
99.468 48.19684
99.508 48.19684
100.388 48.19684
100.392 48.19684
100.428 48.19684
100.468 48.19684
100.508 48.19684
101.389 48.19684
101.392 48.19684
101.429 48.19684
101.469 48.19684
101.509 48.19684
102.389 48.19684
102.392 48.19684
102.429 48.19684
102.469 48.19684
102.509 48.19684
103.389 48.19684
103.392 48.19684
103.429 48.19684
103.469 48.19684
103.509 48.19684
104.389 48.19683
104.392 48.19683
104.429 48.19683
104.469 48.19683
104.509 48.19683
105.389 48.19683
105.392 48.19683
105.429 48.19683
105.469 48.19683
105.509 48.19683
106.389 48.19684
106.392 48.19684
106.429 48.19684
106.469 48.19684
106.509 48.19684
107.389 48.19684
107.392 48.19684
107.429 48.19684
107.469 48.19684
107.509 48.19684
108.389 48.19684
108.391 48.19684
108.429 48.19684
108.469 48.19684
108.509 48.19684
109.388 48.19684
109.391 48.19684
109.429 48.19684
109.469 48.19684
109.509 48.19684
110.388 48.19684
110.391 48.19684
110.429 48.19684
110.469 48.19684
110.509 48.19684
111.388 48.19685
111.391 48.19685
111.429 48.19685
111.469 48.19685
111.509 48.19685
112.388 48.19685
112.391 48.19685
112.429 48.19685
112.469 48.19685
112.509 48.19685
113.388 48.19685
113.391 48.19685
113.429 48.19685
113.469 48.19685
113.509 48.19685
114.388 48.19686
114.391 48.19686
114.429 48.19686
114.469 48.19686
114.509 48.19686
115.388 48.19687
115.392 48.19687
115.429 48.19687
115.469 48.19687
115.509 48.19687
116.388 48.19687
116.392 48.19687
116.428 48.19687
116.469 48.19687
116.509 48.19687
117.388 48.19687
117.392 48.19687
117.429 48.19687
117.469 48.19687
117.509 48.19687
118.389 48.19687
118.392 48.19687
118.429 48.19687
118.470 48.19687
118.510 48.19687
119.389 48.19687
119.392 48.19687
119.429 48.19687
119.470 48.19687
119.510 48.19687
120.389 48.19687
120.392 48.19687
120.429 48.19687
120.469 48.19687
120.510 48.19687
121.389 48.19688
121.392 48.19688
121.429 48.19688
121.470 48.19688
121.510 48.19688
122.389 48.19689
122.392 48.19689
122.429 48.19689
122.469 48.19689
122.510 48.19689
123.389 48.19689
123.392 48.19689
123.429 48.19689
123.469 48.19689
123.510 48.19689
124.389 48.19689
124.392 48.19689
124.429 48.19689
124.469 48.19689
124.510 48.19689
125.389 48.19690
125.392 48.19690
125.429 48.19690
125.469 48.19690
125.510 48.19690
126.389 48.19690
126.392 48.19690
126.429 48.19690
126.469 48.19690
126.509 48.19690
127.389 48.19690
127.392 48.19690
127.429 48.19690
127.469 48.19690
127.509 48.19690
128.389 48.19691
128.392 48.19691
128.429 48.19691
128.469 48.19691
128.509 48.19691
129.389 48.19691
129.392 48.19691
129.429 48.19691
129.469 48.19691
129.509 48.19691
130.389 48.19691
130.392 48.19691
130.429 48.19691
130.469 48.19691
130.509 48.19691
131.389 48.19690
131.392 48.19690
131.429 48.19690
131.469 48.19690
131.509 48.19690
132.389 48.19690
132.393 48.19690
132.429 48.19690
132.469 48.19690
132.509 48.19690
133.389 48.19690
133.393 48.19690
133.429 48.19690
133.469 48.19690
133.509 48.19690
134.389 48.19689
134.393 48.19689
134.429 48.19689
134.469 48.19689
134.509 48.19689
135.389 48.19689
135.393 48.19689
135.429 48.19689
135.469 48.19689
135.509 48.19689
136.389 48.19688
136.392 48.19688
136.430 48.19688
136.470 48.19688
136.510 48.19688
137.389 48.19688
137.392 48.19688
137.430 48.19688
137.470 48.19688
137.510 48.19688
138.389 48.19687
138.392 48.19687
138.430 48.19687
138.470 48.19687
138.510 48.19687
139.389 48.19687
139.392 48.19687
139.430 48.19687
139.470 48.19687
139.510 48.19687
140.389 48.19687
140.392 48.19687
140.430 48.19687
140.470 48.19687
140.510 48.19687
141.389 48.19686
141.392 48.19686
141.430 48.19686
141.470 48.19686
141.510 48.19686
142.389 48.19685
142.392 48.19685
142.429 48.19685
142.470 48.19685
142.510 48.19685
143.389 48.19685
143.392 48.19685
143.430 48.19685
143.470 48.19685
143.510 48.19685
144.389 48.19684
144.392 48.19684
144.430 48.19684
144.470 48.19684
144.510 48.19684
145.389 48.19683
145.392 48.19683
145.429 48.19683
145.470 48.19683
145.510 48.19683
146.389 48.19683
146.392 48.19683
146.429 48.19683
146.470 48.19683
146.510 48.19683
147.389 48.19683
147.392 48.19683
147.429 48.19683
147.470 48.19683
147.510 48.19683
148.389 48.19682
148.392 48.19682
148.429 48.19682
148.469 48.19682
148.510 48.19682
149.389 48.19682
149.392 48.19682
149.429 48.19682
149.469 48.19682
149.510 48.19682
150.389 48.19681
150.392 48.19681
150.429 48.19681
150.469 48.19681
150.510 48.19681
151.389 48.19681
151.393 48.19681
151.429 48.19681
151.469 48.19681
151.509 48.19681
152.389 48.19680
152.393 48.19680
152.429 48.19680
152.469 48.19680
152.509 48.19680
153.389 48.19679
153.393 48.19679
153.429 48.19679
153.469 48.19679
153.509 48.19679
154.389 48.19679
154.393 48.19679
154.429 48.19679
154.469 48.19679
154.509 48.19679
155.390 48.19679
155.393 48.19679
155.430 48.19679
155.470 48.19679
155.510 48.19679
156.390 48.19679
156.393 48.19679
156.430 48.19679
156.470 48.19679
156.510 48.19679
157.390 48.19679
157.393 48.19679
157.430 48.19679
157.470 48.19679
157.510 48.19679
158.390 48.19678
158.393 48.19678
158.430 48.19678
158.470 48.19678
158.510 48.19678
159.390 48.19678
159.393 48.19678
159.430 48.19678
159.470 48.19678
159.510 48.19678
160.390 48.19678
160.393 48.19678
160.430 48.19678
160.470 48.19678
160.510 48.19678
161.390 48.19678
161.393 48.19678
161.430 48.19678
161.470 48.19678
161.510 48.19678
162.390 48.19678
162.392 48.19678
162.430 48.19678
162.470 48.19678
162.510 48.19678
163.389 48.19678
163.392 48.19678
163.430 48.19678
163.470 48.19678
163.510 48.19678
164.389 48.19678
164.392 48.19678
164.430 48.19678
164.470 48.19678
164.510 48.19678
165.389 48.19678
165.392 48.19678
165.430 48.19678
165.470 48.19678
165.510 48.19678
166.389 48.19678
166.392 48.19678
166.430 48.19678
166.470 48.19678
166.510 48.19678
167.389 48.19679
167.392 48.19679
167.430 48.19679
167.470 48.19679
167.510 48.19679
168.389 48.19679
168.392 48.19679
168.430 48.19679
168.470 48.19679
168.510 48.19679
169.389 48.19679
169.393 48.19679
169.429 48.19679
169.470 48.19679
169.510 48.19679
170.389 48.19679
170.393 48.19679
170.429 48.19679
170.470 48.19679
170.510 48.19679
171.389 48.19679
171.393 48.19679
171.429 48.19679
171.470 48.19679
171.510 48.19679
172.390 48.19679
172.393 48.19679
172.430 48.19679
172.471 48.19679
172.511 48.19679
173.390 48.19679
173.393 48.19679
173.431 48.19679
173.471 48.19679
173.511 48.19679
174.390 48.19679
174.393 48.19679
174.430 48.19679
174.470 48.19679
174.511 48.19679
175.390 48.19679
175.393 48.19679
175.430 48.19679
175.471 48.19679
175.511 48.19679
176.390 48.19679
176.393 48.19679
176.431 48.19679
176.471 48.19679
176.511 48.19679
177.390 48.19678
177.393 48.19678
177.430 48.19678
177.470 48.19678
177.511 48.19678
178.390 48.19678
178.393 48.19678
178.430 48.19678
178.470 48.19678
178.510 48.19678
179.390 48.19678
179.393 48.19678
179.430 48.19678
179.470 48.19678
179.511 48.19678
180.390 48.19678
180.393 48.19678
180.430 48.19678
180.470 48.19678
180.510 48.19678
181.390 48.19678
181.393 48.19678
181.430 48.19678
181.470 48.19678
181.510 48.19678
182.390 48.19678
182.393 48.19678
182.430 48.19678
182.470 48.19678
182.510 48.19678
183.390 48.19678
183.393 48.19678
183.430 48.19678
183.470 48.19678
183.510 48.19678
184.390 48.19678
184.393 48.19678
184.430 48.19678
184.470 48.19678
184.510 48.19678
185.390 48.19677
185.393 48.19677
185.430 48.19677
185.470 48.19677
185.510 48.19677
186.390 48.19677
186.393 48.19677
186.430 48.19677
186.470 48.19677
186.510 48.19677
187.390 48.19677
187.394 48.19677
187.430 48.19677
187.470 48.19677
187.510 48.19677
188.390 48.19677
188.394 48.19677
188.430 48.19677
188.470 48.19677
188.510 48.19677
189.389 48.19677
189.393 48.19677
189.430 48.19677
189.470 48.19677
189.510 48.19677
190.389 48.19676
190.393 48.19676
190.430 48.19676
190.470 48.19676
190.510 48.19676
191.390 48.19675
191.393 48.19675
191.431 48.19675
191.471 48.19675
191.511 48.19675
192.390 48.19675
192.393 48.19675
192.431 48.19675
192.471 48.19675
192.511 48.19675
193.390 48.19675
193.393 48.19675
193.431 48.19675
193.471 48.19675
193.511 48.19675
194.390 48.19675
194.393 48.19675
194.431 48.19675
194.471 48.19675
194.511 48.19675
195.390 48.19675
195.393 48.19675
195.431 48.19675
195.471 48.19675
195.511 48.19675
196.390 48.19675
196.393 48.19675
196.431 48.19675
196.471 48.19675
196.511 48.19675
197.390 48.19675
197.393 48.19675
197.430 48.19675
197.471 48.19675
197.511 48.19675
198.390 48.19675
198.393 48.19675
198.430 48.19675
198.471 48.19675
198.511 48.19675
199.390 48.19674
199.393 48.19674
199.430 48.19674
199.470 48.19674
199.511 48.19674
200.390 48.19674
200.393 48.19674
200.430 48.19674
200.470 48.19674
200.511 48.19674
201.390 48.19674
201.393 48.19674
201.430 48.19674
201.470 48.19674
201.511 48.19674
202.390 48.19674
202.393 48.19674
202.430 48.19674
202.470 48.19674
202.511 48.19674
203.390 48.19674
203.393 48.19674
203.430 48.19674
203.471 48.19674
203.511 48.19674
204.390 48.19674
204.393 48.19674
204.430 48.19674
204.470 48.19674
204.511 48.19674
205.390 48.19674
205.394 48.19674
205.430 48.19674
205.470 48.19674
205.511 48.19674
206.390 48.19674
206.394 48.19674
206.430 48.19674
206.470 48.19674
206.511 48.19674
207.390 48.19674
207.394 48.19674
207.430 48.19674
207.470 48.19674
207.510 48.19674
208.390 48.19673
208.394 48.19673
208.430 48.19673
208.470 48.19673
208.510 48.19673
209.391 48.19673
209.394 48.19673
209.431 48.19673
209.471 48.19673
209.511 48.19673
210.391 48.19673
210.394 48.19673
210.431 48.19673
210.471 48.19673
210.511 48.19673
211.391 48.19673
211.394 48.19673
211.431 48.19673
211.471 48.19673
211.511 48.19673
212.391 48.19673
212.394 48.19673
212.431 48.19673
212.471 48.19673
212.511 48.19673
213.391 48.19672
213.394 48.19672
213.431 48.19672
213.471 48.19672
213.511 48.19672
214.391 48.19672
214.394 48.19672
214.431 48.19672
214.471 48.19672
214.511 48.19672
215.391 48.19671
215.393 48.19671
215.431 48.19671
215.471 48.19671
215.511 48.19671
216.391 48.19672
216.393 48.19672
216.431 48.19672
216.471 48.19672
216.511 48.19672
217.390 48.19671
217.393 48.19671
217.431 48.19671
217.471 48.19671
217.511 48.19671
218.390 48.19671
218.393 48.19671
218.431 48.19671
218.471 48.19671
218.511 48.19671
219.390 48.19671
219.393 48.19671
219.431 48.19671
219.471 48.19671
219.511 48.19671
220.390 48.19671
220.393 48.19671
220.431 48.19671
220.471 48.19671
220.511 48.19671
221.390 48.19671
221.393 48.19671
221.431 48.19671
221.471 48.19671
221.511 48.19671
222.390 48.19670
222.393 48.19670
222.431 48.19670
222.471 48.19670
222.511 48.19670
223.390 48.19670
223.394 48.19670
223.430 48.19670
223.471 48.19670
223.511 48.19670
224.390 48.19670
224.394 48.19670
224.430 48.19670
224.471 48.19670
224.511 48.19670
225.390 48.19670
225.394 48.19670
225.430 48.19670
225.471 48.19670
225.511 48.19670
226.390 48.19670
226.394 48.19670
226.431 48.19670
226.471 48.19670
226.511 48.19670
227.391 48.19670
227.394 48.19670
227.431 48.19670
227.471 48.19670
227.512 48.19670
228.391 48.19670
228.394 48.19670
228.431 48.19670
228.471 48.19670
228.512 48.19670
229.391 48.19670
229.394 48.19670
229.431 48.19670
229.471 48.19670
229.512 48.19670
230.391 48.19669
230.394 48.19669
230.431 48.19669
230.471 48.19669
230.511 48.19669
231.391 48.19669
231.394 48.19669
231.431 48.19669
231.471 48.19669
231.512 48.19669
232.391 48.19669
232.394 48.19669
232.431 48.19669
232.471 48.19669
232.511 48.19669
233.391 48.19669
233.394 48.19669
233.431 48.19669
233.471 48.19669
233.511 48.19669
234.391 48.19668
234.394 48.19668
234.431 48.19668
234.471 48.19668
234.511 48.19668
235.391 48.19668
235.394 48.19668
235.431 48.19668
235.471 48.19668
235.511 48.19668
236.391 48.19668
236.394 48.19668
236.431 48.19668
236.471 48.19668
236.511 48.19668
237.391 48.19668
237.394 48.19668
237.431 48.19668
237.471 48.19668
237.511 48.19668
238.391 48.19668
238.394 48.19668
238.431 48.19668
238.471 48.19668
238.511 48.19668
239.391 48.19668
239.394 48.19668
239.431 48.19668
239.471 48.19668
239.511 48.19668
240.391 48.19668
240.394 48.19668
240.431 48.19668
240.471 48.19668
240.511 48.19668
241.391 48.19667
241.395 48.19667
241.431 48.19667
241.471 48.19667
241.511 48.19667
242.391 48.19667
242.395 48.19667
242.431 48.19667
242.471 48.19667
242.511 48.19667
243.391 48.19667
243.395 48.19667
243.431 48.19667
243.471 48.19667
243.512 48.19667
244.390 48.19666
244.395 48.19666
244.431 48.19666
244.471 48.19666
244.511 48.19666
245.391 48.19666
245.395 48.19666
245.432 48.19666
245.472 48.19666
245.513 48.19666
246.391 48.19666
246.394 48.19666
246.432 48.19666
246.472 48.19666
246.512 48.19666
247.391 48.19666
247.394 48.19666
247.432 48.19666
247.472 48.19666
247.512 48.19666
248.391 48.19666
248.394 48.19666
248.432 48.19666
248.472 48.19666
248.512 48.19666
249.391 48.19666
249.394 48.19666
249.432 48.19666
249.472 48.19666
249.512 48.19666
250.391 48.19666
250.394 48.19666
250.432 48.19666
250.472 48.19666
250.512 48.19666
251.391 48.19666
251.394 48.19666
251.431 48.19666
251.472 48.19666
251.512 48.19666
252.391 48.19666
252.394 48.19666
252.431 48.19666
252.472 48.19666
252.512 48.19666
253.391 48.19666
253.394 48.19666
253.431 48.19666
253.472 48.19666
253.512 48.19666
254.391 48.19666
254.394 48.19666
254.432 48.19666
254.472 48.19666
254.513 48.19666
255.391 48.19666
255.394 48.19666
255.431 48.19666
255.471 48.19666
255.512 48.19666
256.391 48.19666
256.394 48.19666
256.431 48.19666
256.471 48.19666
256.511 48.19666
257.391 48.19666
257.394 48.19666
257.431 48.19666
257.472 48.19666
257.512 48.19666
258.391 48.19666
258.394 48.19666
258.431 48.19666
258.471 48.19666
258.511 48.19666
259.391 48.19666
259.394 48.19666
259.431 48.19666
259.471 48.19666
259.511 48.19666
260.391 48.19666
260.395 48.19666
260.431 48.19666
260.471 48.19666
260.512 48.19666
261.391 48.19666
261.395 48.19666
261.431 48.19666
261.471 48.19666
261.511 48.19666
262.391 48.19666
262.395 48.19666
262.431 48.19666
262.471 48.19666
262.511 48.19666
263.392 48.19666
263.395 48.19666
263.432 48.19666
263.472 48.19666
263.512 48.19666
264.392 48.19665
264.395 48.19665
264.432 48.19665
264.472 48.19665
264.512 48.19665
265.392 48.19665
265.395 48.19665
265.432 48.19665
265.472 48.19665
265.512 48.19665
266.392 48.19665
266.395 48.19665
266.432 48.19665
266.472 48.19665
266.512 48.19665
267.392 48.19665
267.395 48.19665
267.432 48.19665
267.472 48.19665
267.512 48.19665
268.392 48.19665
268.395 48.19665
268.432 48.19665
268.472 48.19665
268.512 48.19665
269.392 48.19665
269.394 48.19665
269.432 48.19665
269.472 48.19665
269.512 48.19665
270.391 48.19665
270.394 48.19665
270.432 48.19665
270.472 48.19665
270.512 48.19665
271.391 48.19664
271.394 48.19664
271.432 48.19664
271.472 48.19664
271.512 48.19664
272.391 48.19664
272.394 48.19664
272.432 48.19664
272.472 48.19664
272.512 48.19664
273.391 48.19665
273.394 48.19665
273.432 48.19665
273.472 48.19665
273.512 48.19665
274.391 48.19664
274.394 48.19664
274.432 48.19664
274.472 48.19664
274.512 48.19664
275.391 48.19664
275.394 48.19664
275.432 48.19664
275.472 48.19664
275.512 48.19664
276.391 48.19664
276.394 48.19664
276.432 48.19664
276.472 48.19664
276.512 48.19664
277.391 48.19664
277.394 48.19664
277.432 48.19664
277.472 48.19664
277.512 48.19664
278.391 48.19664
278.395 48.19664
278.432 48.19664
278.472 48.19664
278.512 48.19664
279.391 48.19664
279.395 48.19664
279.432 48.19664
279.472 48.19664
279.512 48.19664
280.392 48.19663
280.395 48.19663
280.432 48.19663
280.473 48.19663
280.513 48.19663
281.392 48.19663
281.395 48.19663
281.432 48.19663
281.472 48.19663
281.513 48.19663
282.392 48.19663
282.395 48.19663
282.432 48.19663
282.472 48.19663
282.513 48.19663
283.392 48.19663
283.395 48.19663
283.432 48.19663
283.472 48.19663
283.513 48.19663
284.392 48.19663
284.395 48.19663
284.432 48.19663
284.472 48.19663
284.513 48.19663
285.392 48.19663
285.395 48.19663
285.433 48.19663
285.473 48.19663
285.513 48.19663
286.392 48.19663
286.395 48.19663
286.432 48.19663
286.472 48.19663
286.512 48.19663
287.392 48.19662
287.395 48.19662
287.432 48.19662
287.472 48.19662
287.512 48.19662
288.392 48.19662
288.395 48.19662
288.433 48.19662
288.473 48.19662
288.513 48.19662
289.393 48.19662
289.395 48.19662
289.433 48.19662
289.473 48.19662
289.513 48.19662
290.392 48.19662
290.395 48.19662
290.432 48.19662
290.472 48.19662
290.512 48.19662
291.392 48.19662
291.395 48.19662
291.432 48.19662
291.472 48.19662
291.512 48.19662
292.392 48.19662
292.395 48.19662
292.433 48.19662
292.473 48.19662
292.513 48.19662
293.392 48.19662
293.395 48.19662
293.433 48.19662
293.473 48.19662
293.513 48.19662
294.392 48.19662
294.395 48.19662
294.432 48.19662
294.472 48.19662
294.512 48.19662
295.392 48.19662
295.395 48.19662
295.432 48.19662
295.472 48.19662
295.512 48.19662
296.392 48.19662
296.396 48.19662
296.432 48.19662
296.472 48.19662
296.512 48.19662
297.392 48.19662
297.395 48.19662
297.432 48.19662
297.472 48.19662
297.512 48.19662
298.391 48.19662
298.395 48.19662
298.432 48.19662
298.472 48.19662
298.512 48.19662
299.392 48.19662
299.395 48.19662
299.433 48.19662
299.473 48.19662
299.513 48.19662
300.392 48.19662
300.395 48.19662
300.433 48.19662
300.473 48.19662
300.513 48.19662
301.392 48.19662
301.395 48.19662
301.433 48.19662
301.473 48.19662
301.513 48.19662
302.392 48.19662
302.395 48.19662
302.433 48.19662
302.473 48.19662
302.513 48.19662
303.392 48.19662
303.395 48.19662
303.433 48.19662
303.473 48.19662
303.513 48.19662
304.392 48.19660
304.395 48.19660
304.433 48.19660
304.473 48.19660
304.513 48.19660
305.392 48.19660
305.395 48.19660
305.433 48.19660
305.473 48.19660
305.513 48.19660
306.392 48.19660
306.395 48.19660
306.432 48.19660
306.473 48.19660
306.513 48.19660
307.392 48.19660
307.395 48.19660
307.432 48.19660
307.473 48.19660
307.513 48.19660
308.392 48.19660
308.395 48.19660
308.432 48.19660
308.473 48.19660
308.513 48.19660
309.392 48.19660
309.395 48.19660
309.432 48.19660
309.473 48.19660
309.513 48.19660
310.392 48.19660
310.395 48.19660
310.432 48.19660
310.472 48.19660
310.513 48.19660
311.392 48.19660
311.395 48.19660
311.432 48.19660
311.472 48.19660
311.513 48.19660
312.392 48.19660
312.395 48.19660
312.432 48.19660
312.472 48.19660
312.513 48.19660
313.392 48.19660
313.395 48.19660
313.432 48.19660
313.472 48.19660
313.512 48.19660
314.392 48.19660
314.396 48.19660
314.432 48.19660
314.472 48.19660
314.512 48.19660
315.392 48.19660
315.396 48.19660
315.432 48.19660
315.472 48.19660
315.512 48.19660
316.392 48.19660
316.396 48.19660
316.432 48.19660
316.472 48.19660
316.512 48.19660
317.392 48.19660
317.396 48.19660
317.432 48.19660
317.472 48.19660
317.512 48.19660
318.393 48.19660
318.396 48.19660
318.433 48.19660
318.473 48.19660
318.514 48.19660
319.393 48.19660
319.396 48.19660
319.433 48.19660
319.473 48.19660
319.513 48.19660
320.393 48.19659
320.396 48.19659
320.433 48.19659
320.473 48.19659
320.513 48.19659
321.393 48.19659
321.396 48.19659
321.433 48.19659
321.473 48.19659
321.513 48.19659
322.393 48.19659
322.396 48.19659
322.433 48.19659
322.473 48.19659
322.513 48.19659
323.393 48.19658
323.396 48.19658
323.433 48.19658
323.473 48.19658
323.513 48.19658
324.393 48.19658
324.395 48.19658
324.433 48.19658
324.473 48.19658
324.513 48.19658
325.392 48.19658
325.395 48.19658
325.433 48.19658
325.473 48.19658
325.513 48.19658
326.392 48.19658
326.395 48.19658
326.433 48.19658
326.473 48.19658
326.513 48.19658
327.392 48.19658
327.395 48.19658
327.433 48.19658
327.473 48.19658
327.513 48.19658
328.392 48.19658
328.395 48.19658
328.433 48.19658
328.473 48.19658
328.513 48.19658
329.392 48.19658
329.395 48.19658
329.433 48.19658
329.473 48.19658
329.513 48.19658
330.392 48.19658
330.395 48.19658
330.433 48.19658
330.473 48.19658
330.513 48.19658
331.392 48.19658
331.395 48.19658
331.432 48.19658
331.473 48.19658
331.513 48.19658
332.392 48.19657
332.396 48.19657
332.432 48.19657
332.473 48.19657
332.513 48.19657
333.392 48.19657
333.396 48.19657
333.433 48.19657
333.473 48.19657
333.513 48.19657
334.392 48.19657
334.396 48.19657
334.432 48.19657
334.472 48.19657
334.513 48.19657
335.392 48.19657
335.396 48.19657
335.432 48.19657
335.473 48.19657
335.513 48.19657
336.393 48.19657
336.396 48.19657
336.433 48.19657
336.473 48.19657
336.514 48.19657
337.393 48.19657
337.396 48.19657
337.433 48.19657
337.474 48.19657
337.514 48.19657
338.393 48.19657
338.396 48.19657
338.433 48.19657
338.474 48.19657
338.514 48.19657
339.393 48.19657
339.396 48.19657
339.433 48.19657
339.473 48.19657
339.514 48.19657
340.393 48.19657
340.396 48.19657
340.434 48.19657
340.474 48.19657
340.514 48.19657
341.393 48.19657
341.396 48.19657
341.433 48.19657
341.473 48.19657
341.514 48.19657
342.393 48.19657
342.396 48.19657
342.433 48.19657
342.473 48.19657
342.514 48.19657
343.393 48.19657
343.396 48.19657
343.433 48.19657
343.473 48.19657
343.513 48.19657
344.393 48.19657
344.396 48.19657
344.433 48.19657
344.473 48.19657
344.513 48.19657
345.393 48.19657
345.396 48.19657
345.433 48.19657
345.473 48.19657
345.513 48.19657
346.393 48.19657
346.396 48.19657
346.433 48.19657
346.473 48.19657
346.513 48.19657
347.393 48.19657
347.396 48.19657
347.433 48.19657
347.473 48.19657
347.513 48.19657
348.393 48.19657
348.396 48.19657
348.433 48.19657
348.473 48.19657
348.513 48.19657
349.393 48.19657
349.396 48.19657
349.433 48.19657
349.473 48.19657
349.513 48.19657
350.393 48.19657
350.397 48.19657
350.433 48.19657
350.473 48.19657
350.513 48.19657
351.393 48.19657
351.397 48.19657
351.433 48.19657
351.473 48.19657
351.513 48.19657
352.392 48.19657
352.396 48.19657
352.433 48.19657
352.473 48.19657
352.513 48.19657
353.392 48.19656
353.396 48.19656
353.433 48.19656
353.473 48.19656
353.513 48.19656
354.393 48.19657
354.396 48.19657
354.434 48.19657
354.474 48.19657
354.514 48.19657
355.393 48.19656
355.396 48.19656
355.434 48.19656
355.474 48.19656
355.514 48.19656
356.393 48.19656
356.396 48.19656
356.434 48.19656
356.474 48.19656
356.514 48.19656
357.393 48.19656
357.396 48.19656
357.434 48.19656
357.474 48.19656
357.514 48.19656
358.393 48.19656
358.396 48.19656
358.433 48.19656
358.474 48.19656
358.514 48.19656
359.393 48.19656
359.396 48.19656
359.434 48.19656
359.474 48.19656
359.514 48.19656
360.393 48.19656
360.396 48.19656
360.433 48.19656
360.474 48.19656
360.514 48.19656
361.393 48.19656
361.396 48.19656
361.433 48.19656
361.474 48.19656
361.514 48.19656
362.393 48.19655
362.396 48.19655
362.433 48.19655
362.474 48.19655
362.514 48.19655
363.393 48.19655
363.396 48.19655
363.433 48.19655
363.473 48.19655
363.514 48.19655
364.393 48.19655
364.396 48.19655
364.433 48.19655
364.474 48.19655
364.514 48.19655
365.393 48.19655
365.396 48.19655
365.433 48.19655
365.474 48.19655
365.514 48.19655
366.393 48.19655
366.396 48.19655
366.433 48.19655
366.473 48.19655
366.514 48.19655
367.393 48.19655
367.396 48.19655
367.433 48.19655
367.474 48.19655
367.514 48.19655
368.393 48.19655
368.397 48.19655
368.433 48.19655
368.473 48.19655
368.514 48.19655
369.393 48.19654
369.397 48.19654
369.433 48.19654
369.473 48.19654
369.513 48.19654
370.393 48.19655
370.397 48.19655
370.433 48.19655
370.473 48.19655
370.513 48.19655
371.393 48.19655
371.397 48.19655
371.433 48.19655
371.473 48.19655
371.513 48.19655
372.394 48.19655
372.397 48.19655
372.434 48.19655
372.474 48.19655
372.514 48.19655
373.394 48.19655
373.397 48.19655
373.434 48.19655
373.474 48.19655
373.514 48.19655
374.394 48.19654
374.397 48.19654
374.434 48.19654
374.474 48.19654
374.514 48.19654
375.394 48.19654
375.397 48.19654
375.434 48.19654
375.474 48.19654
375.514 48.19654
376.394 48.19654
376.397 48.19654
376.434 48.19654
376.474 48.19654
376.514 48.19654
377.394 48.19654
377.396 48.19654
377.434 48.19654
377.474 48.19654
377.514 48.19654
378.394 48.19654
378.397 48.19654
378.434 48.19654
378.474 48.19654
378.514 48.19654
379.393 48.19654
379.396 48.19654
379.434 48.19654
379.474 48.19654
379.514 48.19654
380.393 48.19653
380.396 48.19653
380.434 48.19653
380.474 48.19653
380.514 48.19653
381.393 48.19653
381.396 48.19653
381.434 48.19653
381.474 48.19653
381.514 48.19653
382.393 48.19653
382.396 48.19653
382.434 48.19653
382.474 48.19653
382.514 48.19653
383.393 48.19653
383.396 48.19653
383.434 48.19653
383.474 48.19653
383.514 48.19653
384.393 48.19653
384.396 48.19653
384.433 48.19653
384.474 48.19653
384.514 48.19653
385.393 48.19653
385.397 48.19653
385.434 48.19653
385.474 48.19653
385.514 48.19653
386.393 48.19653
386.397 48.19653
386.433 48.19653
386.474 48.19653
386.514 48.19653
387.393 48.19653
387.397 48.19653
387.434 48.19653
387.474 48.19653
387.514 48.19653
388.393 48.19653
388.397 48.19653
388.433 48.19653
388.474 48.19653
388.514 48.19653
389.393 48.19653
389.397 48.19653
389.433 48.19653
389.473 48.19653
389.514 48.19653
390.394 48.19653
390.397 48.19653
390.434 48.19653
390.474 48.19653
390.515 48.19653
391.394 48.19653
391.397 48.19653
391.434 48.19653
391.474 48.19653
391.514 48.19653
392.394 48.19653
392.397 48.19653
392.434 48.19653
392.474 48.19653
392.515 48.19653
393.394 48.19653
393.397 48.19653
393.434 48.19653
393.474 48.19653
393.515 48.19653
394.394 48.19652
394.397 48.19652
394.434 48.19652
394.474 48.19652
394.514 48.19652
395.394 48.19652
395.397 48.19652
395.434 48.19652
395.474 48.19652
395.514 48.19652
396.394 48.19652
396.397 48.19652
396.434 48.19652
396.474 48.19652
396.514 48.19652
397.394 48.19652
397.397 48.19652
397.434 48.19652
397.474 48.19652
397.514 48.19652
398.394 48.19652
398.397 48.19652
398.434 48.19652
398.474 48.19652
398.514 48.19652
399.394 48.19652
399.397 48.19652
399.434 48.19652
399.474 48.19652
399.514 48.19652
400.394 48.19652
400.397 48.19652
400.434 48.19652
400.474 48.19652
400.514 48.19652
401.394 48.19651
401.397 48.19651
401.434 48.19651
401.474 48.19651
401.514 48.19651
402.394 48.19651
402.397 48.19651
402.434 48.19651
402.475 48.19651
402.515 48.19651
403.394 48.19651
403.397 48.19651
403.434 48.19651
403.474 48.19651
403.514 48.19651
404.394 48.19651
404.396 48.19651
404.434 48.19651
404.474 48.19651
404.514 48.19651
405.394 48.19651
405.397 48.19651
405.435 48.19651
405.475 48.19651
405.515 48.19651
406.393 48.19651
406.397 48.19651
406.434 48.19651
406.474 48.19651
406.514 48.19651
407.393 48.19651
407.397 48.19651
407.434 48.19651
407.474 48.19651
407.514 48.19651
408.393 48.19650
408.397 48.19650
408.434 48.19650
408.474 48.19650
408.514 48.19650
409.394 48.19650
409.397 48.19650
409.435 48.19650
409.475 48.19650
409.515 48.19650
410.394 48.19650
410.397 48.19650
410.435 48.19650
410.475 48.19650
410.515 48.19650
411.394 48.19650
411.397 48.19650
411.435 48.19650
411.475 48.19650
411.515 48.19650
412.394 48.19649
412.397 48.19649
412.435 48.19649
412.475 48.19649
412.515 48.19649
413.394 48.19649
413.397 48.19649
413.434 48.19649
413.475 48.19649
413.515 48.19649
414.394 48.19649
414.397 48.19649
414.435 48.19649
414.475 48.19649
414.515 48.19649
415.394 48.19649
415.397 48.19649
415.434 48.19649
415.474 48.19649
415.515 48.19649
416.394 48.19649
416.397 48.19649
416.434 48.19649
416.474 48.19649
416.515 48.19649
417.394 48.19649
417.397 48.19649
417.435 48.19649
417.475 48.19649
417.515 48.19649
418.394 48.19649
418.397 48.19649
418.434 48.19649
418.474 48.19649
418.515 48.19649
419.394 48.19649
419.397 48.19649
419.434 48.19649
419.474 48.19649
419.515 48.19649
420.394 48.19649
420.397 48.19649
420.434 48.19649
420.474 48.19649
420.515 48.19649
421.394 48.19649
421.397 48.19649
421.434 48.19649
421.474 48.19649
421.514 48.19649
422.394 48.19649
422.397 48.19649
422.434 48.19649
422.474 48.19649
422.515 48.19649
423.394 48.19648
423.398 48.19648
423.434 48.19648
423.474 48.19648
423.514 48.19648
424.394 48.19648
424.398 48.19648
424.434 48.19648
424.474 48.19648
424.514 48.19648
425.394 48.19648
425.398 48.19648
425.434 48.19648
425.474 48.19648
425.514 48.19648
426.395 48.19648
426.398 48.19648
426.435 48.19648
426.475 48.19648
426.516 48.19648
427.395 48.19648
427.398 48.19648
427.435 48.19648
427.475 48.19648
427.515 48.19648
428.395 48.19648
428.398 48.19648
428.435 48.19648
428.475 48.19648
428.515 48.19648
429.395 48.19648
429.398 48.19648
429.435 48.19648
429.475 48.19648
429.515 48.19648
430.395 48.19648
430.397 48.19648
430.435 48.19648
430.475 48.19648
430.515 48.19648
431.394 48.19647
431.397 48.19647
431.435 48.19647
431.475 48.19647
431.515 48.19647
432.394 48.19647
432.397 48.19647
432.435 48.19647
432.475 48.19647
432.515 48.19647
433.394 48.19647
433.397 48.19647
433.435 48.19647
433.475 48.19647
433.515 48.19647
434.394 48.19647
434.397 48.19647
434.435 48.19647
434.475 48.19647
434.515 48.19647
435.394 48.19647
435.397 48.19647
435.435 48.19647
435.475 48.19647
435.515 48.19647
436.394 48.19647
436.397 48.19647
436.435 48.19647
436.475 48.19647
436.515 48.19647
437.394 48.19646
437.397 48.19646
437.435 48.19646
437.475 48.19646
437.515 48.19646
438.394 48.19646
438.397 48.19646
438.435 48.19646
438.475 48.19646
438.515 48.19646
439.394 48.19646
439.397 48.19646
439.434 48.19646
439.475 48.19646
439.515 48.19646
440.394 48.19646
440.397 48.19646
440.434 48.19646
440.475 48.19646
440.515 48.19646
441.394 48.19646
441.398 48.19646
441.435 48.19646
441.475 48.19646
441.515 48.19646
442.394 48.19646
442.398 48.19646
442.434 48.19646
442.474 48.19646
442.515 48.19646
443.394 48.19646
443.398 48.19646
443.434 48.19646
443.474 48.19646
443.515 48.19646
444.394 48.19646
444.398 48.19646
444.434 48.19646
444.474 48.19646
444.515 48.19646
445.395 48.19646
445.398 48.19646
445.435 48.19646
445.475 48.19646
445.516 48.19646
446.395 48.19645
446.398 48.19645
446.435 48.19645
446.475 48.19645
446.515 48.19645
447.395 48.19645
447.398 48.19645
447.435 48.19645
447.475 48.19645
447.516 48.19645
448.395 48.19645
448.398 48.19645
448.435 48.19645
448.475 48.19645
448.515 48.19645
449.395 48.19645
449.398 48.19645
449.435 48.19645
449.475 48.19645
449.515 48.19645
450.395 48.19645
450.398 48.19645
450.435 48.19645
450.475 48.19645
450.515 48.19645
451.395 48.19645
451.398 48.19645
451.435 48.19645
451.475 48.19645
451.515 48.19645
452.395 48.19644
452.398 48.19644
452.435 48.19644
452.475 48.19644
452.515 48.19644
453.395 48.19644
453.398 48.19644
453.435 48.19644
453.475 48.19644
453.515 48.19644
454.395 48.19644
454.398 48.19644
454.435 48.19644
454.475 48.19644
454.515 48.19644
455.395 48.19644
455.398 48.19644
455.435 48.19644
455.475 48.19644
455.515 48.19644
456.395 48.19644
456.398 48.19644
456.435 48.19644
456.475 48.19644
456.515 48.19644
457.395 48.19644
457.397 48.19644
457.435 48.19644
457.475 48.19644
457.515 48.19644
458.395 48.19644
458.398 48.19644
458.435 48.19644
458.475 48.19644
458.515 48.19644
459.394 48.19643
459.397 48.19643
459.435 48.19643
459.475 48.19643
459.515 48.19643
460.394 48.19643
460.398 48.19643
460.435 48.19643
460.475 48.19643
460.515 48.19643
461.394 48.19643
461.398 48.19643
461.435 48.19643
461.475 48.19643
461.515 48.19643
462.394 48.19643
462.398 48.19643
462.435 48.19643
462.475 48.19643
462.515 48.19643
463.395 48.19643
463.398 48.19643
463.436 48.19643
463.476 48.19643
463.516 48.19643
464.395 48.19643
464.398 48.19643
464.436 48.19643
464.476 48.19643
464.516 48.19643
465.395 48.19643
465.398 48.19643
465.436 48.19643
465.476 48.19643
465.516 48.19643
466.395 48.19643
466.398 48.19643
466.436 48.19643
466.476 48.19643
466.516 48.19643
467.395 48.19643
467.398 48.19643
467.435 48.19643
467.476 48.19643
467.516 48.19643
468.395 48.19643
468.398 48.19643
468.435 48.19643
468.476 48.19643
468.516 48.19643
469.395 48.19643
469.398 48.19643
469.435 48.19643
469.475 48.19643
469.516 48.19643
470.395 48.19643
470.398 48.19643
470.435 48.19643
470.475 48.19643
470.516 48.19643
471.395 48.19643
471.398 48.19643
471.435 48.19643
471.475 48.19643
471.516 48.19643
472.395 48.19643
472.398 48.19643
472.435 48.19643
472.475 48.19643
472.515 48.19643
473.395 48.19643
473.398 48.19643
473.435 48.19643
473.475 48.19643
473.516 48.19643
474.395 48.19642
474.398 48.19642
474.435 48.19642
474.475 48.19642
474.516 48.19642
475.395 48.19643
475.398 48.19643
475.435 48.19643
475.475 48.19643
475.516 48.19643
476.395 48.19642
476.398 48.19642
476.435 48.19642
476.475 48.19642
476.515 48.19642
477.395 48.19642
477.398 48.19642
477.435 48.19642
477.475 48.19642
477.515 48.19642
478.395 48.19642
478.399 48.19642
478.435 48.19642
478.475 48.19642
478.515 48.19642
479.395 48.19642
479.399 48.19642
479.435 48.19642
479.475 48.19642
479.515 48.19642
480.395 48.19642
480.399 48.19642
480.435 48.19642
480.475 48.19642
480.515 48.19642
481.396 48.19642
481.399 48.19642
481.436 48.19642
481.476 48.19642
481.516 48.19642
482.396 48.19642
482.399 48.19642
482.436 48.19642
482.476 48.19642
482.516 48.19642
483.396 48.19642
483.399 48.19642
483.436 48.19642
483.476 48.19642
483.516 48.19642
484.396 48.19641
484.399 48.19641
484.436 48.19641
484.476 48.19641
484.516 48.19641
485.395 48.19641
485.399 48.19641
485.436 48.19641
485.476 48.19641
485.516 48.19641
486.395 48.19641
486.398 48.19641
486.436 48.19641
486.476 48.19641
486.516 48.19641
487.395 48.19641
487.398 48.19641
487.436 48.19641
487.476 48.19641
487.516 48.19641
488.395 48.19641
488.398 48.19641
488.436 48.19641
488.476 48.19641
488.516 48.19641
489.395 48.19641
489.398 48.19641
489.436 48.19641
489.476 48.19641
489.516 48.19641
490.395 48.19641
490.398 48.19641
490.436 48.19641
490.476 48.19641
490.516 48.19641
491.395 48.19641
491.398 48.19641
491.436 48.19641
491.476 48.19641
491.516 48.19641
492.395 48.19641
492.398 48.19641
492.436 48.19641
492.476 48.19641
492.516 48.19641
493.395 48.19640
493.398 48.19640
493.435 48.19640
493.476 48.19640
493.516 48.19640
494.395 48.19641
494.398 48.19641
494.435 48.19641
494.476 48.19641
494.516 48.19641
495.395 48.19640
495.398 48.19640
495.435 48.19640
495.475 48.19640
495.516 48.19640
496.395 48.19640
496.399 48.19640
496.435 48.19640
496.476 48.19640
496.516 48.19640
497.395 48.19640
497.399 48.19640
497.435 48.19640
497.475 48.19640
497.516 48.19640
498.395 48.19640
498.399 48.19640
498.435 48.19640
498.475 48.19640
498.516 48.19640
499.396 48.19640
499.400 48.19640
499.436 48.19640
499.476 48.19640
499.516 48.19640
500.396 48.19640
500.399 48.19640
500.436 48.19640
500.476 48.19640
500.517 48.19640
501.396 48.19640
501.399 48.19640
501.436 48.19640
501.476 48.19640
501.516 48.19640
502.396 48.19640
502.399 48.19640
502.436 48.19640
502.476 48.19640
502.516 48.19640
503.396 48.19640
503.399 48.19640
503.436 48.19640
503.476 48.19640
503.516 48.19640
504.396 48.19640
504.399 48.19640
504.436 48.19640
504.476 48.19640
504.516 48.19640
505.396 48.19640
505.399 48.19640
505.436 48.19640
505.476 48.19640
505.516 48.19640
506.396 48.19639
506.399 48.19639
506.436 48.19639
506.476 48.19639
506.516 48.19639
507.396 48.19639
507.399 48.19639
507.436 48.19639
507.476 48.19639
507.516 48.19639
508.396 48.19639
508.399 48.19639
508.436 48.19639
508.476 48.19639
508.516 48.19639
509.396 48.19639
509.399 48.19639
509.436 48.19639
509.476 48.19639
509.516 48.19639
510.396 48.19639
510.399 48.19639
510.436 48.19639
510.476 48.19639
510.516 48.19639
511.396 48.19639
511.399 48.19639
511.436 48.19639
511.476 48.19639
511.516 48.19639
512.395 48.19639
512.398 48.19639
512.436 48.19639
512.476 48.19639
512.516 48.19639
513.395 48.19639
513.398 48.19639
513.436 48.19639
513.476 48.19639
513.516 48.19639
514.395 48.19639
514.399 48.19639
514.436 48.19639
514.476 48.19639
514.516 48.19639
515.395 48.19639
515.399 48.19639
515.436 48.19639
515.476 48.19639
515.516 48.19639
516.395 48.19639
516.399 48.19639
516.436 48.19639
516.476 48.19639
516.516 48.19639
517.395 48.19639
517.399 48.19639
517.436 48.19639
517.476 48.19639
517.516 48.19639
518.396 48.19639
518.399 48.19639
518.437 48.19639
518.477 48.19639
518.517 48.19639
519.396 48.19639
519.399 48.19639
519.436 48.19639
519.477 48.19639
519.517 48.19639
520.396 48.19639
520.399 48.19639
520.436 48.19639
520.477 48.19639
520.517 48.19639
521.396 48.19639
521.399 48.19639
521.436 48.19639
521.477 48.19639
521.517 48.19639
522.396 48.19639
522.399 48.19639
522.436 48.19639
522.477 48.19639
522.517 48.19639
523.396 48.19639
523.399 48.19639
523.436 48.19639
523.476 48.19639
523.517 48.19639
524.396 48.19639
524.399 48.19639
524.436 48.19639
524.476 48.19639
524.516 48.19639
525.396 48.19639
525.399 48.19639
525.436 48.19639
525.476 48.19639
525.517 48.19639
526.396 48.19639
526.399 48.19639
526.436 48.19639
526.476 48.19639
526.517 48.19639
527.396 48.19639
527.399 48.19639
527.436 48.19639
527.476 48.19639
527.516 48.19639
528.396 48.19639
528.399 48.19639
528.436 48.19639
528.476 48.19639
528.516 48.19639
529.396 48.19639
529.399 48.19639
529.436 48.19639
529.476 48.19639
529.516 48.19639
530.396 48.19639
530.399 48.19639
530.436 48.19639
530.476 48.19639
530.516 48.19639
531.396 48.19639
531.399 48.19639
531.436 48.19639
531.476 48.19639
531.516 48.19639
532.396 48.19639
532.400 48.19639
532.436 48.19639
532.476 48.19639
532.516 48.19639
533.396 48.19639
533.400 48.19639
533.436 48.19639
533.476 48.19639
533.516 48.19639
534.396 48.19639
534.400 48.19639
534.436 48.19639
534.476 48.19639
534.516 48.19639
535.396 48.19639
535.400 48.19639
535.436 48.19639
535.476 48.19639
535.516 48.19639
536.397 48.19638
536.400 48.19638
536.437 48.19638
536.477 48.19638
536.517 48.19638
537.397 48.19638
537.400 48.19638
537.437 48.19638
537.477 48.19638
537.517 48.19638
538.397 48.19638
538.400 48.19638
538.437 48.19638
538.477 48.19638
538.517 48.19638
539.396 48.19638
539.399 48.19638
539.437 48.19638
539.477 48.19638
539.517 48.19638
540.396 48.19638
540.399 48.19638
540.437 48.19638
540.477 48.19638
540.517 48.19638
541.396 48.19638
541.399 48.19638
541.437 48.19638
541.477 48.19638
541.517 48.19638
542.396 48.19638
542.401 48.19638
542.437 48.19638
542.477 48.19638
542.517 48.19638
543.396 48.19638
543.399 48.19638
543.437 48.19638
543.477 48.19638
543.517 48.19638
544.396 48.19638
544.399 48.19638
544.437 48.19638
544.477 48.19638
544.517 48.19638
545.396 48.19638
545.399 48.19638
545.437 48.19638
545.477 48.19638
545.517 48.19638
546.396 48.19637
546.399 48.19637
546.437 48.19637
546.477 48.19637
546.517 48.19637
547.396 48.19637
547.399 48.19637
547.437 48.19637
547.477 48.19637
547.517 48.19637
548.396 48.19637
548.399 48.19637
548.436 48.19637
548.477 48.19637
548.517 48.19637
549.396 48.19637
549.399 48.19637
549.436 48.19637
549.476 48.19637
549.517 48.19637
550.396 48.19637
550.400 48.19637
550.436 48.19637
550.477 48.19637
550.517 48.19637
551.396 48.19637
551.400 48.19637
551.436 48.19637
551.476 48.19637
551.517 48.19637
552.396 48.19637
552.400 48.19637
552.436 48.19637
552.477 48.19637
552.517 48.19637
553.396 48.19637
553.400 48.19637
553.436 48.19637
553.476 48.19637
553.517 48.19637
554.397 48.19637
554.400 48.19637
554.437 48.19637
554.477 48.19637
554.517 48.19637
555.397 48.19637
555.400 48.19637
555.437 48.19637
555.477 48.19637
555.517 48.19637
556.397 48.19637
556.400 48.19637
556.437 48.19637
556.477 48.19637
556.517 48.19637
557.397 48.19636
557.400 48.19636
557.437 48.19636
557.477 48.19636
557.517 48.19636
558.397 48.19636
558.400 48.19636
558.437 48.19636
558.477 48.19636
558.517 48.19636
559.397 48.19636
559.400 48.19636
559.437 48.19636
559.477 48.19636
559.517 48.19636
560.397 48.19636
560.400 48.19636
560.437 48.19636
560.477 48.19636
560.517 48.19636
561.397 48.19636
561.400 48.19636
561.437 48.19636
561.477 48.19636
561.517 48.19636
562.397 48.19636
562.400 48.19636
562.437 48.19636
562.477 48.19636
562.517 48.19636
563.397 48.19636
563.400 48.19636
563.437 48.19636
563.477 48.19636
563.517 48.19636
564.397 48.19636
564.400 48.19636
564.437 48.19636
564.477 48.19636
564.517 48.19636
565.397 48.19636
565.400 48.19636
565.437 48.19636
565.477 48.19636
565.517 48.19636
566.397 48.19636
566.400 48.19636
566.437 48.19636
566.477 48.19636
566.517 48.19636
567.397 48.19636
567.399 48.19636
567.437 48.19636
567.477 48.19636
567.517 48.19636
568.396 48.19636
568.400 48.19636
568.437 48.19636
568.477 48.19636
568.517 48.19636
569.397 48.19636
569.400 48.19636
569.438 48.19636
569.478 48.19636
569.518 48.19636
570.396 48.19636
570.400 48.19636
570.438 48.19636
570.478 48.19636
570.518 48.19636
571.397 48.19636
571.400 48.19636
571.438 48.19636
571.478 48.19636
571.518 48.19636
572.397 48.19636
572.400 48.19636
572.438 48.19636
572.478 48.19636
572.518 48.19636
573.397 48.19636
573.400 48.19636
573.437 48.19636
573.478 48.19636
573.518 48.19636
574.397 48.19636
574.400 48.19636
574.438 48.19636
574.478 48.19636
574.518 48.19636
575.397 48.19636
575.400 48.19636
575.438 48.19636
575.478 48.19636
575.518 48.19636
576.397 48.19636
576.400 48.19636
576.437 48.19636
576.477 48.19636
576.518 48.19636
577.397 48.19635
577.400 48.19635
577.437 48.19635
577.477 48.19635
577.518 48.19635
578.397 48.19636
578.400 48.19636
578.437 48.19636
578.478 48.19636
578.518 48.19636
579.397 48.19635
579.400 48.19635
579.437 48.19635
579.478 48.19635
579.518 48.19635
580.397 48.19635
580.400 48.19635
580.437 48.19635
580.477 48.19635
580.518 48.19635
581.397 48.19635
581.400 48.19635
581.437 48.19635
581.477 48.19635
581.517 48.19635
582.397 48.19635
582.400 48.19635
582.437 48.19635
582.477 48.19635
582.517 48.19635
583.397 48.19635
583.400 48.19635
583.437 48.19635
583.478 48.19635
583.518 48.19635
584.397 48.19635
584.400 48.19635
584.437 48.19635
584.477 48.19635
584.518 48.19635
585.397 48.19635
585.400 48.19635
585.437 48.19635
585.477 48.19635
585.517 48.19635
586.397 48.19634
586.401 48.19634
586.437 48.19634
586.477 48.19634
586.517 48.19634
587.397 48.19634
587.401 48.19634
587.437 48.19634
587.477 48.19634
587.517 48.19634
588.397 48.19634
588.401 48.19634
588.437 48.19634
588.477 48.19634
588.517 48.19634
589.397 48.19634
589.401 48.19634
589.437 48.19634
589.477 48.19634
589.517 48.19634
590.398 48.19634
590.401 48.19634
590.438 48.19634
590.478 48.19634
590.518 48.19634
591.398 48.19634
591.401 48.19634
591.438 48.19634
591.478 48.19634
591.518 48.19634
592.398 48.19633
592.401 48.19633
592.438 48.19633
592.478 48.19633
592.518 48.19633
593.397 48.19633
593.400 48.19633
593.438 48.19633
593.478 48.19633
593.518 48.19633
594.397 48.19633
594.400 48.19633
594.438 48.19633
594.478 48.19633
594.518 48.19633
595.397 48.19633
595.400 48.19633
595.438 48.19633
595.478 48.19633
595.518 48.19633
596.398 48.19633
596.400 48.19633
596.438 48.19633
596.478 48.19633
596.518 48.19633
597.397 48.19633
597.400 48.19633
597.438 48.19633
597.478 48.19633
597.518 48.19633
598.397 48.19633
598.400 48.19633
598.438 48.19633
598.478 48.19633
598.518 48.19633
599.397 48.19633
599.400 48.19633
599.438 48.19633
599.478 48.19633
599.518 48.19633
600.397 48.19632
600.400 48.19632
600.438 48.19632
600.479 48.19632
600.519 48.19632
601.397 48.19632
601.400 48.19632
601.437 48.19632
601.478 48.19632
601.518 48.19632
602.397 48.19632
602.400 48.19632
602.437 48.19632
602.478 48.19632
602.518 48.19632
603.397 48.19632
603.400 48.19632
603.437 48.19632
603.478 48.19632
603.518 48.19632
604.398 48.19632
604.400 48.19632
604.439 48.19632
604.479 48.19632
604.519 48.19632
605.397 48.19632
605.401 48.19632
605.437 48.19632
605.478 48.19632
605.518 48.19632
606.397 48.19631
606.401 48.19631
606.437 48.19631
606.477 48.19631
606.518 48.19631
607.397 48.19631
607.401 48.19631
607.437 48.19631
607.477 48.19631
607.518 48.19631
608.398 48.19631
608.401 48.19631
608.439 48.19631
608.479 48.19631
608.519 48.19631
609.398 48.19631
609.401 48.19631
609.438 48.19631
609.478 48.19631
609.519 48.19631
610.398 48.19631
610.401 48.19631
610.438 48.19631
610.478 48.19631
610.518 48.19631
611.398 48.19631
611.401 48.19631
611.438 48.19631
611.478 48.19631
611.518 48.19631
612.398 48.19631
612.401 48.19631
612.438 48.19631
612.478 48.19631
612.518 48.19631
613.398 48.19631
613.401 48.19631
613.438 48.19631
613.478 48.19631
613.518 48.19631
614.398 48.19631
614.401 48.19631
614.438 48.19631
614.478 48.19631
614.518 48.19631
615.398 48.19630
615.401 48.19630
615.438 48.19630
615.478 48.19630
615.518 48.19630
616.398 48.19630
616.401 48.19630
616.438 48.19630
616.478 48.19630
616.518 48.19630
617.398 48.19630
617.401 48.19630
617.438 48.19630
617.478 48.19630
617.518 48.19630
618.398 48.19630
618.401 48.19630
618.438 48.19630
618.478 48.19630
618.518 48.19630
619.398 48.19630
619.401 48.19630
619.438 48.19630
619.478 48.19630
619.518 48.19630
620.398 48.19630
620.401 48.19630
620.438 48.19630
620.478 48.19630
620.518 48.19630
621.397 48.19631
621.400 48.19631
621.438 48.19631
621.478 48.19631
621.518 48.19631
622.397 48.19631
622.401 48.19631
622.438 48.19631
622.478 48.19631
622.518 48.19631
623.397 48.19631
623.400 48.19631
623.438 48.19631
623.478 48.19631
623.518 48.19631
624.397 48.19632
624.401 48.19632
624.438 48.19632
624.478 48.19632
624.518 48.19632
625.397 48.19632
625.401 48.19632
625.438 48.19632
625.478 48.19632
625.518 48.19632
626.397 48.19633
626.401 48.19633
626.438 48.19633
626.478 48.19633
626.518 48.19633
627.398 48.19633
627.401 48.19633
627.438 48.19633
627.479 48.19633
627.519 48.19633
628.398 48.19634
628.401 48.19634
628.439 48.19634
628.479 48.19634
628.519 48.19634
629.398 48.19635
629.401 48.19635
629.439 48.19635
629.479 48.19635
629.519 48.19635
630.398 48.19636
630.401 48.19636
630.439 48.19636
630.479 48.19636
630.519 48.19636
631.398 48.19636
631.401 48.19636
631.438 48.19636
631.479 48.19636
631.519 48.19636
632.398 48.19636
632.401 48.19636
632.438 48.19636
632.479 48.19636
632.519 48.19636
633.398 48.19637
633.401 48.19637
633.438 48.19637
633.478 48.19637
633.519 48.19637
634.398 48.19638
634.401 48.19638
634.438 48.19638
634.478 48.19638
634.519 48.19638
635.398 48.19639
635.401 48.19639
635.438 48.19639
635.478 48.19639
635.519 48.19639
636.398 48.19639
636.401 48.19639
636.438 48.19639
636.478 48.19639
636.518 48.19639
637.398 48.19639
637.401 48.19639
637.438 48.19639
637.478 48.19639
637.518 48.19639
638.398 48.19640
638.401 48.19640
638.438 48.19640
638.478 48.19640
638.518 48.19640
639.398 48.19641
639.401 48.19641
639.438 48.19641
639.479 48.19641
639.519 48.19641
640.398 48.19641
640.401 48.19641
640.438 48.19641
640.479 48.19641
640.519 48.19641
641.398 48.19642
641.401 48.19642
641.438 48.19642
641.478 48.19642
641.518 48.19642
642.398 48.19643
642.401 48.19643
642.438 48.19643
642.478 48.19643
642.519 48.19643
643.398 48.19643
643.402 48.19643
643.438 48.19643
643.478 48.19643
643.518 48.19643
644.398 48.19643
644.402 48.19643
644.438 48.19643
644.478 48.19643
644.518 48.19643
645.399 48.19644
645.402 48.19644
645.439 48.19644
645.479 48.19644
645.519 48.19644
646.399 48.19645
646.402 48.19645
646.439 48.19645
646.479 48.19645
646.519 48.19645
647.399 48.19646
647.401 48.19646
647.439 48.19646
647.479 48.19646
647.519 48.19646
648.399 48.19647
648.401 48.19647
648.439 48.19647
648.479 48.19646
648.519 48.19646
649.398 48.19647
649.401 48.19647
649.439 48.19647
649.479 48.19647
649.519 48.19647
650.398 48.19648
650.401 48.19648
650.439 48.19648
650.479 48.19648
650.519 48.19648
651.398 48.19649
651.401 48.19649
651.439 48.19649
651.479 48.19649
651.519 48.19649
652.398 48.19649
652.401 48.19649
652.439 48.19649
652.479 48.19649
652.519 48.19649
653.398 48.19650
653.401 48.19650
653.439 48.19650
653.479 48.19650
653.519 48.19650
654.398 48.19650
654.401 48.19650
654.439 48.19650
654.479 48.19650
654.519 48.19650
655.398 48.19651
655.401 48.19651
655.438 48.19651
655.479 48.19651
655.519 48.19651
656.398 48.19652
656.401 48.19652
656.438 48.19652
656.479 48.19652
656.519 48.19652
657.398 48.19653
657.401 48.19653
657.439 48.19653
657.479 48.19653
657.519 48.19653
658.398 48.19653
658.401 48.19653
658.438 48.19653
658.479 48.19653
658.519 48.19653
659.398 48.19654
659.401 48.19654
659.438 48.19654
659.479 48.19654
659.519 48.19654
660.398 48.19654
660.401 48.19654
660.438 48.19654
660.479 48.19654
660.519 48.19654
661.398 48.19655
661.402 48.19655
661.438 48.19655
661.478 48.19655
661.519 48.19655
662.398 48.19656
662.402 48.19656
662.438 48.19656
662.478 48.19656
662.519 48.19656
663.399 48.19656
663.402 48.19656
663.439 48.19656
663.479 48.19656
663.519 48.19656
664.399 48.19657
664.402 48.19657
664.439 48.19657
664.479 48.19657
664.519 48.19657
665.399 48.19657
665.402 48.19657
665.439 48.19657
665.479 48.19657
665.519 48.19657
666.399 48.19657
666.402 48.19657
666.439 48.19657
666.479 48.19657
666.519 48.19657
667.399 48.19657
667.402 48.19657
667.439 48.19657
667.479 48.19657
667.519 48.19657
668.399 48.19658
668.402 48.19658
668.439 48.19658
668.479 48.19658
668.519 48.19658
669.399 48.19658
669.402 48.19658
669.439 48.19658
669.479 48.19658
669.519 48.19658
670.399 48.19658
670.402 48.19658
670.439 48.19658
670.479 48.19658
670.519 48.19658
671.399 48.19659
671.402 48.19659
671.439 48.19659
671.479 48.19659
671.519 48.19659
672.399 48.19659
672.402 48.19659
672.439 48.19659
672.479 48.19659
672.519 48.19659
673.399 48.19659
673.402 48.19659
673.439 48.19659
673.479 48.19659
673.519 48.19659
674.399 48.19660
674.402 48.19660
674.439 48.19660
674.479 48.19660
674.519 48.19660
675.398 48.19660
675.402 48.19660
675.439 48.19660
675.479 48.19660
675.519 48.19660
676.398 48.19660
676.401 48.19660
676.439 48.19660
676.479 48.19660
676.519 48.19660
677.398 48.19660
677.401 48.19660
677.439 48.19660
677.479 48.19660
677.519 48.19660
678.398 48.19660
678.401 48.19660
678.439 48.19660
678.479 48.19660
678.519 48.19660
679.398 48.19660
679.402 48.19660
679.439 48.19660
679.479 48.19660
679.519 48.19660
680.398 48.19660
680.402 48.19660
680.439 48.19660
680.479 48.19660
680.519 48.19660
681.399 48.19660
681.402 48.19660
681.440 48.19660
681.480 48.19660
681.520 48.19660
682.399 48.19660
682.402 48.19660
682.440 48.19660
682.480 48.19660
682.520 48.19660
683.399 48.19662
683.402 48.19662
683.439 48.19662
683.480 48.19660
683.520 48.19660
684.399 48.19662
684.402 48.19662
684.440 48.19662
684.480 48.19662
684.520 48.19662
685.399 48.19662
685.402 48.19662
685.440 48.19662
685.480 48.19662
685.520 48.19662
686.399 48.19662
686.402 48.19662
686.439 48.19662
686.480 48.19662
686.520 48.19662
687.399 48.19662
687.402 48.19662
687.440 48.19662
687.480 48.19662
687.520 48.19662
688.399 48.19662
688.402 48.19662
688.439 48.19662
688.479 48.19662
688.520 48.19662
689.399 48.19662
689.402 48.19662
689.439 48.19662
689.479 48.19662
689.520 48.19662
690.399 48.19662
690.402 48.19662
690.439 48.19662
690.479 48.19662
690.519 48.19662
691.399 48.19662
691.402 48.19662
691.439 48.19662
691.479 48.19662
691.519 48.19662
692.399 48.19662
692.402 48.19662
692.439 48.19662
692.479 48.19662
692.519 48.19662
693.399 48.19662
693.402 48.19662
693.439 48.19662
693.479 48.19662
693.519 48.19662
694.399 48.19662
694.402 48.19662
694.439 48.19662
694.479 48.19662
694.519 48.19662
695.399 48.19662
695.402 48.19662
695.439 48.19662
695.479 48.19662
695.519 48.19662
696.399 48.19662
696.402 48.19662
696.439 48.19662
696.479 48.19662
696.520 48.19662
697.399 48.19662
697.403 48.19662
697.439 48.19662
697.479 48.19662
697.519 48.19662
698.399 48.19662
698.403 48.19662
698.439 48.19662
698.479 48.19662
698.519 48.19662
699.400 48.19662
699.403 48.19662
699.440 48.19662
699.480 48.19662
699.520 48.19662
700.400 48.19662
700.402 48.19662
700.440 48.19662
700.480 48.19662
700.520 48.19662
701.400 48.19662
701.402 48.19662
701.440 48.19662
701.480 48.19662
701.520 48.19662
702.400 48.19662
702.403 48.19662
702.440 48.19662
702.480 48.19662
702.520 48.19662
703.399 48.19662
703.402 48.19662
703.440 48.19662
703.480 48.19662
703.520 48.19662
704.399 48.19662
704.402 48.19662
704.440 48.19662
704.480 48.19662
704.520 48.19662
705.399 48.19662
705.402 48.19662
705.440 48.19662
705.480 48.19662
705.520 48.19662
706.399 48.19662
706.402 48.19662
706.440 48.19662
706.480 48.19662
706.520 48.19662
707.399 48.19662
707.402 48.19662
707.440 48.19662
707.480 48.19662
707.520 48.19662
708.399 48.19662
708.402 48.19662
708.440 48.19662
708.480 48.19662
708.520 48.19662
709.399 48.19662
709.402 48.19662
709.440 48.19662
709.480 48.19662
709.520 48.19662
710.399 48.19662
710.402 48.19662
710.440 48.19662
710.480 48.19662
710.520 48.19662
711.399 48.19660
711.402 48.19660
711.440 48.19660
711.480 48.19660
711.520 48.19660
712.399 48.19660
712.402 48.19660
712.439 48.19660
712.480 48.19660
712.520 48.19660
713.399 48.19662
713.402 48.19662
713.439 48.19662
713.480 48.19662
713.520 48.19662
714.399 48.19660
714.402 48.19660
714.439 48.19660
714.479 48.19660
714.520 48.19660
715.399 48.19660
715.403 48.19660
715.439 48.19660
715.479 48.19660
715.520 48.19660
716.399 48.19660
716.403 48.19660
716.439 48.19660
716.479 48.19660
716.520 48.19660
717.400 48.19660
717.403 48.19660
717.440 48.19660
717.480 48.19660
717.520 48.19660
718.400 48.19660
718.403 48.19660
718.440 48.19660
718.480 48.19660
718.521 48.19660
719.400 48.19660
719.403 48.19660
719.440 48.19660
719.480 48.19660
719.520 48.19660
720.400 48.19660
720.403 48.19660
720.440 48.19660
720.480 48.19660
720.520 48.19660
721.400 48.19660
721.403 48.19660
721.440 48.19660
721.480 48.19660
721.520 48.19660
722.400 48.19660
722.403 48.19660
722.440 48.19660
722.480 48.19660
722.520 48.19660
723.400 48.19660
723.403 48.19660
723.440 48.19660
723.480 48.19660
723.520 48.19660
724.400 48.19660
724.403 48.19660
724.440 48.19660
724.480 48.19660
724.520 48.19660
725.400 48.19660
725.403 48.19660
725.440 48.19660
725.480 48.19660
725.520 48.19660
726.400 48.19660
726.403 48.19660
726.440 48.19660
726.480 48.19660
726.520 48.19660
727.400 48.19660
727.402 48.19660
727.440 48.19660
727.480 48.19660
727.520 48.19660
728.400 48.19660
728.402 48.19660
728.440 48.19660
728.480 48.19660
728.520 48.19660
729.399 48.19660
729.403 48.19660
729.440 48.19660
729.480 48.19660
729.520 48.19660
730.399 48.19660
730.402 48.19660
730.440 48.19660
730.480 48.19660
730.520 48.19660
731.399 48.19660
731.403 48.19660
731.440 48.19660
731.480 48.19660
731.520 48.19660
732.399 48.19660
732.403 48.19660
732.440 48.19660
732.480 48.19660
732.520 48.19660
733.399 48.19660
733.403 48.19660
733.440 48.19660
733.480 48.19660
733.520 48.19660
734.399 48.19660
734.403 48.19660
734.440 48.19660
734.480 48.19660
734.520 48.19660
735.399 48.19660
735.403 48.19660
735.440 48.19660
735.480 48.19660
735.520 48.19660
736.400 48.19660
736.403 48.19660
736.441 48.19660
736.481 48.19660
736.521 48.19660
737.400 48.19660
737.403 48.19660
737.441 48.19660
737.481 48.19660
737.521 48.19660
738.400 48.19660
738.403 48.19660
738.441 48.19660
738.481 48.19660
738.521 48.19660
739.400 48.19660
739.403 48.19660
739.440 48.19660
739.481 48.19660
739.521 48.19660
740.400 48.19660
740.403 48.19660
740.440 48.19660
740.480 48.19660
740.521 48.19660
741.400 48.19660
741.403 48.19660
741.440 48.19660
741.480 48.19660
741.521 48.19660
742.400 48.19660
742.403 48.19660
742.440 48.19660
742.480 48.19660
742.521 48.19660
743.400 48.19660
743.403 48.19660
743.440 48.19660
743.480 48.19660
743.521 48.19660
744.400 48.19660
744.403 48.19660
744.440 48.19660
744.480 48.19660
744.521 48.19660
745.400 48.19660
745.403 48.19660
745.440 48.19660
745.480 48.19660
745.520 48.19660
746.400 48.19660
746.403 48.19660
746.440 48.19660
746.480 48.19660
746.520 48.19660
747.400 48.19660
747.403 48.19660
747.440 48.19660
747.480 48.19660
747.520 48.19660
748.400 48.19660
748.403 48.19660
748.440 48.19660
748.480 48.19660
748.520 48.19660
749.400 48.19660
749.403 48.19660
749.440 48.19660
749.480 48.19660
749.520 48.19660
750.400 48.19660
750.404 48.19660
750.440 48.19660
750.480 48.19660
750.520 48.19660
751.400 48.19660
751.404 48.19660
751.440 48.19660
751.480 48.19660
751.520 48.19660
752.400 48.19660
752.404 48.19660
752.440 48.19660
752.480 48.19660
752.520 48.19660
753.400 48.19660
753.404 48.19660
753.440 48.19660
753.480 48.19660
753.520 48.19660
754.401 48.19660
754.404 48.19660
754.441 48.19660
754.481 48.19660
754.521 48.19660
755.401 48.19660
755.403 48.19660
755.441 48.19660
755.481 48.19660
755.521 48.19660
756.400 48.19660
756.403 48.19660
756.441 48.19660
756.481 48.19660
756.521 48.19660
757.400 48.19660
757.403 48.19660
757.441 48.19660
757.481 48.19660
757.521 48.19660
758.400 48.19660
758.403 48.19660
758.441 48.19660
758.481 48.19660
758.521 48.19660
759.400 48.19660
759.403 48.19660
759.441 48.19660
759.481 48.19660
759.521 48.19660
760.400 48.19660
760.403 48.19660
760.441 48.19660
760.481 48.19660
760.521 48.19660
761.400 48.19660
761.403 48.19660
761.441 48.19660
761.481 48.19660
761.521 48.19660
762.400 48.19660
762.403 48.19660
762.441 48.19660
762.481 48.19660
762.521 48.19660
763.400 48.19660
763.403 48.19660
763.441 48.19660
763.481 48.19660
763.521 48.19660
764.400 48.19660
764.403 48.19660
764.441 48.19660
764.481 48.19660
764.521 48.19660
765.400 48.19660
765.403 48.19660
765.441 48.19660
765.481 48.19660
765.521 48.19660
766.400 48.19660
766.403 48.19660
766.440 48.19660
766.481 48.19660
766.521 48.19660
767.400 48.19660
767.403 48.19660
767.440 48.19660
767.480 48.19660
767.521 48.19660
768.400 48.19660
768.403 48.19660
768.440 48.19660
768.480 48.19660
768.521 48.19660
769.400 48.19660
769.404 48.19660
769.440 48.19660
769.481 48.19660
769.521 48.19660
770.400 48.19660
770.404 48.19660
770.440 48.19660
770.480 48.19660
770.521 48.19660
771.400 48.19660
771.404 48.19660
771.440 48.19660
771.480 48.19660
771.520 48.19660
772.401 48.19660
772.404 48.19660
772.441 48.19660
772.481 48.19660
772.521 48.19660
773.401 48.19660
773.404 48.19660
773.441 48.19660
773.481 48.19660
773.522 48.19660
774.401 48.19660
774.404 48.19660
774.441 48.19660
774.481 48.19660
774.521 48.19660
775.401 48.19660
775.404 48.19660
775.441 48.19660
775.481 48.19660
775.521 48.19660
776.401 48.19660
776.404 48.19660
776.441 48.19660
776.481 48.19660
776.521 48.19660
777.401 48.19660
777.404 48.19660
777.441 48.19660
777.481 48.19660
777.521 48.19660
778.401 48.19660
778.404 48.19660
778.441 48.19660
778.481 48.19660
778.521 48.19660
779.401 48.19660
779.404 48.19660
779.441 48.19660
779.481 48.19660
779.521 48.19660
780.401 48.19660
780.404 48.19660
780.441 48.19660
780.481 48.19660
780.521 48.19660
781.401 48.19660
781.403 48.19660
781.441 48.19660
781.481 48.19660
781.521 48.19660
782.401 48.19660
782.404 48.19660
782.441 48.19660
782.481 48.19660
782.521 48.19660
783.400 48.19660
783.403 48.19660
783.441 48.19660
783.481 48.19660
783.521 48.19660
784.400 48.19660
784.403 48.19660
784.441 48.19660
784.481 48.19660
784.521 48.19660
785.400 48.19660
785.403 48.19660
785.441 48.19660
785.481 48.19660
785.521 48.19660
786.400 48.19659
786.404 48.19659
786.441 48.19659
786.481 48.19659
786.521 48.19659
787.400 48.19659
787.404 48.19659
787.441 48.19659
787.481 48.19659
787.521 48.19659
788.400 48.19659
788.404 48.19659
788.441 48.19659
788.481 48.19659
788.521 48.19659
789.400 48.19659
789.404 48.19659
789.441 48.19659
789.481 48.19659
789.521 48.19659
790.401 48.19659
790.404 48.19659
790.442 48.19659
790.482 48.19659
790.522 48.19659
791.401 48.19659
791.404 48.19659
791.442 48.19659
791.482 48.19659
791.522 48.19659
792.401 48.19659
792.404 48.19659
792.441 48.19659
792.482 48.19659
792.522 48.19659
793.401 48.19659
793.404 48.19659
793.441 48.19659
793.482 48.19659
793.522 48.19659
794.401 48.19659
794.404 48.19659
794.441 48.19659
794.481 48.19659
794.522 48.19659
795.401 48.19659
795.404 48.19659
795.441 48.19659
795.481 48.19659
795.522 48.19659
796.401 48.19659
796.404 48.19659
796.441 48.19659
796.481 48.19659
796.522 48.19659
797.401 48.19659
797.404 48.19659
797.441 48.19659
797.481 48.19659
797.521 48.19659
798.401 48.19659
798.404 48.19659
798.441 48.19659
798.481 48.19659
798.521 48.19659
799.401 48.19659
799.404 48.19659
799.441 48.19659
799.481 48.19659
799.522 48.19659
800.401 48.19659
800.404 48.19659
800.441 48.19659
800.481 48.19659
800.521 48.19659
801.401 48.19659
801.404 48.19659
801.441 48.19659
801.481 48.19659
801.521 48.19659
802.401 48.19659
802.404 48.19659
802.441 48.19659
802.481 48.19659
802.521 48.19659
803.401 48.19659
803.404 48.19659
803.441 48.19659
803.481 48.19659
803.521 48.19659
804.401 48.19659
804.404 48.19659
804.441 48.19659
804.481 48.19659
804.521 48.19659
805.401 48.19659
805.405 48.19659
805.441 48.19659
805.481 48.19659
805.521 48.19659
806.401 48.19659
806.405 48.19659
806.441 48.19659
806.481 48.19659
806.521 48.19659
807.401 48.19659
807.405 48.19659
807.441 48.19659
807.481 48.19659
807.521 48.19659
808.401 48.19659
808.405 48.19659
808.441 48.19659
808.481 48.19659
808.521 48.19659
809.401 48.19659
809.404 48.19659
809.442 48.19659
809.482 48.19659
809.522 48.19659
810.402 48.19659
810.404 48.19659
810.442 48.19659
810.482 48.19659
810.522 48.19659
811.401 48.19659
811.404 48.19659
811.442 48.19659
811.482 48.19659
811.522 48.19659
812.401 48.19658
812.404 48.19658
812.442 48.19658
812.482 48.19658
812.522 48.19658
813.401 48.19659
813.404 48.19659
813.442 48.19659
813.482 48.19659
813.522 48.19659
814.401 48.19659
814.404 48.19659
814.442 48.19659
814.482 48.19659
814.522 48.19659
815.401 48.19658
815.404 48.19658
815.442 48.19658
815.482 48.19658
815.522 48.19658
816.401 48.19658
816.404 48.19658
816.442 48.19658
816.482 48.19658
816.522 48.19658
817.401 48.19658
817.404 48.19658
817.442 48.19658
817.482 48.19658
817.522 48.19658
818.401 48.19658
818.404 48.19658
818.442 48.19658
818.482 48.19658
818.522 48.19658
819.401 48.19658
819.404 48.19658
819.441 48.19658
819.482 48.19658
819.522 48.19658
820.401 48.19658
820.404 48.19658
820.441 48.19658
820.482 48.19658
820.522 48.19658
821.401 48.19658
821.404 48.19658
821.441 48.19658
821.482 48.19658
821.522 48.19658
822.401 48.19658
822.404 48.19658
822.441 48.19658
822.481 48.19658
822.522 48.19658
823.401 48.19658
823.405 48.19658
823.441 48.19658
823.481 48.19658
823.522 48.19658
824.401 48.19658
824.405 48.19658
824.441 48.19658
824.481 48.19658
824.522 48.19658
825.401 48.19658
825.405 48.19658
825.441 48.19658
825.481 48.19658
825.521 48.19658
826.402 48.19658
826.405 48.19658
826.442 48.19658
826.482 48.19658
826.522 48.19658
827.402 48.19658
827.405 48.19658
827.442 48.19658
827.482 48.19658
827.522 48.19658
828.402 48.19658
828.405 48.19658
828.442 48.19658
828.482 48.19658
828.522 48.19658
829.402 48.19658
829.405 48.19658
829.442 48.19658
829.482 48.19658
829.522 48.19658
830.402 48.19657
830.405 48.19657
830.442 48.19657
830.482 48.19657
830.522 48.19657
831.402 48.19657
831.405 48.19657
831.442 48.19657
831.482 48.19657
831.522 48.19657
832.402 48.19657
832.405 48.19657
832.442 48.19657
832.482 48.19657
832.522 48.19657
833.402 48.19657
833.405 48.19657
833.442 48.19657
833.482 48.19657
833.522 48.19657
834.402 48.19657
834.405 48.19657
834.442 48.19657
834.482 48.19657
834.522 48.19657
835.402 48.19657
835.405 48.19657
835.442 48.19657
835.482 48.19657
835.522 48.19657
836.402 48.19657
836.405 48.19657
836.442 48.19657
836.482 48.19657
836.522 48.19657
837.401 48.19657
837.404 48.19657
837.442 48.19657
837.482 48.19657
837.522 48.19657
838.402 48.19657
838.404 48.19657
838.442 48.19657
838.482 48.19657
838.522 48.19657
839.401 48.19657
839.404 48.19657
839.442 48.19657
839.482 48.19657
839.522 48.19657
840.402 48.19657
840.405 48.19657
840.442 48.19657
840.482 48.19657
840.522 48.19657
841.401 48.19657
841.405 48.19657
841.442 48.19657
841.482 48.19657
841.522 48.19657
842.401 48.19657
842.405 48.19657
842.442 48.19657
842.482 48.19657
842.522 48.19657
843.401 48.19657
843.405 48.19657
843.442 48.19657
843.482 48.19657
843.522 48.19657
844.401 48.19657
844.405 48.19657
844.442 48.19657
844.482 48.19657
844.522 48.19657
845.402 48.19657
845.405 48.19657
845.443 48.19657
845.483 48.19657
845.523 48.19657
846.402 48.19657
846.405 48.19657
846.442 48.19657
846.483 48.19657
846.523 48.19657
847.402 48.19657
847.405 48.19657
847.442 48.19657
847.483 48.19657
847.523 48.19657
848.402 48.19657
848.405 48.19657
848.442 48.19657
848.483 48.19657
848.523 48.19657
849.402 48.19657
849.405 48.19657
849.442 48.19657
849.483 48.19657
849.523 48.19657
850.402 48.19657
850.405 48.19657
850.442 48.19657
850.482 48.19657
850.523 48.19657
851.402 48.19657
851.405 48.19657
851.442 48.19657
851.483 48.19657
851.523 48.19657
852.402 48.19657
852.405 48.19657
852.442 48.19657
852.482 48.19657
852.523 48.19657
853.402 48.19657
853.405 48.19657
853.442 48.19657
853.482 48.19657
853.523 48.19657
854.402 48.19657
854.405 48.19657
854.442 48.19657
854.482 48.19657
854.523 48.19657
855.402 48.19656
855.405 48.19656
855.442 48.19656
855.482 48.19656
855.522 48.19656
856.402 48.19656
856.405 48.19656
856.442 48.19656
856.482 48.19656
856.522 48.19656
857.402 48.19656
857.405 48.19656
857.442 48.19656
857.482 48.19656
857.522 48.19656
858.402 48.19656
858.405 48.19656
858.442 48.19656
858.482 48.19656
858.522 48.19656
859.402 48.19656
859.405 48.19656
859.442 48.19656
859.482 48.19656
859.522 48.19656
860.402 48.19656
860.406 48.19656
860.442 48.19656
860.482 48.19656
860.522 48.19656
861.402 48.19656
861.406 48.19656
861.442 48.19656
861.482 48.19656
861.522 48.19656
862.402 48.19656
862.406 48.19656
862.442 48.19656
862.482 48.19656
862.522 48.19656
863.401 48.19656
863.405 48.19656
863.442 48.19656
863.482 48.19656
863.522 48.19656
864.402 48.19656
864.405 48.19656
864.443 48.19656
864.483 48.19656
864.523 48.19656
865.402 48.19656
865.405 48.19656
865.443 48.19656
865.483 48.19656
865.523 48.19656
866.402 48.19656
866.406 48.19656
866.443 48.19656
866.483 48.19656
866.523 48.19656
867.402 48.19656
867.405 48.19656
867.443 48.19656
867.483 48.19656
867.523 48.19656
868.402 48.19655
868.405 48.19655
868.443 48.19655
868.483 48.19655
868.523 48.19655
869.402 48.19655
869.405 48.19655
869.443 48.19655
869.483 48.19655
869.523 48.19655
870.402 48.19655
870.405 48.19655
870.443 48.19655
870.483 48.19655
870.523 48.19655
871.402 48.19655
871.405 48.19655
871.443 48.19655
871.483 48.19655
871.523 48.19655
872.402 48.19655
872.405 48.19655
872.442 48.19655
872.483 48.19655
872.523 48.19655
873.402 48.19655
873.405 48.19655
873.443 48.19655
873.483 48.19655
873.523 48.19655
874.402 48.19655
874.405 48.19655
874.442 48.19655
874.482 48.19655
874.523 48.19655
875.402 48.19655
875.405 48.19655
875.442 48.19655
875.482 48.19655
875.523 48.19655
876.402 48.19655
876.405 48.19655
876.442 48.19655
876.483 48.19655
876.523 48.19655
877.402 48.19655
877.406 48.19655
877.442 48.19655
877.482 48.19655
877.523 48.19655
878.402 48.19655
878.406 48.19655
878.442 48.19655
878.482 48.19655
878.523 48.19655
879.402 48.19655
879.406 48.19655
879.442 48.19655
879.482 48.19655
879.523 48.19655
880.402 48.19655
880.406 48.19655
880.442 48.19655
880.482 48.19655
880.523 48.19655
881.402 48.19654
881.406 48.19654
881.442 48.19654
881.482 48.19654
881.522 48.19654
882.403 48.19654
882.406 48.19654
882.443 48.19654
882.483 48.19654
882.523 48.19654
883.403 48.19654
883.406 48.19654
883.444 48.19654
883.484 48.19654
883.524 48.19654
884.403 48.19654
884.406 48.19654
884.444 48.19654
884.484 48.19654
884.524 48.19654
885.403 48.19654
885.406 48.19654
885.443 48.19654
885.483 48.19654
885.523 48.19654
886.403 48.19654
886.406 48.19654
886.443 48.19654
886.483 48.19654
886.523 48.19654
887.403 48.19654
887.406 48.19654
887.443 48.19654
887.483 48.19654
887.523 48.19654
888.403 48.19654
888.406 48.19654
888.443 48.19654
888.483 48.19654
888.523 48.19654
889.402 48.19654
889.405 48.19654
889.443 48.19654
889.483 48.19654
889.523 48.19654
890.402 48.19654
890.405 48.19654
890.443 48.19654
890.483 48.19654
890.523 48.19654
891.402 48.19654
891.405 48.19654
891.443 48.19654
891.483 48.19654
891.523 48.19654
892.402 48.19654
892.405 48.19654
892.443 48.19654
892.483 48.19654
892.523 48.19654
893.402 48.19654
893.405 48.19654
893.443 48.19654
893.483 48.19654
893.523 48.19654
894.402 48.19653
894.405 48.19653
894.443 48.19653
894.483 48.19653
894.523 48.19653
895.402 48.19653
895.405 48.19653
895.443 48.19653
895.483 48.19653
895.523 48.19653
896.402 48.19653
896.406 48.19653
896.443 48.19653
896.483 48.19653
896.523 48.19653
897.402 48.19653
897.406 48.19653
897.443 48.19653
897.483 48.19653
897.523 48.19653
898.402 48.19653
898.406 48.19653
898.443 48.19653
898.483 48.19653
898.523 48.19653
899.402 48.19653
899.406 48.19653
899.443 48.19653
899.483 48.19653
899.523 48.19653
900.403 48.19653
900.406 48.19653
900.443 48.19653
900.484 48.19653
900.524 48.19653
901.403 48.19653
901.406 48.19653
901.444 48.19653
901.484 48.19653
901.524 48.19653
902.403 48.19653
902.406 48.19653
902.443 48.19653
902.483 48.19653
902.524 48.19653
903.403 48.19653
903.406 48.19653
903.443 48.19653
903.483 48.19653
903.524 48.19653
904.403 48.19653
904.406 48.19653
904.444 48.19653
904.484 48.19653
904.525 48.19653
905.403 48.19653
905.406 48.19653
905.443 48.19653
905.483 48.19653
905.524 48.19653
906.403 48.19653
906.406 48.19653
906.443 48.19653
906.483 48.19653
906.524 48.19653
907.403 48.19653
907.406 48.19653
907.443 48.19653
907.483 48.19653
907.524 48.19653
908.403 48.19653
908.406 48.19653
908.444 48.19653
908.484 48.19653
908.524 48.19653
909.403 48.19653
909.406 48.19653
909.443 48.19653
909.483 48.19653
909.523 48.19653
910.403 48.19653
910.406 48.19653
910.443 48.19653
910.483 48.19653
910.523 48.19653
911.403 48.19653
911.406 48.19653
911.443 48.19653
911.484 48.19653
911.524 48.19653
912.403 48.19653
912.406 48.19653
912.443 48.19653
912.483 48.19653
912.523 48.19653
913.403 48.19653
913.406 48.19653
913.443 48.19653
913.483 48.19653
913.523 48.19653
914.403 48.19652
914.406 48.19652
914.443 48.19652
914.483 48.19652
914.523 48.19652
915.403 48.19652
915.407 48.19652
915.443 48.19652
915.483 48.19652
915.523 48.19652
916.403 48.19652
916.407 48.19652
916.443 48.19652
916.483 48.19652
916.523 48.19652
917.403 48.19652
917.407 48.19652
917.443 48.19652
917.483 48.19652
917.523 48.19652
918.403 48.19652
918.406 48.19652
918.444 48.19652
918.484 48.19652
918.524 48.19652
919.403 48.19652
919.406 48.19652
919.444 48.19652
919.484 48.19652
919.524 48.19652
920.403 48.19652
920.406 48.19652
920.444 48.19652
920.484 48.19652
920.524 48.19652
921.403 48.19652
921.406 48.19652
921.444 48.19652
921.484 48.19652
921.524 48.19652
922.403 48.19652
922.406 48.19652
922.444 48.19652
922.484 48.19652
922.524 48.19652
923.403 48.19651
923.406 48.19651
923.444 48.19651
923.484 48.19651
923.524 48.19651
924.403 48.19651
924.406 48.19651
924.444 48.19651
924.484 48.19651
924.524 48.19651
925.403 48.19651
925.406 48.19651
925.444 48.19651
925.484 48.19651
925.524 48.19651
926.403 48.19651
926.406 48.19651
926.443 48.19651
926.484 48.19651
926.524 48.19651
927.403 48.19651
927.406 48.19651
927.443 48.19651
927.484 48.19651
927.524 48.19651
928.403 48.19651
928.406 48.19651
928.443 48.19651
928.483 48.19651
928.524 48.19651
929.403 48.19651
929.406 48.19651
929.443 48.19651
929.484 48.19651
929.524 48.19651
930.403 48.19650
930.406 48.19650
930.443 48.19650
930.483 48.19650
930.524 48.19650
931.403 48.19651
931.406 48.19651
931.443 48.19651
931.483 48.19651
931.524 48.19651
932.403 48.19650
932.406 48.19650
932.443 48.19650
932.483 48.19650
932.523 48.19650
933.403 48.19650
933.407 48.19650
933.443 48.19650
933.483 48.19650
933.523 48.19650
934.403 48.19650
934.407 48.19650
934.443 48.19650
934.483 48.19650
934.523 48.19650
935.403 48.19650
935.407 48.19650
935.443 48.19650
935.483 48.19650
935.523 48.19650
936.404 48.19650
936.407 48.19650
936.444 48.19650
936.484 48.19650
936.524 48.19650
937.404 48.19650
937.407 48.19650
937.444 48.19650
937.484 48.19650
937.524 48.19650
938.404 48.19650
938.407 48.19650
938.444 48.19650
938.484 48.19650
938.524 48.19650
939.404 48.19650
939.407 48.19650
939.444 48.19650
939.484 48.19650
939.524 48.19650
940.404 48.19649
940.407 48.19649
940.444 48.19649
940.484 48.19649
940.524 48.19649
941.404 48.19649
941.407 48.19649
941.444 48.19649
941.484 48.19649
941.524 48.19649
942.404 48.19649
942.407 48.19649
942.444 48.19649
942.484 48.19649
942.524 48.19649
943.404 48.19649
943.407 48.19649
943.444 48.19649
943.484 48.19649
943.524 48.19649
944.403 48.19649
944.406 48.19649
944.444 48.19649
944.484 48.19649
944.524 48.19649
945.404 48.19649
945.406 48.19649
945.444 48.19649
945.484 48.19649
945.524 48.19649
946.403 48.19649
946.406 48.19649
946.444 48.19649
946.484 48.19649
946.524 48.19649
947.403 48.19649
947.406 48.19649
947.444 48.19649
947.484 48.19649
947.524 48.19649
948.403 48.19649
948.406 48.19649
948.444 48.19649
948.484 48.19649
948.524 48.19649
949.403 48.19649
949.406 48.19649
949.444 48.19649
949.484 48.19649
949.524 48.19649
950.403 48.19649
950.406 48.19649
950.444 48.19649
950.484 48.19649
950.524 48.19649
951.403 48.19649
951.407 48.19649
951.444 48.19649
951.484 48.19649
951.524 48.19649
952.403 48.19649
952.407 48.19649
952.444 48.19649
952.484 48.19649
952.524 48.19649
953.403 48.19649
953.407 48.19649
953.444 48.19649
953.484 48.19649
953.524 48.19649
954.403 48.19649
954.407 48.19649
954.443 48.19649
954.484 48.19649
954.524 48.19649
955.404 48.19649
955.407 48.19649
955.445 48.19649
955.485 48.19649
955.525 48.19649
956.404 48.19649
956.407 48.19649
956.445 48.19649
956.485 48.19649
956.525 48.19649
957.404 48.19649
957.407 48.19649
957.444 48.19649
957.484 48.19649
957.525 48.19649
958.404 48.19649
958.407 48.19649
958.445 48.19649
958.485 48.19649
958.525 48.19649
959.404 48.19648
959.407 48.19648
959.444 48.19648
959.484 48.19648
959.524 48.19648
960.404 48.19648
960.407 48.19648
960.444 48.19648
960.484 48.19648
960.524 48.19648
961.404 48.19648
961.407 48.19648
961.444 48.19648
961.484 48.19648
961.524 48.19648
962.404 48.19648
962.407 48.19648
962.444 48.19648
962.484 48.19648
962.524 48.19648
963.404 48.19648
963.407 48.19648
963.444 48.19648
963.484 48.19648
963.524 48.19648
964.404 48.19648
964.407 48.19648
964.444 48.19648
964.484 48.19648
964.524 48.19648
965.404 48.19648
965.407 48.19648
965.444 48.19648
965.484 48.19648
965.524 48.19648
966.404 48.19648
966.407 48.19648
966.444 48.19648
966.484 48.19648
966.524 48.19648
967.474 48.19648
967.477 48.19648
967.514 48.19648
967.554 48.19648
967.594 48.19648
968.474 48.19647
968.477 48.19647
968.514 48.19647
968.554 48.19647
968.594 48.19647
969.481 48.19647
969.484 48.19647
969.521 48.19647
969.561 48.19647
969.601 48.19647
970.463 48.19647
970.466 48.19647
970.503 48.19647
970.543 48.19647
970.583 48.19647
971.462 48.19647
971.465 48.19647
971.502 48.19647
971.542 48.19647
971.582 48.19647
972.463 48.19647
972.466 48.19647
972.504 48.19647
972.544 48.19647
972.584 48.19647
973.428 48.19647
973.457 48.19647
973.469 48.19647
973.509 48.19647
973.549 48.19647
974.465 48.19647
974.470 48.19647
974.505 48.19647
974.546 48.19647
974.586 48.19647
975.463 48.19646
975.466 48.19646
975.504 48.19646
975.544 48.19646
975.584 48.19646
976.462 48.19646
976.465 48.19646
976.503 48.19646
976.543 48.19646
976.583 48.19646
977.462 48.19646
977.466 48.19646
977.504 48.19646
977.544 48.19646
977.584 48.19646
978.463 48.19646
978.467 48.19646
978.503 48.19646
978.544 48.19646
978.584 48.19646
979.465 48.19646
979.469 48.19646
979.505 48.19646
979.546 48.19646
979.586 48.19646
980.463 48.19646
980.465 48.19646
980.503 48.19646
980.543 48.19646
980.583 48.19646
981.463 48.19646
981.467 48.19646
981.504 48.19646
981.545 48.19646
981.585 48.19646
982.462 48.19646
982.465 48.19646
982.503 48.19646
982.543 48.19646
982.583 48.19646
983.464 48.19645
983.468 48.19645
983.504 48.19645
983.545 48.19645
983.585 48.19645
984.470 48.19645
984.473 48.19645
984.511 48.19645
984.551 48.19645
984.591 48.19645
985.465 48.19645
985.468 48.19645
985.505 48.19645
985.545 48.19645
985.586 48.19645
986.470 48.19645
986.473 48.19645
986.511 48.19645
986.551 48.19645
986.592 48.19645
987.470 48.19645
987.473 48.19645
987.510 48.19645
987.550 48.19645
987.590 48.19645
988.468 48.19645
988.471 48.19645
988.508 48.19645
988.548 48.19645
988.588 48.19645
989.472 48.19645
989.476 48.19645
989.512 48.19645
989.552 48.19645
989.592 48.19645
990.470 48.19645
990.473 48.19645
990.510 48.19645
990.550 48.19645
990.590 48.19645
991.469 48.19644
991.472 48.19644
991.509 48.19644
991.549 48.19644
991.589 48.19644
992.469 48.19644
992.472 48.19644
992.510 48.19644
992.550 48.19644
992.590 48.19644
993.471 48.19644
993.474 48.19644
993.511 48.19644
993.551 48.19644
993.591 48.19644
994.473 48.19644
994.476 48.19644
994.513 48.19644
994.553 48.19644
994.593 48.19644
995.469 48.19644
995.469 48.19644
995.509 48.19644
995.549 48.19644
995.589 48.19644
995.629 48.19644
996.471 48.19644
996.474 48.19644
996.511 48.19644
996.551 48.19644
996.591 48.19644
997.469 48.19644
997.473 48.19644
997.509 48.19644
997.549 48.19644
997.589 48.19644
998.469 48.19643
998.472 48.19643
998.509 48.19643
998.549 48.19643
998.589 48.19643
999.476 48.19643
999.479 48.19643
999.516 48.19643
999.556 48.19643
999.596 48.19643
1000.468 48.19643
1000.472 48.19643
1000.509 48.19643
1000.549 48.19643
1000.589 48.19643
1001.468 48.19643
1001.472 48.19643
1001.509 48.19643
1001.549 48.19643
1001.589 48.19643
1002.470 48.19643
1002.473 48.19643
1002.511 48.19643
1002.551 48.19643
1002.591 48.19643
1003.469 48.19643
1003.472 48.19643
1003.510 48.19643
1003.550 48.19643
1003.590 48.19643
1004.472 48.19643
1004.475 48.19643
1004.513 48.19643
1004.553 48.19643
1004.593 48.19643
1005.470 48.19643
1005.474 48.19643
1005.510 48.19643
1005.551 48.19643
1005.591 48.19643
1006.469 48.19643
1006.472 48.19643
1006.510 48.19643
1006.550 48.19643
1006.590 48.19643
1007.469 48.19643
1007.472 48.19643
1007.509 48.19643
1007.550 48.19643
1007.590 48.19643
1008.471 48.19643
1008.474 48.19643
1008.511 48.19643
1008.552 48.19643
1008.592 48.19643
1009.473 48.19643
1009.476 48.19643
1009.513 48.19643
1009.554 48.19643
1009.594 48.19643
1010.469 48.19643
1010.472 48.19643
1010.510 48.19643
1010.550 48.19643
1010.590 48.19643
1011.471 48.19642
1011.474 48.19642
1011.511 48.19642
1011.552 48.19642
1011.592 48.19642
1012.469 48.19642
1012.472 48.19642
1012.509 48.19642
1012.549 48.19642
1012.590 48.19642
1013.469 48.19642
1013.472 48.19642
1013.509 48.19642
1013.549 48.19642
1013.590 48.19642
1014.475 48.19642
1014.478 48.19642
1014.515 48.19642
1014.555 48.19642
1014.596 48.19642
1015.469 48.19642
1015.472 48.19642
1015.509 48.19642
1015.549 48.19642
1015.589 48.19642
1016.469 48.19642
1016.472 48.19642
1016.509 48.19642
1016.549 48.19642
1016.590 48.19642
1017.471 48.19642
1017.474 48.19642
1017.511 48.19642
1017.551 48.19642
1017.591 48.19642
1018.469 48.19641
1018.473 48.19641
1018.509 48.19641
1018.549 48.19641
1018.589 48.19641
1019.473 48.19641
1019.476 48.19641
1019.513 48.19641
1019.553 48.19641
1019.593 48.19641
1020.471 48.19641
1020.475 48.19641
1020.511 48.19641
1020.551 48.19641
1020.591 48.19641
1021.470 48.19641
1021.473 48.19641
1021.510 48.19641
1021.550 48.19641
1021.590 48.19641
1022.470 48.19641
1022.473 48.19641
1022.510 48.19641
1022.550 48.19641
1022.590 48.19641
1023.471 48.19641
1023.475 48.19641
1023.511 48.19641
1023.551 48.19641
1023.591 48.19641
1024.474 48.19641
1024.477 48.19641
1024.514 48.19641
1024.554 48.19641
1024.594 48.19641
1025.470 48.19641
1025.473 48.19641
1025.510 48.19641
1025.550 48.19641
1025.590 48.19641
1026.471 48.19640
1026.474 48.19640
1026.512 48.19640
1026.552 48.19640
1026.592 48.19640
1027.469 48.19640
1027.472 48.19640
1027.510 48.19640
1027.550 48.19640
1027.590 48.19640
1028.471 48.19640
1028.473 48.19640
1028.511 48.19640
1028.551 48.19640
1028.591 48.19640
1029.474 48.19640
1029.478 48.19640
1029.516 48.19640
1029.556 48.19640
1029.596 48.19640
1030.469 48.19640
1030.472 48.19640
1030.510 48.19640
1030.550 48.19640
1030.590 48.19640
1031.469 48.19640
1031.472 48.19640
1031.509 48.19640
1031.550 48.19640
1031.590 48.19640
1032.471 48.19640
1032.474 48.19640
1032.512 48.19640
1032.552 48.19640
1032.592 48.19640
1033.469 48.19640
1033.472 48.19640
1033.509 48.19640
1033.550 48.19640
1033.590 48.19640
1034.473 48.19640
1034.476 48.19640
1034.513 48.19640
1034.554 48.19640
1034.594 48.19640
1035.471 48.19640
1035.474 48.19640
1035.511 48.19640
1035.552 48.19640
1035.592 48.19640
1036.469 48.19639
1036.473 48.19639
1036.509 48.19639
1036.550 48.19639
1036.590 48.19639
1037.469 48.19639
1037.473 48.19639
1037.509 48.19639
1037.549 48.19639
1037.590 48.19639
1038.471 48.19639
1038.474 48.19639
1038.511 48.19639
1038.551 48.19639
1038.592 48.19639
1039.473 48.19639
1039.477 48.19639
1039.513 48.19639
1039.553 48.19639
1039.594 48.19639
1040.469 48.19639
1040.473 48.19639
1040.509 48.19639
1040.549 48.19639
1040.589 48.19639
1041.471 48.19639
1041.475 48.19639
1041.511 48.19639
1041.551 48.19639
1041.592 48.19639
1042.470 48.19639
1042.473 48.19639
1042.510 48.19639
1042.550 48.19639
1042.590 48.19639
1043.470 48.19639
1043.473 48.19639
1043.510 48.19639
1043.550 48.19639
1043.590 48.19639
1044.475 48.19639
1044.479 48.19639
1044.515 48.19639
1044.555 48.19639
1044.596 48.19639
1045.470 48.19639
1045.473 48.19639
1045.510 48.19639
1045.550 48.19639
1045.590 48.19639
1046.470 48.19639
1046.473 48.19639
1046.510 48.19639
1046.550 48.19639
1046.590 48.19639
1047.472 48.19639
1047.475 48.19639
1047.512 48.19639
1047.552 48.19639
1047.592 48.19639
1048.470 48.19639
1048.473 48.19639
1048.510 48.19639
1048.550 48.19639
1048.590 48.19639
1049.474 48.19639
1049.477 48.19639
1049.514 48.19639
1049.554 48.19639
1049.594 48.19639
1050.472 48.19639
1050.475 48.19639
1050.512 48.19639
1050.552 48.19639
1050.592 48.19639
1051.470 48.19639
1051.473 48.19639
1051.510 48.19639
1051.550 48.19639
1051.590 48.19639
1052.470 48.19639
1052.473 48.19639
1052.510 48.19639
1052.550 48.19639
1052.590 48.19639
1053.471 48.19639
1053.474 48.19639
1053.512 48.19639
1053.552 48.19639
1053.592 48.19639
1054.473 48.19639
1054.476 48.19639
1054.514 48.19639
1054.554 48.19639
1054.594 48.19639
1055.469 48.19639
1055.473 48.19639
1055.510 48.19639
1055.550 48.19639
1055.590 48.19639
