1.386 0.00000
1.387 0.00000
1.427 131.89999
1.467 131.89999
1.507 131.89999
1.547 131.89999
2.386 131.89999
2.389 132.30000
2.427 132.30000
2.467 132.30000
2.507 132.30000
3.386 132.30000
3.389 132.70000
3.427 132.70000
3.467 132.70000
3.507 132.70000
4.386 132.70000
4.389 133.00000
4.427 133.00000
4.467 133.00000
4.507 133.00000
5.386 133.00000
5.389 133.30000
5.427 133.30000
5.467 133.30000
5.507 133.30000
6.386 133.30000
6.390 133.80000
6.427 133.80000
6.467 133.80000
6.507 133.80000
7.386 133.80000
7.390 134.30000
7.426 134.30000
7.467 134.30000
7.507 134.30000
8.386 134.30000
8.390 134.80000
8.427 134.80000
8.467 134.80000
8.507 134.80000
9.387 134.80000
9.390 135.50000
9.427 135.50000
9.468 135.50000
9.508 135.50000
10.387 135.50000
10.390 136.39999
10.428 136.39999
10.468 136.39999
10.508 136.39999
11.387 136.39999
11.390 137.39999
11.427 137.39999
11.468 137.39999
11.508 137.39999
12.387 137.39999
12.390 138.50000
12.427 138.50000
12.468 138.50000
12.508 138.50000
13.387 138.50000
13.390 139.80000
13.427 139.80000
13.468 139.80000
13.508 139.80000
14.387 139.80000
14.390 141.10001
14.427 141.10001
14.467 141.10001
14.508 141.10001
15.387 141.10001
15.390 142.50000
15.427 142.50000
15.467 142.50000
15.508 142.50000
16.387 142.50000
16.390 143.60001
16.427 143.60001
16.467 143.60001
16.507 143.60001
17.387 143.60001
17.390 144.70000
17.427 144.70000
17.467 144.70000
17.507 144.70000
18.387 144.70000
18.390 145.89999
18.427 145.89999
18.467 145.89999
18.507 145.89999
19.387 145.89999
19.390 146.80000
19.427 146.80000
19.467 146.80000
19.507 146.80000
20.387 146.80000
20.390 147.60001
20.427 147.60001
20.467 147.60001
20.508 147.60001
21.387 147.60001
21.390 148.20000
21.427 148.20000
21.467 148.20000
21.507 148.20000
22.387 148.20000
22.390 148.89999
22.427 148.89999
22.467 148.89999
22.507 148.89999
23.387 148.89999
23.390 149.50000
23.427 149.50000
23.467 149.50000
23.507 149.50000
24.387 149.50000
24.391 149.89999
24.427 149.89999
24.467 149.89999
24.507 149.89999
25.387 149.89999
25.391 150.60001
25.427 150.60001
25.467 150.60001
25.507 150.60001
26.387 150.60001
26.391 151.30000
26.427 151.30000
26.467 151.30000
26.507 151.30000
27.387 151.30000
27.391 152.20000
27.427 152.20000
27.467 152.20000
27.507 152.20000
28.387 152.20000
28.390 153.39999
28.428 153.39999
28.468 153.39999
28.508 153.39999
29.387 153.39999
29.390 154.60001
29.428 154.60001
29.468 154.60001
29.508 154.60001
30.387 154.60001
30.390 156.10001
30.428 156.10001
30.468 156.10001
30.508 156.10001
31.387 156.10001
31.390 157.70000
31.428 157.70000
31.468 157.70000
31.508 157.70000
32.387 157.70000
32.390 159.60001
32.428 159.60001
32.468 159.60001
32.508 159.60001
33.387 159.60001
33.390 161.50000
33.428 161.50000
33.468 161.50000
33.508 161.50000
34.387 161.50000
34.390 163.50000
34.428 163.50000
34.468 163.50000
34.508 163.50000
35.387 163.50000
35.390 165.60001
35.428 165.60001
35.468 165.60001
35.508 165.60001
36.387 165.60001
36.390 167.39999
36.427 167.39999
36.468 167.39999
36.508 167.39999
37.387 167.39999
37.390 169.30000
37.427 169.30000
37.468 169.30000
37.508 169.30000
38.387 169.30000
38.390 171.10001
38.427 171.10001
38.468 171.10001
38.508 171.10001
39.387 171.10001
39.390 172.70000
39.427 172.70000
39.467 172.70000
39.508 172.70000
40.387 172.70000
40.390 174.50000
40.427 174.50000
40.468 174.50000
40.508 174.50000
41.387 174.50000
41.390 176.10001
41.427 176.10001
41.467 176.10001
41.507 176.10001
42.387 176.10001
42.391 177.60001
42.427 177.60001
42.467 177.60001
42.508 177.60001
43.387 177.60001
43.391 179.00000
43.427 179.00000
43.467 179.00000
43.508 179.00000
44.387 179.00000
44.391 180.20000
44.427 180.20000
44.467 180.20000
44.507 180.20000
45.387 180.20000
45.391 181.39999
45.428 181.39999
45.468 181.39999
45.508 181.39999
46.388 181.39999
46.391 182.39999
46.428 182.39999
46.468 182.39999
46.508 182.39999
47.388 182.39999
47.391 183.50000
47.428 183.50000
47.468 183.50000
47.509 183.50000
48.388 183.50000
48.391 184.50000
48.428 184.50000
48.468 184.50000
48.508 184.50000
49.388 184.50000
49.391 185.60001
49.428 185.60001
49.468 185.60001
49.508 185.60001
50.388 185.60001
50.391 186.60001
50.428 186.60001
50.468 186.60001
50.508 186.60001
51.388 186.60001
51.391 187.50000
51.428 187.50000
51.468 187.50000
51.508 187.50000
52.388 187.50000
52.391 188.30000
52.428 188.30000
52.468 188.30000
52.508 188.30000
53.388 188.30000
53.391 189.10001
53.428 189.10001
53.468 189.10001
53.508 189.10001
54.387 189.10001
54.391 190.00000
54.428 190.00000
54.468 190.00000
54.508 190.00000
55.387 190.00000
55.390 191.00000
55.428 191.00000
55.468 191.00000
55.508 191.00000
56.387 191.00000
56.390 191.80000
56.428 191.80000
56.468 191.80000
56.508 191.80000
57.387 191.80000
57.390 193.20000
57.428 193.20000
57.468 193.20000
57.508 193.20000
58.387 193.20000
58.390 194.70000
58.428 194.70000
58.468 194.70000
58.508 194.70000
59.387 194.70000
59.390 196.39999
59.428 196.39999
59.468 196.39999
59.508 196.39999
60.387 196.39999
60.390 198.20000
60.428 198.20000
60.468 198.20000
60.508 198.20000
61.387 198.20000
61.391 200.30000
61.427 200.30000
61.468 200.30000
61.508 200.30000
62.387 200.30000
62.391 202.70000
62.427 202.70000
62.468 202.70000
62.508 202.70000
63.387 202.70000
63.391 204.80000
63.428 204.80000
63.468 204.80000
63.508 204.80000
64.388 204.80000
64.391 207.30000
64.429 207.30000
64.469 207.30000
64.509 207.30000
65.388 207.30000
65.391 209.70000
65.429 209.70000
65.469 209.70000
65.509 209.70000
66.388 209.70000
66.391 212.10001
66.428 212.10001
66.468 212.10001
66.509 212.10001
67.388 212.10001
67.391 214.39999
67.429 214.39999
67.469 214.39999
67.509 214.39999
68.388 214.39999
68.391 216.70000
68.428 216.70000
68.468 216.70000
68.509 216.70000
69.388 216.70000
69.391 218.89999
69.428 218.89999
69.468 218.89999
69.509 218.89999
70.388 218.89999
70.391 220.80000
70.428 220.80000
70.468 220.80000
70.509 220.80000
71.388 220.80000
71.391 222.70000
71.428 222.70000
71.468 222.70000
71.509 222.70000
72.388 222.70000
72.391 224.70000
72.428 224.70000
72.468 224.70000
72.508 224.70000
73.388 224.70000
73.391 226.70000
73.428 226.70000
73.468 226.70000
73.508 226.70000
74.388 226.70000
74.391 228.70000
74.428 228.70000
74.468 228.70000
74.508 228.70000
75.388 228.70000
75.391 230.70000
75.428 230.70000
75.468 230.70000
75.508 230.70000
76.388 230.70000
76.391 232.80000
76.428 232.80000
76.468 232.80000
76.508 232.80000
77.388 232.80000
77.391 234.80000
77.428 234.80000
77.468 234.80000
77.508 234.80000
78.388 234.80000
78.391 237.00000
78.428 237.00000
78.468 237.00000
78.508 237.00000
79.388 237.00000
79.392 239.39999
79.428 239.39999
79.468 239.39999
79.508 239.39999
80.388 239.39999
80.392 241.80000
80.428 241.80000
80.468 241.80000
80.508 241.80000
81.388 241.80000
81.391 244.39999
81.428 244.39999
81.468 244.39999
81.508 244.39999
82.388 244.39999
82.392 246.89999
82.428 246.89999
82.468 246.89999
82.508 246.89999
83.388 246.89999
83.391 249.30000
83.429 249.30000
83.469 249.30000
83.509 249.30000
84.388 249.30000
84.391 251.80000
84.429 251.80000
84.469 251.80000
84.509 251.80000
85.388 251.80000
85.391 254.20000
85.429 254.20000
85.469 254.20000
85.509 254.20000
86.388 254.20000
86.391 256.39999
86.429 256.39999
86.469 256.39999
86.509 256.39999
87.388 256.39999
87.391 258.50000
87.429 258.50000
87.469 258.50000
87.509 258.50000
88.388 258.50000
88.391 260.39999
88.429 260.39999
88.469 260.39999
88.509 260.39999
89.388 260.39999
89.391 262.10001
89.428 262.10001
89.469 262.10001
89.509 262.10001
90.388 262.10001
90.391 263.50000
90.428 263.50000
90.469 263.50000
90.509 263.50000
91.388 263.50000
91.391 264.50000
91.428 264.50000
91.469 264.50000
91.509 264.50000
92.388 264.50000
92.391 265.29999
92.428 265.29999
92.469 265.29999
92.509 265.29999
93.388 265.29999
93.391 266.10001
93.428 266.10001
93.468 266.10001
93.508 266.10001
94.388 266.10001
94.391 266.70001
94.428 266.70001
94.468 266.70001
94.509 266.70001
95.388 266.70001
95.391 267.00000
95.428 267.00000
95.468 267.00000
95.509 267.00000
96.388 267.00000
96.391 267.29999
96.428 267.29999
96.468 267.29999
96.509 267.29999
97.388 267.29999
97.392 267.70001
97.428 267.70001
97.468 267.70001
97.509 267.70001
98.388 267.70001
98.392 268.10001
98.428 268.10001
98.468 268.10001
98.508 268.10001
99.388 268.10001
99.392 268.39999
99.428 268.39999
99.468 268.39999
99.508 268.39999
100.388 268.39999
100.392 268.89999
100.428 268.89999
100.468 268.89999
100.508 268.89999
101.389 268.89999
101.392 269.29999
101.429 269.29999
101.469 269.29999
101.509 269.29999
102.389 269.29999
102.392 269.89999
102.429 269.89999
102.469 269.89999
102.509 269.89999
103.389 269.89999
103.392 270.50000
103.429 270.50000
103.469 270.50000
103.509 270.50000
104.389 270.50000
104.392 271.20001
104.429 271.20001
104.469 271.20001
104.509 271.20001
105.389 271.20001
105.392 272.00000
105.429 272.00000
105.469 272.00000
105.509 272.00000
106.389 272.00000
106.392 272.89999
106.429 272.89999
106.469 272.89999
106.509 272.89999
107.389 272.89999
107.392 274.00000
107.429 274.00000
107.469 274.00000
107.509 274.00000
108.389 274.00000
108.391 275.00000
108.429 275.00000
108.469 275.00000
108.509 275.00000
109.388 275.00000
109.391 276.29999
109.429 276.29999
109.469 276.29999
109.509 276.29999
110.388 276.29999
110.391 277.39999
110.429 277.39999
110.469 277.39999
110.509 277.39999
111.388 277.39999
111.391 278.70001
111.429 278.70001
111.469 278.70001
111.509 278.70001
112.388 278.70001
112.391 279.89999
112.429 279.89999
112.469 279.89999
112.509 279.89999
113.388 279.89999
113.391 281.20001
113.429 281.20001
113.469 281.20001
113.509 281.20001
114.388 281.20001
114.391 282.50000
114.429 282.50000
114.469 282.50000
114.509 282.50000
115.388 282.50000
115.392 283.79999
115.429 283.79999
115.469 283.79999
115.509 283.79999
116.388 283.79999
116.392 285.00000
116.428 285.00000
116.469 285.00000
116.509 285.00000
117.388 285.00000
117.392 286.39999
117.429 286.39999
117.469 286.39999
117.509 286.39999
118.389 286.39999
118.392 288.00000
118.429 288.00000
118.470 288.00000
118.510 288.00000
119.389 288.00000
119.392 289.39999
119.429 289.39999
119.470 289.39999
119.510 289.39999
120.389 289.39999
120.392 290.70001
120.429 290.70001
120.469 290.70001
120.510 290.70001
121.389 290.70001
121.392 291.70001
121.429 291.70001
121.470 291.70001
121.510 291.70001
122.389 291.70001
122.392 292.29999
122.429 292.29999
122.469 292.29999
122.510 292.29999
123.389 292.29999
123.392 292.39999
123.429 292.39999
123.469 292.39999
123.510 292.39999
124.389 292.39999
124.392 292.29999
124.429 292.29999
124.469 292.29999
124.510 292.29999
125.389 292.29999
125.392 291.60001
125.429 291.60001
125.469 291.60001
125.510 291.60001
126.389 291.60001
126.392 290.39999
126.429 290.39999
126.469 290.39999
126.509 290.39999
127.389 290.39999
127.392 288.79999
127.429 288.79999
127.469 288.79999
127.509 288.79999
128.389 288.79999
128.392 286.89999
128.429 286.89999
128.469 286.89999
128.509 286.89999
129.389 286.89999
129.392 284.29999
129.429 284.29999
129.469 284.29999
129.509 284.29999
130.389 284.29999
130.392 281.39999
130.429 281.39999
130.469 281.39999
130.509 281.39999
131.389 281.39999
131.392 278.39999
131.429 278.39999
131.469 278.39999
131.509 278.39999
132.389 278.39999
132.393 275.10001
132.429 275.10001
132.469 275.10001
132.509 275.10001
133.389 275.10001
133.393 271.50000
133.429 271.50000
133.469 271.50000
133.509 271.50000
134.389 271.50000
134.393 267.60001
134.429 267.60001
134.469 267.60001
134.509 267.60001
135.389 267.60001
135.392 263.70001
135.429 263.70001
135.469 263.70001
135.509 263.70001
136.389 263.70001
136.392 259.89999
136.430 259.89999
136.470 259.89999
136.510 259.89999
137.389 259.89999
137.392 255.80000
137.430 255.80000
137.470 255.80000
137.510 255.80000
138.389 255.80000
138.392 252.10001
138.430 252.10001
138.470 252.10001
138.510 252.10001
139.389 252.10001
139.392 248.60001
139.430 248.60001
139.470 248.60001
139.510 248.60001
140.389 248.60001
140.392 245.39999
140.430 245.39999
140.470 245.39999
140.510 245.39999
141.389 245.39999
141.392 242.39999
141.430 242.39999
141.470 242.39999
141.510 242.39999
142.389 242.39999
142.392 239.60001
142.429 239.60001
142.470 239.60001
142.510 239.60001
143.389 239.60001
143.392 237.00000
143.430 237.00000
143.470 237.00000
143.510 237.00000
144.389 237.00000
144.392 235.20000
144.430 235.20000
144.470 235.20000
144.510 235.20000
145.389 235.20000
145.392 233.60001
145.429 233.60001
145.470 233.60001
145.510 233.60001
146.389 233.60001
146.392 232.60001
146.429 232.60001
146.470 232.60001
146.510 232.60001
147.389 232.60001
147.392 232.50000
147.429 232.50000
147.470 232.50000
147.510 232.50000
148.389 232.50000
148.392 232.20000
148.429 232.20000
148.469 232.20000
148.510 232.20000
149.389 232.20000
149.392 232.10001
149.429 232.10001
149.469 232.10001
149.510 232.10001
150.389 232.10001
150.392 231.80000
150.429 231.80000
150.469 231.80000
150.510 231.80000
151.389 231.80000
151.393 231.89999
151.429 231.89999
151.469 231.89999
151.509 231.89999
152.389 231.89999
152.393 232.80000
152.429 232.80000
152.469 232.80000
152.509 232.80000
153.389 232.80000
153.393 234.00000
153.429 234.00000
153.469 234.00000
153.509 234.00000
154.389 234.00000
154.393 235.39999
154.429 235.39999
154.469 235.39999
154.509 235.39999
155.390 235.39999
155.393 236.80000
155.430 236.80000
155.470 236.80000
155.510 236.80000
156.390 236.80000
156.393 238.39999
156.430 238.39999
156.470 238.39999
156.510 238.39999
157.390 238.39999
157.393 240.00000
157.430 240.00000
157.470 240.00000
157.510 240.00000
158.390 240.00000
158.393 241.80000
158.430 241.80000
158.470 241.80000
158.510 241.80000
159.390 241.80000
159.393 243.89999
159.430 243.89999
159.470 243.89999
159.510 243.89999
160.390 243.89999
160.393 245.89999
160.430 245.89999
160.470 245.89999
160.510 245.89999
161.390 245.89999
161.393 247.80000
161.430 247.80000
161.470 247.80000
161.510 247.80000
162.390 247.80000
162.392 249.80000
162.430 249.80000
162.470 249.80000
162.510 249.80000
163.389 249.80000
163.392 251.70000
163.430 251.70000
163.470 251.70000
163.510 251.70000
164.389 251.70000
164.392 253.30000
164.430 253.30000
164.470 253.30000
164.510 253.30000
165.389 253.30000
165.392 255.00000
165.430 255.00000
165.470 255.00000
165.510 255.00000
166.389 255.00000
166.392 256.89999
166.430 256.89999
166.470 256.89999
166.510 256.89999
167.389 256.89999
167.392 258.39999
167.430 258.39999
167.470 258.39999
167.510 258.39999
168.389 258.39999
168.392 259.79999
168.430 259.79999
168.470 259.79999
168.510 259.79999
169.389 259.79999
169.393 261.00000
169.429 261.00000
169.470 261.00000
169.510 261.00000
170.389 261.00000
170.393 261.39999
170.429 261.39999
170.470 261.39999
170.510 261.39999
171.389 261.39999
171.393 261.00000
171.429 261.00000
171.470 261.00000
171.510 261.00000
172.390 261.00000
172.393 260.00000
172.430 260.00000
172.471 260.00000
172.511 260.00000
173.390 260.00000
173.393 258.00000
173.431 258.00000
173.471 258.00000
173.511 258.00000
174.390 258.00000
174.393 254.20000
174.430 254.20000
174.470 254.20000
174.511 254.20000
175.390 254.20000
175.393 249.80000
175.430 249.80000
175.471 249.80000
175.511 249.80000
176.390 249.80000
176.393 245.10001
176.431 245.10001
176.471 245.10001
176.511 245.10001
177.390 245.10001
177.393 240.20000
177.430 240.20000
177.470 240.20000
177.511 240.20000
178.390 240.20000
178.393 234.60001
178.430 234.60001
178.470 234.60001
178.510 234.60001
179.390 234.60001
179.393 229.00000
179.430 229.00000
179.470 229.00000
179.511 229.00000
180.390 229.00000
180.393 223.00000
180.430 223.00000
180.470 223.00000
180.510 223.00000
181.390 223.00000
181.393 217.39999
181.430 217.39999
181.470 217.39999
181.510 217.39999
182.390 217.39999
182.393 212.50000
182.430 212.50000
182.470 212.50000
182.510 212.50000
183.390 212.50000
183.393 207.70000
183.430 207.70000
183.470 207.70000
183.510 207.70000
184.390 207.70000
184.393 203.50000
184.430 203.50000
184.470 203.50000
184.510 203.50000
185.390 203.50000
185.393 200.10001
185.430 200.10001
185.470 200.10001
185.510 200.10001
186.390 200.10001
186.393 197.10001
186.430 197.10001
186.470 197.10001
186.510 197.10001
187.390 197.10001
187.394 194.80000
187.430 194.80000
187.470 194.80000
187.510 194.80000
188.390 194.80000
188.394 190.39999
188.430 190.39999
188.470 190.39999
188.510 190.39999
189.389 190.39999
189.393 188.30000
189.430 188.30000
189.470 188.30000
189.510 188.30000
190.389 188.30000
190.393 186.10001
190.430 186.10001
190.470 186.10001
190.510 186.10001
191.390 186.10001
191.393 182.39999
191.431 182.39999
191.471 182.39999
191.511 182.39999
192.390 182.39999
192.393 179.70000
192.431 179.70000
192.471 179.70000
192.511 179.70000
193.390 179.70000
193.393 177.00000
193.431 177.00000
193.471 177.00000
193.511 177.00000
194.390 177.00000
194.393 174.70000
194.431 174.70000
194.471 174.70000
194.511 174.70000
195.390 174.70000
195.393 173.39999
195.431 173.39999
195.471 173.39999
195.511 173.39999
196.390 173.39999
196.393 173.10001
196.431 173.10001
196.471 173.10001
196.511 173.10001
197.390 173.10001
197.393 170.89999
197.430 170.89999
197.471 170.89999
197.511 170.89999
198.390 170.89999
198.393 169.60001
198.430 169.60001
198.471 169.60001
198.511 169.60001
199.390 169.60001
199.393 168.80000
199.430 168.80000
199.470 168.80000
199.511 168.80000
200.390 168.80000
200.393 168.00000
200.430 168.00000
200.470 168.00000
200.511 168.00000
201.390 168.00000
201.393 168.39999
201.430 168.39999
201.470 168.39999
201.511 168.39999
202.390 168.39999
202.393 168.30000
202.430 168.30000
202.470 168.30000
202.511 168.30000
203.390 168.30000
203.393 165.60001
203.430 165.60001
203.471 165.60001
203.511 165.60001
204.390 165.60001
204.393 165.60001
204.430 165.60001
204.470 165.60001
204.511 165.60001
205.390 165.60001
205.394 164.39999
205.430 164.39999
205.470 164.39999
205.511 164.39999
206.390 164.39999
206.394 163.50000
206.430 163.50000
206.470 163.50000
206.511 163.50000
207.390 163.50000
207.394 162.50000
207.430 162.50000
207.470 162.50000
207.510 162.50000
208.390 162.50000
208.394 162.30000
208.430 162.30000
208.470 162.30000
208.510 162.30000
209.391 162.30000
209.394 161.50000
209.431 161.50000
209.471 161.50000
209.511 161.50000
210.391 161.50000
210.394 161.39999
210.431 161.39999
210.471 161.39999
210.511 161.39999
211.391 161.39999
211.394 161.50000
211.431 161.50000
211.471 161.50000
211.511 161.50000
212.391 161.50000
212.394 161.30000
212.431 161.30000
212.471 161.30000
212.511 161.30000
213.391 161.30000
213.394 161.89999
213.431 161.89999
213.471 161.89999
213.511 161.89999
214.391 161.89999
214.394 161.50000
214.431 161.50000
214.471 161.50000
214.511 161.50000
215.391 161.50000
215.393 161.10001
215.431 161.10001
215.471 161.10001
215.511 161.10001
216.390 161.10001
216.393 160.60001
216.431 160.60001
216.471 160.60001
216.511 160.60001
217.390 160.60001
217.393 160.30000
217.431 160.30000
217.471 160.30000
217.511 160.30000
218.390 160.30000
218.393 160.50000
218.431 160.50000
218.471 160.50000
218.511 160.50000
219.390 160.50000
219.393 160.00000
219.431 160.00000
219.471 160.00000
219.511 160.00000
220.390 160.00000
220.393 159.60001
220.431 159.60001
220.471 159.60001
220.511 159.60001
221.390 159.60001
221.393 159.20000
221.431 159.20000
221.471 159.20000
221.511 159.20000
222.390 159.20000
222.393 158.60001
222.431 158.60001
222.471 158.60001
222.511 158.60001
223.390 158.60001
223.394 157.80000
223.430 157.80000
223.471 157.80000
223.511 157.80000
224.390 157.80000
224.394 157.00000
224.430 157.00000
224.471 157.00000
224.511 157.00000
225.390 157.00000
225.394 156.00000
225.430 156.00000
225.471 156.00000
225.511 156.00000
226.390 156.00000
226.394 155.80000
226.431 155.80000
226.471 155.80000
226.511 155.80000
227.391 155.80000
227.394 156.00000
227.431 156.00000
227.471 156.00000
227.512 156.00000
228.391 156.00000
228.394 155.10001
228.431 155.10001
228.471 155.10001
228.512 155.10001
229.391 155.10001
229.394 155.20000
229.431 155.20000
229.471 155.20000
229.512 155.20000
230.391 155.20000
230.394 156.70000
230.431 156.70000
230.471 156.70000
230.511 156.70000
231.391 156.70000
231.394 157.10001
231.431 157.10001
231.471 157.10001
231.512 157.10001
232.391 157.10001
232.394 158.39999
232.431 158.39999
232.471 158.39999
232.511 158.39999
233.391 158.39999
233.394 159.60001
233.431 159.60001
233.471 159.60001
233.511 159.60001
234.391 159.60001
234.394 160.20000
234.431 160.20000
234.471 160.20000
234.511 160.20000
235.391 160.20000
235.394 160.20000
235.431 160.20000
235.471 160.20000
235.511 160.20000
236.391 160.20000
236.394 161.39999
236.431 161.39999
236.471 161.39999
236.511 161.39999
237.391 161.39999
237.394 161.00000
237.431 161.00000
237.471 161.00000
237.511 161.00000
238.391 161.00000
238.394 161.00000
238.431 161.00000
238.471 161.00000
238.511 161.00000
239.391 161.00000
239.394 160.10001
239.431 160.10001
239.471 160.10001
239.511 160.10001
240.391 160.10001
240.394 160.70000
240.431 160.70000
240.471 160.70000
240.511 160.70000
241.391 160.70000
241.395 161.10001
241.431 161.10001
241.471 161.10001
241.511 161.10001
242.391 161.10001
242.395 161.80000
242.431 161.80000
242.471 161.80000
242.511 161.80000
243.391 161.80000
243.395 161.89999
243.431 161.89999
243.471 161.89999
243.512 161.89999
244.390 161.89999
244.395 161.89999
244.431 161.89999
244.471 161.89999
244.511 161.89999
245.391 161.89999
245.395 161.80000
245.432 161.80000
245.472 161.80000
245.513 161.80000
246.391 161.80000
246.394 162.39999
246.432 162.39999
246.472 162.39999
246.512 162.39999
247.391 162.39999
247.394 161.50000
247.432 161.50000
247.472 161.50000
247.512 161.50000
248.391 161.50000
248.394 162.60001
248.432 162.60001
248.472 162.60001
248.512 162.60001
249.391 162.60001
249.394 162.70000
249.432 162.70000
249.472 162.70000
249.512 162.70000
250.391 162.70000
250.394 164.10001
250.432 164.10001
250.472 164.10001
250.512 164.10001
251.391 164.10001
251.394 163.70000
251.431 163.70000
251.472 163.70000
251.512 163.70000
252.391 163.70000
252.394 163.10001
252.431 163.10001
252.472 163.10001
252.512 163.10001
253.391 163.10001
253.394 165.20000
253.431 165.20000
253.472 165.20000
253.512 165.20000
254.391 165.20000
254.394 164.80000
254.432 164.80000
254.472 164.80000
254.513 164.80000
255.391 164.80000
255.394 164.30000
255.431 164.30000
255.471 164.30000
255.512 164.30000
256.391 164.30000
256.394 164.39999
256.431 164.39999
256.471 164.39999
256.511 164.39999
257.391 164.39999
257.394 164.20000
257.431 164.20000
257.472 164.20000
257.512 164.20000
258.391 164.20000
258.394 164.20000
258.431 164.20000
258.471 164.20000
258.511 164.20000
259.391 164.20000
259.394 164.80000
259.431 164.80000
259.471 164.80000
259.511 164.80000
260.391 164.80000
260.395 164.89999
260.431 164.89999
260.471 164.89999
260.512 164.89999
261.391 164.89999
261.395 164.89999
261.431 164.89999
261.471 164.89999
261.511 164.89999
262.391 164.89999
262.395 165.30000
262.431 165.30000
262.471 165.30000
262.511 165.30000
263.392 165.30000
263.395 164.30000
263.432 164.30000
263.472 164.30000
263.512 164.30000
264.392 164.30000
264.395 164.20000
264.432 164.20000
264.472 164.20000
264.512 164.20000
265.392 164.20000
265.395 164.10001
265.432 164.10001
265.472 164.10001
265.512 164.10001
266.392 164.10001
266.395 163.89999
266.432 163.89999
266.472 163.89999
266.512 163.89999
267.392 163.89999
267.395 163.30000
267.432 163.30000
267.472 163.30000
267.512 163.30000
268.392 163.30000
268.395 163.00000
268.432 163.00000
268.472 163.00000
268.512 163.00000
269.392 163.00000
269.394 164.00000
269.432 164.00000
269.472 164.00000
269.512 164.00000
270.391 164.00000
270.394 165.10001
270.432 165.10001
270.472 165.10001
270.512 165.10001
271.391 165.10001
271.394 163.80000
271.432 163.80000
271.472 163.80000
271.512 163.80000
272.391 163.80000
272.394 162.80000
272.432 162.80000
272.472 162.80000
272.512 162.80000
273.391 162.80000
273.394 162.30000
273.432 162.30000
273.472 162.30000
273.512 162.30000
274.391 162.30000
274.394 162.39999
274.432 162.39999
274.472 162.39999
274.512 162.39999
275.391 162.39999
275.394 160.89999
275.432 160.89999
275.472 160.89999
275.512 160.89999
276.391 160.89999
276.394 159.39999
276.432 159.39999
276.472 159.39999
276.512 159.39999
277.391 159.39999
277.394 159.70000
277.432 159.70000
277.472 159.70000
277.512 159.70000
278.391 159.70000
278.395 158.60001
278.432 158.60001
278.472 158.60001
278.512 158.60001
279.391 158.60001
279.395 159.20000
279.432 159.20000
279.472 159.20000
279.512 159.20000
280.392 159.20000
280.395 158.00000
280.432 158.00000
280.473 158.00000
280.513 158.00000
281.392 158.00000
281.395 156.50000
281.432 156.50000
281.472 156.50000
281.513 156.50000
282.392 156.50000
282.395 154.70000
282.432 154.70000
282.472 154.70000
282.513 154.70000
283.392 154.70000
283.395 154.70000
283.432 154.70000
283.472 154.70000
283.513 154.70000
284.392 154.70000
284.395 152.89999
284.432 152.89999
284.472 152.89999
284.513 152.89999
285.392 152.89999
285.395 152.10001
285.433 152.10001
285.473 152.10001
285.513 152.10001
286.392 152.10001
286.395 151.30000
286.432 151.30000
286.472 151.30000
286.512 151.30000
287.392 151.30000
287.395 150.50000
287.432 150.50000
287.472 150.50000
287.512 150.50000
288.392 150.50000
288.395 149.30000
288.433 149.30000
288.473 149.30000
288.513 149.30000
289.393 149.30000
289.395 149.50000
289.433 149.50000
289.473 149.50000
289.513 149.50000
290.392 149.50000
290.395 147.80000
290.432 147.80000
290.472 147.80000
290.512 147.80000
291.392 147.80000
291.395 147.39999
291.432 147.39999
291.472 147.39999
291.512 147.39999
292.392 147.39999
292.395 146.80000
292.433 146.80000
292.473 146.80000
292.513 146.80000
293.392 146.80000
293.395 146.00000
293.433 146.00000
293.473 146.00000
293.513 146.00000
294.392 146.00000
294.395 146.80000
294.432 146.80000
294.472 146.80000
294.512 146.80000
295.392 146.80000
295.395 146.89999
295.432 146.89999
295.472 146.89999
295.512 146.89999
296.392 146.89999
296.396 145.50000
296.432 145.50000
296.472 145.50000
296.512 145.50000
297.392 145.50000
297.395 146.50000
297.432 146.50000
297.472 146.50000
297.512 146.50000
298.391 146.50000
298.395 144.20000
298.432 144.20000
298.472 144.20000
298.512 144.20000
299.392 144.20000
299.395 145.00000
299.433 145.00000
299.473 145.00000
299.513 145.00000
300.392 145.00000
300.395 143.20000
300.433 143.20000
300.473 143.20000
300.513 143.20000
301.392 143.20000
301.395 142.10001
301.433 142.10001
301.473 142.10001
301.513 142.10001
302.392 142.10001
302.395 142.00000
302.433 142.00000
302.473 142.00000
302.513 142.00000
303.392 142.00000
303.395 143.10001
303.433 143.10001
303.473 143.10001
303.513 143.10001
304.392 143.10001
304.395 141.30000
304.433 141.30000
304.473 141.30000
304.513 141.30000
305.392 141.30000
305.395 141.80000
305.433 141.80000
305.473 141.80000
305.513 141.80000
306.392 141.80000
306.395 141.00000
306.432 141.00000
306.473 141.00000
306.513 141.00000
307.392 141.00000
307.395 141.70000
307.432 141.70000
307.473 141.70000
307.513 141.70000
308.392 141.70000
308.395 141.80000
308.432 141.80000
308.473 141.80000
308.513 141.80000
309.392 141.80000
309.395 142.10001
309.432 142.10001
309.473 142.10001
309.513 142.10001
310.392 142.10001
310.395 142.50000
310.432 142.50000
310.472 142.50000
310.513 142.50000
311.392 142.50000
311.395 142.10001
311.432 142.10001
311.472 142.10001
311.513 142.10001
312.392 142.10001
312.395 142.10001
312.432 142.10001
312.472 142.10001
312.513 142.10001
313.392 142.10001
313.395 143.80000
313.432 143.80000
313.472 143.80000
313.512 143.80000
314.392 143.80000
314.396 143.60001
314.432 143.60001
314.472 143.60001
314.512 143.60001
315.392 143.60001
315.396 143.80000
315.432 143.80000
315.472 143.80000
315.512 143.80000
316.392 143.80000
316.396 142.20000
316.432 142.20000
316.472 142.20000
316.512 142.20000
317.392 142.20000
317.396 142.50000
317.432 142.50000
317.472 142.50000
317.512 142.50000
318.393 142.50000
318.396 143.50000
318.433 143.50000
318.473 143.50000
318.514 143.50000
319.393 143.50000
319.396 143.70000
319.433 143.70000
319.473 143.70000
319.513 143.70000
320.393 143.70000
320.396 144.00000
320.433 144.00000
320.473 144.00000
320.513 144.00000
321.393 144.00000
321.396 143.80000
321.433 143.80000
321.473 143.80000
321.513 143.80000
322.393 143.80000
322.396 144.60001
322.433 144.60001
322.473 144.60001
322.513 144.60001
323.393 144.60001
323.396 145.30000
323.433 145.30000
323.473 145.30000
323.513 145.30000
324.393 145.30000
324.395 145.60001
324.433 145.60001
324.473 145.60001
324.513 145.60001
325.392 145.60001
325.395 145.70000
325.433 145.70000
325.473 145.70000
325.513 145.70000
326.392 145.70000
326.395 145.00000
326.433 145.00000
326.473 145.00000
326.513 145.00000
327.392 145.00000
327.395 144.39999
327.433 144.39999
327.473 144.39999
327.513 144.39999
328.392 144.39999
328.395 144.10001
328.433 144.10001
328.473 144.10001
328.513 144.10001
329.392 144.10001
329.395 144.50000
329.433 144.50000
329.473 144.50000
329.513 144.50000
330.392 144.50000
330.395 145.00000
330.433 145.00000
330.473 145.00000
330.513 145.00000
331.392 145.00000
331.395 146.39999
331.432 146.39999
331.473 146.39999
331.513 146.39999
332.392 146.39999
332.396 146.00000
332.432 146.00000
332.473 146.00000
332.513 146.00000
333.392 146.00000
333.396 145.30000
333.433 145.30000
333.473 145.30000
333.513 145.30000
334.392 145.30000
334.396 146.00000
334.432 146.00000
334.472 146.00000
334.513 146.00000
335.392 146.00000
335.396 147.10001
335.432 147.10001
335.473 147.10001
335.513 147.10001
336.393 147.10001
336.396 147.60001
336.433 147.60001
336.473 147.60001
336.514 147.60001
337.393 147.60001
337.396 147.80000
337.433 147.80000
337.474 147.80000
337.514 147.80000
338.393 147.80000
338.396 148.39999
338.433 148.39999
338.474 148.39999
338.514 148.39999
339.393 148.39999
339.396 147.80000
339.433 147.80000
339.473 147.80000
339.514 147.80000
340.393 147.80000
340.396 147.89999
340.434 147.89999
340.474 147.89999
340.514 147.89999
341.393 147.89999
341.396 147.50000
341.433 147.50000
341.473 147.50000
341.514 147.50000
342.393 147.50000
342.396 147.20000
342.433 147.20000
342.473 147.20000
342.514 147.20000
343.393 147.20000
343.396 147.10001
343.433 147.10001
343.473 147.10001
343.513 147.10001
344.393 147.10001
344.396 146.70000
344.433 146.70000
344.473 146.70000
344.513 146.70000
345.393 146.70000
345.396 147.30000
345.433 147.30000
345.473 147.30000
345.513 147.30000
346.393 147.30000
346.396 147.10001
346.433 147.10001
346.473 147.10001
346.513 147.10001
347.393 147.10001
347.396 148.10001
347.433 148.10001
347.473 148.10001
347.513 148.10001
348.393 148.10001
348.396 148.39999
348.433 148.39999
348.473 148.39999
348.513 148.39999
349.393 148.39999
349.396 147.89999
349.433 147.89999
349.473 147.89999
349.513 147.89999
350.393 147.89999
350.397 147.00000
350.433 147.00000
350.473 147.00000
350.513 147.00000
351.393 147.00000
351.397 148.30000
351.433 148.30000
351.473 148.30000
351.513 148.30000
352.392 148.30000
352.396 148.70000
352.433 148.70000
352.473 148.70000
352.513 148.70000
353.392 148.70000
353.396 148.80000
353.433 148.80000
353.473 148.80000
353.513 148.80000
354.393 148.80000
354.396 148.80000
354.434 148.80000
354.474 148.80000
354.514 148.80000
355.393 148.80000
355.396 149.20000
355.434 149.20000
355.474 149.20000
355.514 149.20000
356.393 149.20000
356.396 150.10001
356.434 150.10001
356.474 150.10001
356.514 150.10001
357.393 150.10001
357.396 150.60001
357.434 150.60001
357.474 150.60001
357.514 150.60001
358.393 150.60001
358.396 151.50000
358.433 151.50000
358.474 151.50000
358.514 151.50000
359.393 151.50000
359.396 151.50000
359.434 151.50000
359.474 151.50000
359.514 151.50000
360.393 151.50000
360.396 152.60001
360.433 152.60001
360.474 152.60001
360.514 152.60001
361.393 152.60001
361.396 152.89999
361.433 152.89999
361.474 152.89999
361.514 152.89999
362.393 152.89999
362.396 151.70000
362.433 151.70000
362.474 151.70000
362.514 151.70000
363.393 151.70000
363.396 151.60001
363.433 151.60001
363.473 151.60001
363.514 151.60001
364.393 151.60001
364.396 152.39999
364.433 152.39999
364.474 152.39999
364.514 152.39999
365.393 152.39999
365.396 152.10001
365.433 152.10001
365.474 152.10001
365.514 152.10001
366.393 152.10001
366.396 150.70000
366.433 150.70000
366.473 150.70000
366.514 150.70000
367.393 150.70000
367.396 150.10001
367.433 150.10001
367.474 150.10001
367.514 150.10001
368.393 150.10001
368.397 151.00000
368.433 151.00000
368.473 151.00000
368.514 151.00000
369.393 151.00000
369.397 150.70000
369.433 150.70000
369.473 150.70000
369.513 150.70000
370.393 150.70000
370.397 150.00000
370.433 150.00000
370.473 150.00000
370.513 150.00000
371.393 150.00000
371.397 148.20000
371.433 148.20000
371.473 148.20000
371.513 148.20000
372.394 148.20000
372.397 147.60001
372.434 147.60001
372.474 147.60001
372.514 147.60001
373.394 147.60001
373.397 146.30000
373.434 146.30000
373.474 146.30000
373.514 146.30000
374.394 146.30000
374.397 145.80000
374.434 145.80000
374.474 145.80000
374.514 145.80000
375.394 145.80000
375.397 145.80000
375.434 145.80000
375.474 145.80000
375.514 145.80000
376.394 145.80000
376.397 145.00000
376.434 145.00000
376.474 145.00000
376.514 145.00000
377.394 145.00000
377.396 144.50000
377.434 144.50000
377.474 144.50000
377.514 144.50000
378.394 144.50000
378.397 144.10001
378.434 144.10001
378.474 144.10001
378.514 144.10001
379.393 144.10001
379.396 144.30000
379.434 144.30000
379.474 144.30000
379.514 144.30000
380.393 144.30000
380.396 145.10001
380.434 145.10001
380.474 145.10001
380.514 145.10001
381.393 145.10001
381.396 144.20000
381.434 144.20000
381.474 144.20000
381.514 144.20000
382.393 144.20000
382.396 146.10001
382.434 146.10001
382.474 146.10001
382.514 146.10001
383.393 146.10001
383.396 145.70000
383.434 145.70000
383.474 145.70000
383.514 145.70000
384.393 145.70000
384.396 145.70000
384.433 145.70000
384.474 145.70000
384.514 145.70000
385.393 145.70000
385.397 145.20000
385.434 145.20000
385.474 145.20000
385.514 145.20000
386.393 145.20000
386.397 145.10001
386.433 145.10001
386.474 145.10001
386.514 145.10001
387.393 145.10001
387.397 144.89999
387.434 144.89999
387.474 144.89999
387.514 144.89999
388.393 144.89999
388.397 145.50000
388.433 145.50000
388.474 145.50000
388.514 145.50000
389.393 145.50000
389.397 145.60001
389.433 145.60001
389.473 145.60001
389.514 145.60001
390.394 145.60001
390.397 145.20000
390.434 145.20000
390.474 145.20000
390.515 145.20000
391.394 145.20000
391.397 145.50000
391.434 145.50000
391.474 145.50000
391.514 145.50000
392.394 145.50000
392.397 145.39999
392.434 145.39999
392.474 145.39999
392.515 145.39999
393.394 145.39999
393.397 146.39999
393.434 146.39999
393.474 146.39999
393.515 146.39999
394.394 146.39999
394.397 146.89999
394.434 146.89999
394.474 146.89999
394.514 146.89999
395.394 146.89999
395.397 146.70000
395.434 146.70000
395.474 146.70000
395.514 146.70000
396.394 146.70000
396.397 146.60001
396.434 146.60001
396.474 146.60001
396.514 146.60001
397.394 146.60001
397.397 147.70000
397.434 147.70000
397.474 147.70000
397.514 147.70000
398.394 147.70000
398.397 148.89999
398.434 148.89999
398.474 148.89999
398.514 148.89999
399.394 148.89999
399.397 149.39999
399.434 149.39999
399.474 149.39999
399.514 149.39999
400.394 149.39999
400.397 149.80000
400.434 149.80000
400.474 149.80000
400.514 149.80000
401.394 149.80000
401.397 150.00000
401.434 150.00000
401.474 150.00000
401.514 150.00000
402.394 150.00000
402.397 151.00000
402.434 151.00000
402.475 151.00000
402.515 151.00000
403.394 151.00000
403.397 151.10001
403.434 151.10001
403.474 151.10001
403.514 151.10001
404.394 151.10001
404.396 151.89999
404.434 151.89999
404.474 151.89999
404.514 151.89999
405.394 151.89999
405.397 152.20000
405.435 152.20000
405.475 152.20000
405.515 152.20000
406.393 152.20000
406.397 152.50000
406.434 152.50000
406.474 152.50000
406.514 152.50000
407.393 152.50000
407.397 153.50000
407.434 153.50000
407.474 153.50000
407.514 153.50000
408.393 153.50000
408.397 153.60001
408.434 153.60001
408.474 153.60001
408.514 153.60001
409.394 153.60001
409.397 154.50000
409.435 154.50000
409.475 154.50000
409.515 154.50000
410.394 154.50000
410.397 155.10001
410.435 155.10001
410.475 155.10001
410.515 155.10001
411.394 155.10001
411.397 154.39999
411.435 154.39999
411.475 154.39999
411.515 154.39999
412.394 154.39999
412.397 154.70000
412.435 154.70000
412.475 154.70000
412.515 154.70000
413.394 154.70000
413.397 155.80000
413.434 155.80000
413.475 155.80000
413.515 155.80000
414.394 155.80000
414.397 156.30000
414.435 156.30000
414.475 156.30000
414.515 156.30000
415.394 156.30000
415.397 156.80000
415.434 156.80000
415.474 156.80000
415.515 156.80000
416.394 156.80000
416.397 157.39999
416.434 157.39999
416.474 157.39999
416.515 157.39999
417.394 157.39999
417.397 157.80000
417.435 157.80000
417.475 157.80000
417.515 157.80000
418.394 157.80000
418.397 159.10001
418.434 159.10001
418.474 159.10001
418.515 159.10001
419.394 159.10001
419.397 158.80000
419.434 158.80000
419.474 158.80000
419.515 158.80000
420.394 158.80000
420.397 158.60001
420.434 158.60001
420.474 158.60001
420.515 158.60001
421.394 158.60001
421.397 159.10001
421.434 159.10001
421.474 159.10001
421.514 159.10001
422.394 159.10001
422.397 159.20000
422.434 159.20000
422.474 159.20000
422.515 159.20000
423.394 159.20000
423.398 159.70000
423.434 159.70000
423.474 159.70000
423.514 159.70000
424.394 159.70000
424.398 159.60001
424.434 159.60001
424.474 159.60001
424.514 159.60001
425.394 159.60001
425.398 159.50000
425.434 159.50000
425.474 159.50000
425.514 159.50000
426.395 159.50000
426.398 159.10001
426.435 159.10001
426.475 159.10001
426.516 159.10001
427.395 159.10001
427.398 158.89999
427.435 158.89999
427.475 158.89999
427.515 158.89999
428.395 158.89999
428.398 158.89999
428.435 158.89999
428.475 158.89999
428.515 158.89999
429.395 158.89999
429.398 158.00000
429.435 158.00000
429.475 158.00000
429.515 158.00000
430.395 158.00000
430.397 158.30000
430.435 158.30000
430.475 158.30000
430.515 158.30000
431.394 158.30000
431.397 158.39999
431.435 158.39999
431.475 158.39999
431.515 158.39999
432.394 158.39999
432.397 158.30000
432.435 158.30000
432.475 158.30000
432.515 158.30000
433.394 158.30000
433.397 157.60001
433.435 157.60001
433.475 157.60001
433.515 157.60001
434.394 157.60001
434.397 157.39999
434.435 157.39999
434.475 157.39999
434.515 157.39999
435.394 157.39999
435.397 157.20000
435.435 157.20000
435.475 157.20000
435.515 157.20000
436.394 157.20000
436.397 157.20000
436.435 157.20000
436.475 157.20000
436.515 157.20000
437.394 157.20000
437.397 156.70000
437.435 156.70000
437.475 156.70000
437.515 156.70000
438.394 156.70000
438.397 155.50000
438.435 155.50000
438.475 155.50000
438.515 155.50000
439.394 155.50000
439.397 156.20000
439.434 156.20000
439.475 156.20000
439.515 156.20000
440.394 156.20000
440.397 156.70000
440.434 156.70000
440.475 156.70000
440.515 156.70000
441.394 156.70000
441.398 156.30000
441.435 156.30000
441.475 156.30000
441.515 156.30000
442.394 156.30000
442.398 155.89999
442.434 155.89999
442.474 155.89999
442.515 155.89999
443.394 155.89999
443.398 155.60001
443.434 155.60001
443.474 155.60001
443.515 155.60001
444.394 155.60001
444.398 155.50000
444.434 155.50000
444.474 155.50000
444.515 155.50000
445.395 155.50000
445.398 155.10001
445.435 155.10001
445.475 155.10001
445.516 155.10001
446.395 155.10001
446.398 154.50000
446.435 154.50000
446.475 154.50000
446.515 154.50000
447.395 154.50000
447.398 154.10001
447.435 154.10001
447.475 154.10001
447.516 154.10001
448.395 154.10001
448.398 153.89999
448.435 153.89999
448.475 153.89999
448.515 153.89999
449.395 153.89999
449.398 153.70000
449.435 153.70000
449.475 153.70000
449.515 153.70000
450.395 153.70000
450.398 153.60001
450.435 153.60001
450.475 153.60001
450.515 153.60001
451.395 153.60001
451.398 153.30000
451.435 153.30000
451.475 153.30000
451.515 153.30000
452.395 153.30000
452.398 153.70000
452.435 153.70000
452.475 153.70000
452.515 153.70000
453.395 153.70000
453.398 152.89999
453.435 152.89999
453.475 152.89999
453.515 152.89999
454.395 152.89999
454.398 153.00000
454.435 153.00000
454.475 153.00000
454.515 153.00000
455.395 153.00000
455.398 153.00000
455.435 153.00000
455.475 153.00000
455.515 153.00000
456.395 153.00000
456.398 152.10001
456.435 152.10001
456.475 152.10001
456.515 152.10001
457.395 152.10001
457.397 152.20000
457.435 152.20000
457.475 152.20000
457.515 152.20000
458.395 152.20000
458.398 152.10001
458.435 152.10001
458.475 152.10001
458.515 152.10001
459.394 152.10001
459.397 151.70000
459.435 151.70000
459.475 151.70000
459.515 151.70000
460.394 151.70000
460.398 152.30000
460.435 152.30000
460.475 152.30000
460.515 152.30000
461.394 152.30000
461.398 153.20000
461.435 153.20000
461.475 153.20000
461.515 153.20000
462.394 153.20000
462.398 153.60001
462.435 153.60001
462.475 153.60001
462.515 153.60001
463.395 153.60001
463.398 153.60001
463.436 153.60001
463.476 153.60001
463.516 153.60001
464.395 153.60001
464.398 154.00000
464.436 154.00000
464.476 154.00000
464.516 154.00000
465.395 154.00000
465.398 153.70000
465.435 153.70000
465.476 153.70000
465.516 153.70000
466.395 153.70000
466.398 153.39999
466.436 153.39999
466.476 153.39999
466.516 153.39999
467.395 153.39999
467.398 153.20000
467.435 153.20000
467.476 153.20000
467.516 153.20000
468.395 153.20000
468.398 153.10001
468.435 153.10001
468.476 153.10001
468.516 153.10001
469.395 153.10001
469.398 154.60001
469.435 154.60001
469.475 154.60001
469.516 154.60001
470.395 154.60001
470.398 155.50000
470.435 155.50000
470.475 155.50000
470.516 155.50000
471.395 155.50000
471.398 155.39999
471.435 155.39999
471.475 155.39999
471.516 155.39999
472.395 155.39999
472.398 156.10001
472.435 156.10001
472.475 156.10001
472.515 156.10001
473.395 156.10001
473.398 156.89999
473.435 156.89999
473.475 156.89999
473.516 156.89999
474.395 156.89999
474.398 157.20000
474.435 157.20000
474.475 157.20000
474.516 157.20000
475.395 157.20000
475.398 157.50000
475.435 157.50000
475.475 157.50000
475.516 157.50000
476.395 157.50000
476.398 156.80000
476.435 156.80000
476.475 156.80000
476.515 156.80000
477.395 156.80000
477.398 156.50000
477.435 156.50000
477.475 156.50000
477.515 156.50000
478.395 156.50000
478.399 157.20000
478.435 157.20000
478.475 157.20000
478.515 157.20000
479.395 157.20000
479.399 157.30000
479.435 157.30000
479.475 157.30000
479.515 157.30000
480.395 157.30000
480.399 158.20000
480.435 158.20000
480.475 158.20000
480.515 158.20000
481.396 158.20000
481.399 159.10001
481.436 159.10001
481.476 159.10001
481.516 159.10001
482.396 159.10001
482.399 158.50000
482.436 158.50000
482.476 158.50000
482.516 158.50000
483.396 158.50000
483.399 157.20000
483.436 157.20000
483.476 157.20000
483.516 157.20000
484.396 157.20000
484.399 157.20000
484.436 157.20000
484.476 157.20000
484.516 157.20000
485.395 157.20000
485.399 158.10001
485.436 158.10001
485.476 158.10001
485.516 158.10001
486.395 158.10001
486.398 158.39999
486.436 158.39999
486.476 158.39999
486.516 158.39999
487.395 158.39999
487.398 158.39999
487.436 158.39999
487.476 158.39999
487.516 158.39999
488.395 158.39999
488.398 159.50000
488.436 159.50000
488.476 159.50000
488.516 159.50000
489.395 159.50000
489.398 159.30000
489.436 159.30000
489.476 159.30000
489.516 159.30000
490.395 159.30000
490.398 158.80000
490.436 158.80000
490.476 158.80000
490.516 158.80000
491.395 158.80000
491.398 158.80000
491.436 158.80000
491.476 158.80000
491.516 158.80000
492.395 158.80000
492.398 159.00000
492.436 159.00000
492.476 159.00000
492.516 159.00000
493.395 159.00000
493.398 159.10001
493.435 159.10001
493.476 159.10001
493.516 159.10001
494.395 159.10001
494.398 159.10001
494.435 159.10001
494.476 159.10001
494.516 159.10001
495.395 159.10001
495.398 158.70000
495.435 158.70000
495.475 158.70000
495.516 158.70000
496.395 158.70000
496.399 158.89999
496.435 158.89999
496.476 158.89999
496.516 158.89999
497.395 158.89999
497.399 157.89999
497.435 157.89999
497.475 157.89999
497.516 157.89999
498.395 157.89999
498.399 156.89999
498.435 156.89999
498.475 156.89999
498.516 156.89999
499.396 156.89999
499.400 156.89999
499.436 156.89999
499.476 156.89999
499.516 156.89999
500.396 156.89999
500.399 157.30000
500.436 157.30000
500.476 157.30000
500.517 157.30000
501.396 157.30000
501.399 156.89999
501.436 156.89999
501.476 156.89999
501.516 156.89999
502.396 156.89999
502.399 156.20000
502.436 156.20000
502.476 156.20000
502.516 156.20000
503.396 156.20000
503.399 156.39999
503.436 156.39999
503.476 156.39999
503.516 156.39999
504.396 156.39999
504.399 155.80000
504.436 155.80000
504.476 155.80000
504.516 155.80000
505.396 155.80000
505.399 155.10001
505.436 155.10001
505.476 155.10001
505.516 155.10001
506.396 155.10001
506.399 154.50000
506.436 154.50000
506.476 154.50000
506.516 154.50000
507.396 154.50000
507.399 153.89999
507.436 153.89999
507.476 153.89999
507.516 153.89999
508.396 153.89999
508.399 153.10001
508.436 153.10001
508.476 153.10001
508.516 153.10001
509.396 153.10001
509.399 152.30000
509.436 152.30000
509.476 152.30000
509.516 152.30000
510.396 152.30000
510.399 152.10001
510.436 152.10001
510.476 152.10001
510.516 152.10001
511.396 152.10001
511.399 151.10001
511.436 151.10001
511.476 151.10001
511.516 151.10001
512.395 151.10001
512.398 151.10001
512.436 151.10001
512.476 151.10001
512.516 151.10001
513.395 151.10001
513.398 150.70000
513.436 150.70000
513.476 150.70000
513.516 150.70000
514.395 150.70000
514.399 150.60001
514.436 150.60001
514.476 150.60001
514.516 150.60001
515.395 150.60001
515.399 150.60001
515.436 150.60001
515.476 150.60001
515.516 150.60001
516.395 150.60001
516.399 150.50000
516.436 150.50000
516.476 150.50000
516.516 150.50000
517.395 150.50000
517.399 149.70000
517.436 149.70000
517.476 149.70000
517.516 149.70000
518.396 149.70000
518.399 150.39999
518.437 150.39999
518.477 150.39999
518.517 150.39999
519.396 150.39999
519.399 149.89999
519.436 149.89999
519.477 149.89999
519.517 149.89999
520.396 149.89999
520.399 148.50000
520.436 148.50000
520.477 148.50000
520.517 148.50000
521.396 148.50000
521.399 147.30000
521.436 147.30000
521.477 147.30000
521.517 147.30000
522.396 147.30000
522.399 146.70000
522.436 146.70000
522.477 146.70000
522.517 146.70000
523.396 146.70000
523.399 146.39999
523.436 146.39999
523.476 146.39999
523.517 146.39999
524.396 146.39999
524.399 146.39999
524.436 146.39999
524.476 146.39999
524.516 146.39999
525.396 146.39999
525.399 145.60001
525.436 145.60001
525.476 145.60001
525.517 145.60001
526.396 145.60001
526.399 144.30000
526.436 144.30000
526.476 144.30000
526.517 144.30000
527.396 144.30000
527.399 143.20000
527.436 143.20000
527.476 143.20000
527.516 143.20000
528.396 143.20000
528.399 141.89999
528.436 141.89999
528.476 141.89999
528.516 141.89999
529.396 141.89999
529.399 141.20000
529.436 141.20000
529.476 141.20000
529.516 141.20000
530.396 141.20000
530.399 140.39999
530.436 140.39999
530.476 140.39999
530.516 140.39999
531.396 140.39999
531.399 139.60001
531.436 139.60001
531.476 139.60001
531.516 139.60001
532.396 139.60001
532.400 138.30000
532.436 138.30000
532.476 138.30000
532.516 138.30000
533.396 138.30000
533.400 137.10001
533.436 137.10001
533.476 137.10001
533.516 137.10001
534.396 137.10001
534.400 136.00000
534.436 136.00000
534.476 136.00000
534.516 136.00000
535.396 136.00000
535.400 135.80000
535.436 135.80000
535.476 135.80000
535.516 135.80000
536.397 135.80000
536.400 135.39999
536.437 135.39999
536.477 135.39999
536.517 135.39999
537.397 135.39999
537.400 134.60001
537.437 134.60001
537.477 134.60001
537.517 134.60001
538.397 134.60001
538.400 133.80000
538.437 133.80000
538.477 133.80000
538.517 133.80000
539.396 133.80000
539.399 134.50000
539.437 134.50000
539.477 134.50000
539.517 134.50000
540.396 134.50000
540.399 134.60001
540.437 134.60001
540.477 134.60001
540.517 134.60001
541.396 134.60001
541.399 133.70000
541.437 133.70000
541.477 133.70000
541.517 133.70000
542.396 133.70000
542.401 132.00000
542.437 132.00000
542.477 132.00000
542.517 132.00000
543.396 132.00000
543.399 133.50000
543.437 133.50000
543.477 133.50000
543.517 133.50000
544.396 133.50000
544.399 133.80000
544.437 133.80000
544.477 133.80000
544.517 133.80000
545.396 133.80000
545.399 134.39999
545.437 134.39999
545.477 134.39999
545.517 134.39999
546.396 134.39999
546.399 134.89999
546.437 134.89999
546.477 134.89999
546.517 134.89999
547.396 134.89999
547.399 135.30000
547.437 135.30000
547.477 135.30000
547.517 135.30000
548.396 135.30000
548.399 134.39999
548.436 134.39999
548.477 134.39999
548.517 134.39999
549.396 134.39999
549.399 134.20000
549.436 134.20000
549.476 134.20000
549.517 134.20000
550.396 134.20000
550.400 135.00000
550.436 135.00000
550.477 135.00000
550.517 135.00000
551.396 135.00000
551.400 135.39999
551.436 135.39999
551.476 135.39999
551.517 135.39999
552.396 135.39999
552.400 136.20000
552.436 136.20000
552.476 136.20000
552.517 136.20000
553.396 136.20000
553.400 136.10001
553.436 136.10001
553.476 136.10001
553.517 136.10001
554.397 136.10001
554.400 136.60001
554.437 136.60001
554.477 136.60001
554.517 136.60001
555.397 136.60001
555.400 137.60001
555.437 137.60001
555.477 137.60001
555.517 137.60001
556.397 137.60001
556.400 137.89999
556.437 137.89999
556.477 137.89999
556.517 137.89999
557.397 137.89999
557.400 137.60001
557.437 137.60001
557.477 137.60001
557.517 137.60001
558.397 137.60001
558.400 137.89999
558.437 137.89999
558.477 137.89999
558.517 137.89999
559.397 137.89999
559.400 138.50000
559.437 138.50000
559.477 138.50000
559.517 138.50000
560.397 138.50000
560.400 138.70000
560.437 138.70000
560.477 138.70000
560.517 138.70000
561.397 138.70000
561.400 138.60001
561.437 138.60001
561.477 138.60001
561.517 138.60001
562.397 138.60001
562.400 138.80000
562.437 138.80000
562.477 138.80000
562.517 138.80000
563.397 138.80000
563.400 138.80000
563.437 138.80000
563.477 138.80000
563.517 138.80000
564.397 138.80000
564.400 140.10001
564.437 140.10001
564.477 140.10001
564.517 140.10001
565.397 140.10001
565.400 140.39999
565.437 140.39999
565.477 140.39999
565.517 140.39999
566.397 140.39999
566.400 141.20000
566.437 141.20000
566.477 141.20000
566.517 141.20000
567.397 141.20000
567.399 141.10001
567.437 141.10001
567.477 141.10001
567.517 141.10001
568.396 141.10001
568.400 140.89999
568.437 140.89999
568.477 140.89999
568.517 140.89999
569.397 140.89999
569.400 140.70000
569.438 140.70000
569.478 140.70000
569.518 140.70000
570.396 140.70000
570.400 140.80000
570.438 140.80000
570.478 140.80000
570.518 140.80000
571.397 140.80000
571.400 140.20000
571.438 140.20000
571.478 140.20000
571.518 140.20000
572.397 140.20000
572.400 139.50000
572.438 139.50000
572.478 139.50000
572.518 139.50000
573.397 139.50000
573.400 138.50000
573.437 138.50000
573.478 138.50000
573.518 138.50000
574.397 138.50000
574.400 138.60001
574.438 138.60001
574.478 138.60001
574.518 138.60001
575.397 138.60001
575.400 138.80000
575.438 138.80000
575.478 138.80000
575.518 138.80000
576.397 138.80000
576.400 138.10001
576.437 138.10001
576.477 138.10001
576.518 138.10001
577.397 138.10001
577.400 137.30000
577.437 137.30000
577.477 137.30000
577.518 137.30000
578.397 137.30000
578.400 137.39999
578.437 137.39999
578.478 137.39999
578.518 137.39999
579.397 137.39999
579.400 137.00000
579.437 137.00000
579.478 137.00000
579.518 137.00000
580.397 137.00000
580.400 135.70000
580.437 135.70000
580.477 135.70000
580.518 135.70000
581.397 135.70000
581.400 134.80000
581.437 134.80000
581.477 134.80000
581.517 134.80000
582.397 134.80000
582.400 134.89999
582.437 134.89999
582.477 134.89999
582.517 134.89999
583.397 134.89999
583.400 135.39999
583.437 135.39999
583.478 135.39999
583.518 135.39999
584.397 135.39999
584.400 134.20000
584.437 134.20000
584.477 134.20000
584.518 134.20000
585.397 134.20000
585.400 133.30000
585.437 133.30000
585.477 133.30000
585.517 133.30000
586.397 133.30000
586.401 133.70000
586.437 133.70000
586.477 133.70000
586.517 133.70000
587.397 133.70000
587.401 133.60001
587.437 133.60001
587.477 133.60001
587.517 133.60001
588.397 133.60001
588.401 132.50000
588.437 132.50000
588.477 132.50000
588.517 132.50000
589.397 132.50000
589.401 131.80000
589.437 131.80000
589.477 131.80000
589.517 131.80000
590.398 131.80000
590.401 132.10001
590.438 132.10001
590.478 132.10001
590.518 132.10001
591.398 132.10001
591.401 131.70000
591.438 131.70000
591.478 131.70000
591.518 131.70000
592.398 131.70000
592.401 131.20000
592.438 131.20000
592.478 131.20000
592.518 131.20000
593.397 131.20000
593.400 130.89999
593.438 130.89999
593.478 130.89999
593.518 130.89999
594.397 130.89999
594.400 130.89999
594.438 130.89999
594.478 130.89999
594.518 130.89999
595.397 130.89999
595.400 131.00000
595.438 131.00000
595.478 131.00000
595.518 131.00000
596.398 131.00000
596.400 131.39999
596.438 131.39999
596.478 131.39999
596.518 131.39999
597.397 131.39999
597.400 131.39999
597.438 131.39999
597.478 131.39999
597.518 131.39999
598.397 131.39999
598.400 132.20000
598.438 132.20000
598.478 132.20000
598.518 132.20000
599.397 132.20000
599.400 133.20000
599.438 133.20000
599.478 133.20000
599.518 133.20000
600.397 133.20000
600.400 133.39999
600.438 133.39999
600.479 133.39999
600.519 133.39999
601.397 133.39999
601.400 133.39999
601.437 133.39999
601.478 133.39999
601.518 133.39999
602.397 133.39999
602.400 133.39999
602.437 133.39999
602.478 133.39999
602.518 133.39999
603.397 133.39999
603.400 133.00000
603.437 133.00000
603.478 133.00000
603.518 133.00000
604.398 133.00000
604.400 132.80000
604.439 132.80000
604.479 132.80000
604.519 132.80000
605.397 132.80000
605.401 132.89999
605.437 132.89999
605.478 132.89999
605.518 132.89999
606.397 132.89999
606.401 132.80000
606.437 132.80000
606.477 132.80000
606.518 132.80000
607.397 132.80000
607.401 132.70000
607.437 132.70000
607.477 132.70000
607.518 132.70000
608.398 132.70000
608.401 133.30000
608.439 133.30000
608.479 133.30000
608.519 133.30000
609.398 133.30000
609.401 133.89999
609.438 133.89999
609.478 133.89999
609.519 133.89999
610.398 133.89999
610.401 135.10001
610.438 135.10001
610.478 135.10001
610.518 135.10001
611.398 135.10001
611.401 135.60001
611.438 135.60001
611.478 135.60001
611.518 135.60001
612.398 135.60001
612.401 136.00000
612.438 136.00000
612.478 136.00000
612.518 136.00000
613.398 136.00000
613.401 136.10001
613.438 136.10001
613.478 136.10001
613.518 136.10001
614.398 136.10001
614.401 136.70000
614.438 136.70000
614.478 136.70000
614.518 136.70000
615.398 136.70000
615.401 136.50000
615.438 136.50000
615.478 136.50000
615.518 136.50000
616.398 136.50000
616.401 137.00000
616.438 137.00000
616.478 137.00000
616.518 137.00000
617.398 137.00000
617.401 136.50000
617.438 136.50000
617.478 136.50000
617.518 136.50000
618.398 136.50000
618.401 134.00000
618.438 134.00000
618.478 134.00000
618.518 134.00000
619.398 134.00000
619.401 128.20000
619.438 128.20000
619.478 128.20000
619.518 128.20000
620.398 128.20000
620.401 118.60000
620.438 118.60000
620.478 118.60000
620.518 118.60000
621.397 118.60000
621.400 99.80000
621.438 99.80000
621.478 99.80000
621.518 99.80000
622.397 99.80000
622.401 78.70000
622.438 78.70000
622.478 78.70000
622.518 78.70000
623.397 78.70000
623.400 60.50000
623.438 60.50000
623.478 60.50000
623.518 60.50000
624.397 60.50000
624.401 48.50000
624.438 48.50000
624.478 48.50000
624.518 48.50000
625.397 48.50000
625.401 41.50000
625.438 41.50000
625.478 41.50000
625.518 41.50000
626.397 41.50000
626.401 37.50000
626.438 37.50000
626.478 37.50000
626.518 37.50000
627.398 37.50000
627.401 35.20000
627.438 35.20000
627.479 35.20000
627.519 35.20000
628.398 35.20000
628.401 33.70000
628.439 33.70000
628.479 33.70000
628.519 33.70000
629.398 33.70000
629.401 32.50000
629.439 32.50000
629.479 32.50000
629.519 32.50000
630.398 32.50000
630.401 31.60000
630.439 31.60000
630.479 31.60000
630.519 31.60000
631.398 31.60000
631.401 30.60000
631.438 30.60000
631.479 30.60000
631.519 30.60000
632.398 30.60000
632.401 29.60000
632.438 29.60000
632.479 29.60000
632.519 29.60000
633.398 29.60000
633.401 28.30000
633.438 28.30000
633.478 28.30000
633.519 28.30000
634.398 28.30000
634.401 27.10000
634.438 27.10000
634.478 27.10000
634.519 27.10000
635.398 27.10000
635.401 25.90000
635.438 25.90000
635.478 25.90000
635.518 25.90000
636.398 25.90000
636.401 24.80000
636.438 24.80000
636.478 24.80000
636.518 24.80000
637.398 24.80000
637.401 23.50000
637.438 23.50000
637.478 23.50000
637.518 23.50000
638.398 23.50000
638.401 22.50000
638.438 22.50000
638.478 22.50000
638.518 22.50000
639.398 22.50000
639.401 21.70000
639.438 21.70000
639.479 21.70000
639.519 21.70000
640.398 21.70000
640.401 20.60000
640.438 20.60000
640.479 20.60000
640.519 20.60000
641.398 20.60000
641.401 20.40000
641.438 20.40000
641.478 20.40000
641.518 20.40000
642.398 20.40000
642.401 20.80000
642.438 20.80000
642.478 20.80000
642.519 20.80000
643.398 20.80000
643.402 21.40000
643.438 21.40000
643.478 21.40000
643.518 21.40000
644.398 21.40000
644.402 21.70000
644.438 21.70000
644.478 21.70000
644.518 21.70000
645.399 21.70000
645.402 22.30000
645.439 22.30000
645.479 22.30000
645.519 22.30000
646.399 22.30000
646.402 23.30000
646.439 23.30000
646.479 23.30000
646.519 23.30000
647.399 23.30000
647.401 24.20000
647.439 24.20000
647.479 24.20000
647.519 24.20000
648.399 24.20000
648.401 25.10000
648.439 25.10000
648.479 25.10000
648.519 25.10000
649.398 25.10000
649.401 26.00000
649.439 26.00000
649.479 26.00000
649.519 26.00000
650.398 26.00000
650.401 26.80000
650.439 26.80000
650.479 26.80000
650.519 26.80000
651.398 26.80000
651.401 27.40000
651.439 27.40000
651.479 27.40000
651.519 27.40000
652.398 27.40000
652.401 27.70000
652.439 27.70000
652.479 27.70000
652.519 27.70000
653.398 27.70000
653.401 27.50000
653.439 27.50000
653.479 27.50000
653.519 27.50000
654.398 27.50000
654.401 27.30000
654.439 27.30000
654.479 27.30000
654.519 27.30000
655.398 27.30000
655.401 26.70000
655.438 26.70000
655.479 26.70000
655.519 26.70000
656.398 26.70000
656.401 25.80000
656.438 25.80000
656.479 25.80000
656.519 25.80000
657.398 25.80000
657.401 24.60000
657.439 24.60000
657.479 24.60000
657.519 24.60000
658.398 24.60000
658.401 23.10000
658.438 23.10000
658.479 23.10000
658.519 23.10000
659.398 23.10000
659.401 21.40000
659.438 21.40000
659.479 21.40000
659.519 21.40000
660.398 21.40000
660.401 19.60000
660.438 19.60000
660.479 19.60000
660.519 19.60000
661.398 19.60000
661.402 18.00000
661.438 18.00000
661.478 18.00000
661.519 18.00000
662.398 18.00000
662.402 16.60000
662.438 16.60000
662.478 16.60000
662.519 16.60000
663.399 16.60000
663.402 15.00000
663.439 15.00000
663.479 15.00000
663.519 15.00000
664.399 15.00000
664.402 13.90000
664.439 13.90000
664.479 13.90000
664.519 13.90000
665.399 13.90000
665.402 12.90000
665.439 12.90000
665.479 12.90000
665.519 12.90000
666.399 12.90000
666.402 12.00000
666.439 12.00000
666.479 12.00000
666.519 12.00000
667.399 12.00000
667.402 10.90000
667.439 10.90000
667.479 10.90000
667.519 10.90000
668.399 10.90000
668.402 10.40000
668.439 10.40000
668.479 10.40000
668.519 10.40000
669.399 10.40000
669.402 9.40000
669.439 9.40000
669.479 9.40000
669.519 9.40000
670.399 9.40000
670.402 8.80000
670.439 8.80000
670.479 8.80000
670.519 8.80000
671.399 8.80000
671.402 8.50000
671.439 8.50000
671.479 8.50000
671.519 8.50000
672.399 8.50000
672.402 8.20000
672.439 8.20000
672.479 8.20000
672.519 8.20000
673.399 8.20000
673.402 8.30000
673.439 8.30000
673.479 8.30000
673.519 8.30000
674.399 8.30000
674.402 8.20000
674.439 8.20000
674.479 8.20000
674.519 8.20000
675.398 8.20000
675.402 8.60000
675.439 8.60000
675.479 8.60000
675.519 8.60000
676.398 8.60000
676.401 9.10000
676.439 9.10000
676.479 9.10000
676.519 9.10000
677.398 9.10000
677.401 10.00000
677.439 10.00000
677.479 10.00000
677.519 10.00000
678.398 10.00000
678.401 10.60000
678.439 10.60000
678.479 10.60000
678.519 10.60000
679.398 10.60000
679.402 11.60000
679.439 11.60000
679.479 11.60000
679.519 11.60000
680.398 11.60000
680.402 12.30000
680.439 12.30000
680.479 12.30000
680.519 12.30000
681.399 12.30000
681.402 13.30000
681.440 13.30000
681.480 13.30000
681.520 13.30000
682.399 13.30000
682.402 14.70000
682.440 14.70000
682.480 14.70000
682.520 14.70000
683.399 14.70000
683.402 16.10000
683.439 16.10000
683.480 16.10000
683.520 16.10000
684.399 16.10000
684.402 18.40000
684.440 18.40000
684.480 18.40000
684.520 18.40000
685.399 18.40000
685.402 20.30000
685.440 20.30000
685.480 20.30000
685.520 20.30000
686.399 20.30000
686.402 23.60000
686.439 23.60000
686.480 23.60000
686.520 23.60000
687.399 23.60000
687.402 26.40000
687.440 26.40000
687.480 26.40000
687.520 26.40000
688.399 26.40000
688.402 29.60000
688.439 29.60000
688.479 29.60000
688.520 29.60000
689.399 29.60000
689.402 33.50000
689.439 33.50000
689.479 33.50000
689.520 33.50000
690.399 33.50000
690.402 36.70000
690.439 36.70000
690.479 36.70000
690.519 36.70000
691.399 36.70000
691.402 40.90000
691.439 40.90000
691.479 40.90000
691.519 40.90000
692.399 40.90000
692.402 45.20000
692.439 45.20000
692.479 45.20000
692.519 45.20000
693.399 45.20000
693.402 49.80000
693.439 49.80000
693.479 49.80000
693.519 49.80000
694.399 49.80000
694.402 54.50000
694.439 54.50000
694.479 54.50000
694.519 54.50000
695.399 54.50000
695.402 59.20000
695.439 59.20000
695.479 59.20000
695.519 59.20000
696.399 59.20000
696.402 63.80000
696.439 63.80000
696.479 63.80000
696.520 63.80000
697.399 63.80000
697.403 67.80000
697.439 67.80000
697.479 67.80000
697.519 67.80000
698.399 67.80000
698.403 73.00000
698.439 73.00000
698.479 73.00000
698.519 73.00000
699.400 73.00000
699.403 76.90000
699.440 76.90000
699.480 76.90000
699.520 76.90000
700.400 76.90000
700.402 80.60000
700.440 80.60000
700.480 80.60000
700.520 80.60000
701.400 80.60000
701.402 83.30000
701.440 83.30000
701.480 83.30000
701.520 83.30000
702.400 83.30000
702.403 86.80000
702.440 86.80000
702.480 86.80000
702.520 86.80000
703.399 86.80000
703.402 89.50000
703.440 89.50000
703.480 89.50000
703.520 89.50000
704.399 89.50000
704.402 90.90000
704.440 90.90000
704.480 90.90000
704.520 90.90000
705.399 90.90000
705.402 91.80000
705.440 91.80000
705.480 91.80000
705.520 91.80000
706.399 91.80000
706.402 93.60000
706.440 93.60000
706.480 93.60000
706.520 93.60000
707.399 93.60000
707.402 94.70000
707.440 94.70000
707.480 94.70000
707.520 94.70000
708.399 94.70000
708.402 95.60000
708.440 95.60000
708.480 95.60000
708.520 95.60000
709.399 95.60000
709.402 96.50000
709.440 96.50000
709.480 96.50000
709.520 96.50000
710.399 96.50000
710.402 97.50000
710.440 97.50000
710.480 97.50000
710.520 97.50000
711.399 97.50000
711.402 98.40000
711.440 98.40000
711.480 98.40000
711.520 98.40000
712.399 98.40000
712.402 98.80000
712.439 98.80000
712.480 98.80000
712.520 98.80000
713.399 98.80000
713.402 98.90000
713.439 98.90000
713.480 98.90000
713.520 98.90000
714.399 98.90000
714.402 99.60000
714.439 99.60000
714.479 99.60000
714.520 99.60000
715.399 99.60000
715.403 99.30000
715.439 99.30000
715.479 99.30000
715.520 99.30000
716.399 99.30000
716.403 100.10000
716.439 100.10000
716.479 100.10000
716.520 100.10000
717.400 100.10000
717.403 100.40000
717.440 100.40000
717.480 100.40000
717.520 100.40000
718.400 100.40000
718.403 102.00000
718.440 102.00000
718.480 102.00000
718.521 102.00000
719.400 102.00000
719.403 101.50000
719.440 101.50000
719.480 101.50000
719.520 101.50000
720.400 101.50000
720.403 101.10000
720.440 101.10000
720.480 101.10000
720.520 101.10000
721.400 101.10000
721.403 101.70000
721.440 101.70000
721.480 101.70000
721.520 101.70000
722.400 101.70000
722.403 102.40000
722.440 102.40000
722.480 102.40000
722.520 102.40000
723.400 102.40000
723.403 103.50000
723.440 103.50000
723.480 103.50000
723.520 103.50000
724.400 103.50000
724.403 103.30000
724.440 103.30000
724.480 103.30000
724.520 103.30000
725.400 103.30000
725.403 103.60000
725.440 103.60000
725.480 103.60000
725.520 103.60000
726.400 103.60000
726.403 103.90000
726.440 103.90000
726.480 103.90000
726.520 103.90000
727.400 103.90000
727.402 104.50000
727.440 104.50000
727.480 104.50000
727.520 104.50000
728.400 104.50000
728.402 104.30000
728.440 104.30000
728.480 104.30000
728.520 104.30000
729.399 104.30000
729.403 104.70000
729.440 104.70000
729.480 104.70000
729.520 104.70000
730.399 104.70000
730.402 105.30000
730.440 105.30000
730.480 105.30000
730.520 105.30000
731.399 105.30000
731.403 104.50000
731.440 104.50000
731.480 104.50000
731.520 104.50000
732.399 104.50000
732.403 104.80000
732.440 104.80000
732.480 104.80000
732.520 104.80000
733.399 104.80000
733.403 105.80000
733.440 105.80000
733.480 105.80000
733.520 105.80000
734.399 105.80000
734.403 106.10000
734.440 106.10000
734.480 106.10000
734.520 106.10000
735.399 106.10000
735.403 105.60000
735.440 105.60000
735.480 105.60000
735.520 105.60000
736.400 105.60000
736.403 105.80000
736.441 105.80000
736.481 105.80000
736.521 105.80000
737.400 105.80000
737.403 106.10000
737.441 106.10000
737.481 106.10000
737.521 106.10000
738.400 106.10000
738.403 105.80000
738.441 105.80000
738.481 105.80000
738.521 105.80000
739.400 105.80000
739.403 105.90000
739.440 105.90000
739.481 105.90000
739.521 105.90000
740.400 105.90000
740.403 104.90000
740.440 104.90000
740.480 104.90000
740.521 104.90000
741.400 104.90000
741.403 104.80000
741.440 104.80000
741.480 104.80000
741.521 104.80000
742.400 104.80000
742.403 104.20000
742.440 104.20000
742.480 104.20000
742.521 104.20000
743.400 104.20000
743.403 103.80000
743.440 103.80000
743.480 103.80000
743.521 103.80000
744.400 103.80000
744.403 103.90000
744.440 103.90000
744.480 103.90000
744.521 103.90000
745.400 103.90000
745.403 104.00000
745.440 104.00000
745.480 104.00000
745.520 104.00000
746.400 104.00000
746.403 103.50000
746.440 103.50000
746.480 103.50000
746.520 103.50000
747.400 103.50000
747.403 102.80000
747.440 102.80000
747.480 102.80000
747.520 102.80000
748.400 102.80000
748.403 102.50000
748.440 102.50000
748.480 102.50000
748.520 102.50000
749.400 102.50000
749.403 102.20000
749.440 102.20000
749.480 102.20000
749.520 102.20000
750.400 102.20000
750.404 101.70000
750.440 101.70000
750.480 101.70000
750.520 101.70000
751.400 101.70000
751.404 101.70000
751.440 101.70000
751.480 101.70000
751.520 101.70000
752.400 101.70000
752.404 101.50000
752.440 101.50000
752.480 101.50000
752.520 101.50000
753.400 101.50000
753.404 101.60000
753.440 101.60000
753.480 101.60000
753.520 101.60000
754.401 101.60000
754.404 101.20000
754.441 101.20000
754.481 101.20000
754.521 101.20000
755.401 101.20000
755.403 101.00000
755.441 101.00000
755.481 101.00000
755.521 101.00000
756.400 101.00000
756.403 101.40000
756.441 101.40000
756.481 101.40000
756.521 101.40000
757.400 101.40000
757.403 101.00000
757.441 101.00000
757.481 101.00000
757.521 101.00000
758.400 101.00000
758.403 100.70000
758.441 100.70000
758.481 100.70000
758.521 100.70000
759.400 100.70000
759.403 99.90000
759.441 99.90000
759.481 99.90000
759.521 99.90000
760.400 99.90000
760.403 100.10000
760.441 100.10000
760.481 100.10000
760.521 100.10000
761.400 100.10000
761.403 100.30000
761.441 100.30000
761.481 100.30000
761.521 100.30000
762.400 100.30000
762.403 100.70000
762.441 100.70000
762.481 100.70000
762.521 100.70000
763.400 100.70000
763.403 98.60000
763.441 98.60000
763.481 98.60000
763.521 98.60000
764.400 98.60000
764.403 98.50000
764.441 98.50000
764.481 98.50000
764.521 98.50000
765.400 98.50000
765.403 97.80000
765.441 97.80000
765.481 97.80000
765.521 97.80000
766.400 97.80000
766.403 100.40000
766.440 100.40000
766.480 100.40000
766.521 100.40000
767.400 100.40000
767.403 101.30000
767.440 101.30000
767.480 101.30000
767.521 101.30000
768.400 101.30000
768.403 99.50000
768.440 99.50000
768.480 99.50000
768.521 99.50000
769.400 99.50000
769.404 100.40000
769.440 100.40000
769.480 100.40000
769.521 100.40000
770.400 100.40000
770.404 101.80000
770.440 101.80000
770.480 101.80000
770.520 101.80000
771.400 101.80000
771.404 100.70000
771.440 100.70000
771.480 100.70000
771.520 100.70000
772.401 100.70000
772.404 101.40000
772.441 101.40000
772.481 101.40000
772.521 101.40000
773.401 101.40000
773.404 101.80000
773.441 101.80000
773.481 101.80000
773.522 101.80000
774.401 101.80000
774.404 102.20000
774.441 102.20000
774.481 102.20000
774.521 102.20000
775.401 102.20000
775.404 102.60000
775.441 102.60000
775.481 102.60000
775.521 102.60000
776.401 102.60000
776.404 103.60000
776.441 103.60000
776.481 103.60000
776.521 103.60000
777.401 103.60000
777.404 104.50000
777.441 104.50000
777.481 104.50000
777.521 104.50000
778.401 104.50000
778.404 105.30000
778.441 105.30000
778.481 105.30000
778.521 105.30000
779.401 105.30000
779.404 106.70000
779.441 106.70000
779.481 106.70000
779.521 106.70000
780.401 106.70000
780.404 107.70000
780.441 107.70000
780.481 107.70000
780.521 107.70000
781.401 107.70000
781.403 108.30000
781.441 108.30000
781.481 108.30000
781.521 108.30000
782.401 108.30000
782.404 109.10000
782.441 109.10000
782.481 109.10000
782.521 109.10000
783.400 109.10000
783.403 110.30000
783.441 110.30000
783.481 110.30000
783.521 110.30000
784.400 110.30000
784.403 111.00000
784.441 111.00000
784.481 111.00000
784.521 111.00000
785.400 111.00000
785.403 112.50000
785.441 112.50000
785.481 112.50000
785.521 112.50000
786.400 112.50000
786.404 114.70000
786.441 114.70000
786.481 114.70000
786.521 114.70000
787.400 114.70000
787.404 115.90000
787.441 115.90000
787.481 115.90000
787.521 115.90000
788.400 115.90000
788.404 116.20000
788.441 116.20000
788.481 116.20000
788.521 116.20000
789.400 116.20000
789.404 114.90000
789.441 114.90000
789.481 114.90000
789.521 114.90000
790.401 114.90000
790.404 115.70000
790.442 115.70000
790.482 115.70000
790.522 115.70000
791.401 115.70000
791.404 116.50000
791.442 116.50000
791.482 116.50000
791.522 116.50000
792.401 116.50000
792.404 118.60000
792.441 118.60000
792.482 118.60000
792.522 118.60000
793.401 118.60000
793.404 116.40000
793.441 116.40000
793.482 116.40000
793.522 116.40000
794.401 116.40000
794.404 116.50000
794.441 116.50000
794.481 116.50000
794.522 116.50000
795.401 116.50000
795.404 118.20000
795.441 118.20000
795.481 118.20000
795.522 118.20000
796.401 118.20000
796.404 120.60000
796.441 120.60000
796.481 120.60000
796.522 120.60000
797.401 120.60000
797.404 117.70000
797.441 117.70000
797.481 117.70000
797.521 117.70000
798.401 117.70000
798.404 120.20000
798.441 120.20000
798.481 120.20000
798.521 120.20000
799.401 120.20000
799.404 121.30000
799.441 121.30000
799.481 121.30000
799.522 121.30000
800.401 121.30000
800.404 126.20000
800.441 126.20000
800.481 126.20000
800.521 126.20000
801.401 126.20000
801.404 125.80000
801.441 125.80000
801.481 125.80000
801.521 125.80000
802.401 125.80000
802.404 124.30000
802.441 124.30000
802.481 124.30000
802.521 124.30000
803.401 124.30000
803.404 126.50000
803.441 126.50000
803.481 126.50000
803.521 126.50000
804.401 126.50000
804.404 126.30000
804.441 126.30000
804.481 126.30000
804.521 126.30000
805.401 126.30000
805.405 126.60000
805.441 126.60000
805.481 126.60000
805.521 126.60000
806.401 126.60000
806.405 126.50000
806.441 126.50000
806.481 126.50000
806.521 126.50000
807.401 126.50000
807.405 127.90000
807.441 127.90000
807.481 127.90000
807.521 127.90000
808.401 127.90000
808.405 127.90000
808.441 127.90000
808.481 127.90000
808.521 127.90000
809.401 127.90000
809.404 129.20000
809.442 129.20000
809.482 129.20000
809.522 129.20000
810.402 129.20000
810.404 130.70000
810.442 130.70000
810.482 130.70000
810.522 130.70000
811.401 130.70000
811.404 132.70000
811.442 132.70000
811.482 132.70000
811.522 132.70000
812.401 132.70000
812.404 134.70000
812.442 134.70000
812.482 134.70000
812.522 134.70000
813.401 134.70000
813.404 136.60001
813.442 136.60001
813.482 136.60001
813.522 136.60001
814.401 136.60001
814.404 136.50000
814.442 136.50000
814.482 136.50000
814.522 136.50000
815.401 136.50000
815.404 137.30000
815.442 137.30000
815.482 137.30000
815.522 137.30000
816.401 137.30000
816.404 140.10001
816.442 140.10001
816.482 140.10001
816.522 140.10001
817.401 140.10001
817.404 141.20000
817.442 141.20000
817.482 141.20000
817.522 141.20000
818.401 141.20000
818.404 141.10001
818.442 141.10001
818.482 141.10001
818.522 141.10001
819.401 141.10001
819.404 144.89999
819.441 144.89999
819.482 144.89999
819.522 144.89999
820.401 144.89999
820.404 142.89999
820.441 142.89999
820.482 142.89999
820.522 142.89999
821.401 142.89999
821.404 143.70000
821.441 143.70000
821.482 143.70000
821.522 143.70000
822.401 143.70000
822.404 141.00000
822.441 141.00000
822.481 141.00000
822.522 141.00000
823.401 141.00000
823.405 140.89999
823.441 140.89999
823.481 140.89999
823.522 140.89999
824.401 140.89999
824.405 139.89999
824.441 139.89999
824.481 139.89999
824.522 139.89999
825.401 139.89999
825.405 139.50000
825.441 139.50000
825.481 139.50000
825.521 139.50000
826.402 139.50000
826.405 139.39999
826.442 139.39999
826.482 139.39999
826.522 139.39999
827.402 139.39999
827.405 139.80000
827.442 139.80000
827.482 139.80000
827.522 139.80000
828.402 139.80000
828.405 139.50000
828.442 139.50000
828.482 139.50000
828.522 139.50000
829.402 139.50000
829.405 139.60001
829.442 139.60001
829.482 139.60001
829.522 139.60001
830.402 139.60001
830.405 140.10001
830.442 140.10001
830.482 140.10001
830.522 140.10001
831.402 140.10001
831.405 141.50000
831.442 141.50000
831.482 141.50000
831.522 141.50000
832.402 141.50000
832.405 140.60001
832.442 140.60001
832.482 140.60001
832.522 140.60001
833.402 140.60001
833.405 141.30000
833.442 141.30000
833.482 141.30000
833.522 141.30000
834.402 141.30000
834.405 141.30000
834.442 141.30000
834.482 141.30000
834.522 141.30000
835.402 141.30000
835.405 141.80000
835.442 141.80000
835.482 141.80000
835.522 141.80000
836.402 141.80000
836.405 142.00000
836.442 142.00000
836.482 142.00000
836.522 142.00000
837.401 142.00000
837.404 141.80000
837.442 141.80000
837.482 141.80000
837.522 141.80000
838.402 141.80000
838.404 141.20000
838.442 141.20000
838.482 141.20000
838.522 141.20000
839.401 141.20000
839.404 140.89999
839.442 140.89999
839.482 140.89999
839.522 140.89999
840.402 140.89999
840.405 141.50000
840.442 141.50000
840.482 141.50000
840.522 141.50000
841.401 141.50000
841.405 141.20000
841.442 141.20000
841.482 141.20000
841.522 141.20000
842.401 141.20000
842.405 141.20000
842.442 141.20000
842.482 141.20000
842.522 141.20000
843.401 141.20000
843.405 141.80000
843.442 141.80000
843.482 141.80000
843.522 141.80000
844.401 141.80000
844.405 141.70000
844.442 141.70000
844.482 141.70000
844.522 141.70000
845.402 141.70000
845.405 142.00000
845.443 142.00000
845.483 142.00000
845.523 142.00000
846.402 142.00000
846.405 141.80000
846.442 141.80000
846.483 141.80000
846.523 141.80000
847.402 141.80000
847.405 143.60001
847.442 143.60001
847.483 143.60001
847.523 143.60001
848.402 143.60001
848.405 144.39999
848.442 144.39999
848.483 144.39999
848.523 144.39999
849.402 144.39999
849.405 143.80000
849.442 143.80000
849.483 143.80000
849.523 143.80000
850.402 143.80000
850.405 142.89999
850.442 142.89999
850.482 142.89999
850.523 142.89999
851.402 142.89999
851.405 141.89999
851.442 141.89999
851.483 141.89999
851.523 141.89999
852.402 141.89999
852.405 141.60001
852.442 141.60001
852.482 141.60001
852.523 141.60001
853.402 141.60001
853.405 141.50000
853.442 141.50000
853.482 141.50000
853.523 141.50000
854.402 141.50000
854.405 141.10001
854.442 141.10001
854.482 141.10001
854.523 141.10001
855.402 141.10001
855.405 141.89999
855.442 141.89999
855.482 141.89999
855.522 141.89999
856.402 141.89999
856.405 141.70000
856.442 141.70000
856.482 141.70000
856.522 141.70000
857.402 141.70000
857.405 142.00000
857.442 142.00000
857.482 142.00000
857.522 142.00000
858.402 142.00000
858.405 142.00000
858.442 142.00000
858.482 142.00000
858.522 142.00000
859.402 142.00000
859.405 141.39999
859.442 141.39999
859.482 141.39999
859.522 141.39999
860.402 141.39999
860.406 140.60001
860.442 140.60001
860.482 140.60001
860.522 140.60001
861.402 140.60001
861.406 140.60001
861.442 140.60001
861.482 140.60001
861.522 140.60001
862.402 140.60001
862.406 140.70000
862.442 140.70000
862.482 140.70000
862.522 140.70000
863.401 140.70000
863.405 140.50000
863.442 140.50000
863.482 140.50000
863.522 140.50000
864.402 140.50000
864.405 140.30000
864.443 140.30000
864.483 140.30000
864.523 140.30000
865.402 140.30000
865.405 139.39999
865.443 139.39999
865.483 139.39999
865.523 139.39999
866.402 139.39999
866.406 139.10001
866.443 139.10001
866.483 139.10001
866.523 139.10001
867.402 139.10001
867.405 138.80000
867.443 138.80000
867.483 138.80000
867.523 138.80000
868.402 138.80000
868.405 138.89999
868.443 138.89999
868.483 138.89999
868.523 138.89999
869.402 138.89999
869.405 139.39999
869.443 139.39999
869.483 139.39999
869.523 139.39999
870.402 139.39999
870.405 140.10001
870.443 140.10001
870.483 140.10001
870.523 140.10001
871.402 140.10001
871.405 139.50000
871.443 139.50000
871.483 139.50000
871.523 139.50000
872.402 139.50000
872.405 139.70000
872.442 139.70000
872.483 139.70000
872.523 139.70000
873.402 139.70000
873.405 139.89999
873.443 139.89999
873.483 139.89999
873.523 139.89999
874.402 139.89999
874.405 139.70000
874.442 139.70000
874.482 139.70000
874.523 139.70000
875.402 139.70000
875.405 139.80000
875.442 139.80000
875.482 139.80000
875.523 139.80000
876.402 139.80000
876.405 140.80000
876.442 140.80000
876.483 140.80000
876.523 140.80000
877.402 140.80000
877.406 140.50000
877.442 140.50000
877.482 140.50000
877.523 140.50000
878.402 140.50000
878.406 141.89999
878.442 141.89999
878.482 141.89999
878.523 141.89999
879.402 141.89999
879.406 141.30000
879.442 141.30000
879.482 141.30000
879.523 141.30000
880.402 141.30000
880.406 141.80000
880.442 141.80000
880.482 141.80000
880.523 141.80000
881.402 141.80000
881.406 142.10001
881.442 142.10001
881.482 142.10001
881.522 142.10001
882.403 142.10001
882.406 141.70000
882.443 141.70000
882.483 141.70000
882.523 141.70000
883.403 141.70000
883.406 141.20000
883.444 141.20000
883.484 141.20000
883.524 141.20000
884.403 141.20000
884.406 141.70000
884.444 141.70000
884.484 141.70000
884.524 141.70000
885.403 141.70000
885.406 141.50000
885.443 141.50000
885.483 141.50000
885.523 141.50000
886.403 141.50000
886.406 141.80000
886.443 141.80000
886.483 141.80000
886.523 141.80000
887.403 141.80000
887.406 142.60001
887.443 142.60001
887.483 142.60001
887.523 142.60001
888.403 142.60001
888.406 142.50000
888.443 142.50000
888.483 142.50000
888.523 142.50000
889.402 142.50000
889.405 142.50000
889.443 142.50000
889.483 142.50000
889.523 142.50000
890.402 142.50000
890.405 142.89999
890.443 142.89999
890.483 142.89999
890.523 142.89999
891.402 142.89999
891.405 141.89999
891.443 141.89999
891.483 141.89999
891.523 141.89999
892.402 141.89999
892.405 141.80000
892.443 141.80000
892.483 141.80000
892.523 141.80000
893.402 141.80000
893.405 141.89999
893.443 141.89999
893.483 141.89999
893.523 141.89999
894.402 141.89999
894.405 141.70000
894.443 141.70000
894.483 141.70000
894.523 141.70000
895.402 141.70000
895.405 141.30000
895.443 141.30000
895.483 141.30000
895.523 141.30000
896.402 141.30000
896.406 141.20000
896.443 141.20000
896.483 141.20000
896.523 141.20000
897.402 141.20000
897.406 141.70000
897.443 141.70000
897.483 141.70000
897.523 141.70000
898.402 141.70000
898.406 142.60001
898.443 142.60001
898.483 142.60001
898.523 142.60001
899.402 142.60001
899.406 142.50000
899.443 142.50000
899.483 142.50000
899.523 142.50000
900.403 142.50000
900.406 142.70000
900.443 142.70000
900.484 142.70000
900.524 142.70000
901.403 142.70000
901.406 142.89999
901.444 142.89999
901.484 142.89999
901.524 142.89999
902.403 142.89999
902.406 143.10001
902.443 143.10001
902.483 143.10001
902.524 143.10001
903.403 143.10001
903.406 142.89999
903.443 142.89999
903.483 142.89999
903.524 142.89999
904.403 142.89999
904.406 142.39999
904.444 142.39999
904.484 142.39999
904.525 142.39999
905.403 142.39999
905.406 142.60001
905.443 142.60001
905.483 142.60001
905.524 142.60001
906.403 142.60001
906.406 142.20000
906.443 142.20000
906.483 142.20000
906.524 142.20000
907.403 142.20000
907.406 142.39999
907.443 142.39999
907.483 142.39999
907.524 142.39999
908.403 142.39999
908.406 142.39999
908.444 142.39999
908.484 142.39999
908.524 142.39999
909.403 142.39999
909.406 143.60001
909.443 143.60001
909.483 143.60001
909.523 143.60001
910.403 143.60001
910.406 143.39999
910.443 143.39999
910.483 143.39999
910.523 143.39999
911.403 143.39999
911.406 143.20000
911.443 143.20000
911.484 143.20000
911.524 143.20000
912.403 143.20000
912.406 142.80000
912.443 142.80000
912.483 142.80000
912.523 142.80000
913.403 142.80000
913.406 142.00000
913.443 142.00000
913.483 142.00000
913.523 142.00000
914.403 142.00000
914.406 141.89999
914.443 141.89999
914.483 141.89999
914.523 141.89999
915.403 141.89999
915.407 141.20000
915.443 141.20000
915.483 141.20000
915.523 141.20000
916.403 141.20000
916.407 141.10001
916.443 141.10001
916.483 141.10001
916.523 141.10001
917.403 141.10001
917.407 140.80000
917.443 140.80000
917.483 140.80000
917.523 140.80000
918.403 140.80000
918.406 141.00000
918.444 141.00000
918.484 141.00000
918.524 141.00000
919.403 141.00000
919.406 140.60001
919.444 140.60001
919.484 140.60001
919.524 140.60001
920.403 140.60001
920.406 140.60001
920.444 140.60001
920.484 140.60001
920.524 140.60001
921.403 140.60001
921.406 140.70000
921.444 140.70000
921.484 140.70000
921.524 140.70000
922.403 140.70000
922.406 141.10001
922.444 141.10001
922.484 141.10001
922.524 141.10001
923.403 141.10001
923.406 140.80000
923.444 140.80000
923.484 140.80000
923.524 140.80000
924.403 140.80000
924.406 141.30000
924.444 141.30000
924.484 141.30000
924.524 141.30000
925.403 141.30000
925.406 142.00000
925.444 142.00000
925.484 142.00000
925.524 142.00000
926.403 142.00000
926.406 142.60001
926.443 142.60001
926.484 142.60001
926.524 142.60001
927.403 142.60001
927.406 142.89999
927.443 142.89999
927.484 142.89999
927.524 142.89999
928.403 142.89999
928.406 143.10001
928.443 143.10001
928.483 143.10001
928.524 143.10001
929.403 143.10001
929.406 142.89999
929.443 142.89999
929.484 142.89999
929.524 142.89999
930.403 142.89999
930.406 143.30000
930.443 143.30000
930.483 143.30000
930.524 143.30000
931.403 143.30000
931.406 143.30000
931.443 143.30000
931.483 143.30000
931.524 143.30000
932.403 143.30000
932.406 143.80000
932.443 143.80000
932.483 143.80000
932.523 143.80000
933.403 143.80000
933.407 144.00000
933.443 144.00000
933.483 144.00000
933.523 144.00000
934.403 144.00000
934.407 144.39999
934.443 144.39999
934.483 144.39999
934.523 144.39999
935.403 144.39999
935.407 143.89999
935.443 143.89999
935.483 143.89999
935.523 143.89999
936.404 143.89999
936.407 144.10001
936.444 144.10001
936.484 144.10001
936.524 144.10001
937.404 144.10001
937.407 144.10001
937.444 144.10001
937.484 144.10001
937.524 144.10001
938.404 144.10001
938.407 144.10001
938.444 144.10001
938.484 144.10001
938.524 144.10001
939.404 144.10001
939.407 144.20000
939.444 144.20000
939.484 144.20000
939.524 144.20000
940.404 144.20000
940.407 144.30000
940.444 144.30000
940.484 144.30000
940.524 144.30000
941.404 144.30000
941.407 144.50000
941.444 144.50000
941.484 144.50000
941.524 144.50000
942.404 144.50000
942.407 145.50000
942.444 145.50000
942.484 145.50000
942.524 145.50000
943.404 145.50000
943.407 145.80000
943.444 145.80000
943.484 145.80000
943.524 145.80000
944.403 145.80000
944.406 145.39999
944.444 145.39999
944.484 145.39999
944.524 145.39999
945.404 145.39999
945.406 145.60001
945.444 145.60001
945.484 145.60001
945.524 145.60001
946.403 145.60001
946.406 146.10001
946.444 146.10001
946.484 146.10001
946.524 146.10001
947.403 146.10001
947.406 146.00000
947.444 146.00000
947.484 146.00000
947.524 146.00000
948.403 146.00000
948.406 146.30000
948.444 146.30000
948.484 146.30000
948.524 146.30000
949.403 146.30000
949.406 146.50000
949.444 146.50000
949.484 146.50000
949.524 146.50000
950.403 146.50000
950.406 146.20000
950.444 146.20000
950.484 146.20000
950.524 146.20000
951.403 146.20000
951.407 146.50000
951.444 146.50000
951.484 146.50000
951.524 146.50000
952.403 146.50000
952.407 146.39999
952.444 146.39999
952.484 146.39999
952.524 146.39999
953.403 146.39999
953.407 146.20000
953.444 146.20000
953.484 146.20000
953.524 146.20000
954.403 146.20000
954.407 145.39999
954.443 145.39999
954.484 145.39999
954.524 145.39999
955.404 145.39999
955.407 145.80000
955.445 145.80000
955.485 145.80000
955.525 145.80000
956.404 145.80000
956.407 146.70000
956.445 146.70000
956.485 146.70000
956.525 146.70000
957.404 146.70000
957.407 147.10001
957.444 147.10001
957.484 147.10001
957.525 147.10001
958.404 147.10001
958.407 146.20000
958.445 146.20000
958.485 146.20000
958.525 146.20000
959.404 146.20000
959.407 146.39999
959.444 146.39999
959.484 146.39999
959.524 146.39999
960.404 146.39999
960.407 146.50000
960.444 146.50000
960.484 146.50000
960.524 146.50000
961.404 146.50000
961.407 146.89999
961.444 146.89999
961.484 146.89999
961.524 146.89999
962.404 146.89999
962.407 146.80000
962.444 146.80000
962.484 146.80000
962.524 146.80000
963.404 146.80000
963.407 147.10001
963.444 147.10001
963.484 147.10001
963.524 147.10001
964.404 147.10001
964.407 147.50000
964.444 147.50000
964.484 147.50000
964.524 147.50000
965.404 147.50000
965.407 147.10001
965.444 147.10001
965.484 147.10001
965.524 147.10001
966.404 147.10001
966.407 147.10001
966.444 147.10001
966.484 147.10001
966.524 147.10001
967.474 147.10001
967.477 147.80000
967.514 147.80000
967.554 147.80000
967.594 147.80000
968.474 147.80000
968.477 147.70000
968.514 147.70000
968.554 147.70000
968.594 147.70000
969.481 147.70000
969.484 147.80000
969.521 147.80000
969.561 147.80000
969.601 147.80000
970.463 147.80000
970.466 147.70000
970.503 147.70000
970.543 147.70000
970.583 147.70000
971.462 147.70000
971.465 147.80000
971.502 147.80000
971.542 147.80000
971.582 147.80000
972.463 147.80000
972.466 148.20000
972.504 148.20000
972.544 148.20000
972.584 148.20000
973.428 148.20000
973.457 147.89999
973.469 147.89999
973.509 147.89999
973.549 147.89999
974.465 147.89999
974.470 147.70000
974.505 147.70000
974.546 147.70000
974.586 147.70000
975.463 147.70000
975.466 147.89999
975.504 147.89999
975.544 147.89999
975.584 147.89999
976.462 147.89999
976.465 147.70000
976.503 147.70000
976.543 147.70000
976.583 147.70000
977.462 147.70000
977.466 147.39999
977.504 147.39999
977.544 147.39999
977.584 147.39999
978.463 147.39999
978.467 148.10001
978.503 148.10001
978.544 148.10001
978.584 148.10001
979.465 148.10001
979.469 148.00000
979.505 148.00000
979.546 148.00000
979.586 148.00000
980.463 148.00000
980.465 147.89999
980.503 147.89999
980.543 147.89999
980.583 147.89999
981.463 147.89999
981.467 147.39999
981.504 147.39999
981.545 147.39999
981.585 147.39999
982.462 147.39999
982.465 147.50000
982.503 147.50000
982.543 147.50000
982.583 147.50000
983.464 147.50000
983.468 147.30000
983.504 147.30000
983.545 147.30000
983.585 147.30000
984.470 147.30000
984.473 147.10001
984.511 147.10001
984.551 147.10001
984.591 147.10001
985.465 147.10001
985.468 147.20000
985.505 147.20000
985.545 147.20000
985.586 147.20000
986.470 147.20000
986.473 147.10001
986.511 147.10001
986.551 147.10001
986.592 147.10001
987.470 147.10001
987.473 147.00000
987.510 147.00000
987.550 147.00000
987.590 147.00000
988.468 147.00000
988.471 147.50000
988.508 147.50000
988.548 147.50000
988.588 147.50000
989.472 147.50000
989.476 147.80000
989.512 147.80000
989.552 147.80000
989.592 147.80000
990.470 147.80000
990.473 147.80000
990.510 147.80000
990.550 147.80000
990.590 147.80000
991.469 147.80000
991.472 147.70000
991.509 147.70000
991.549 147.70000
991.589 147.70000
992.469 147.70000
992.472 148.00000
992.510 148.00000
992.550 148.00000
992.590 148.00000
993.471 148.00000
993.474 148.50000
993.511 148.50000
993.551 148.50000
993.591 148.50000
994.473 148.50000
994.476 148.30000
994.513 148.30000
994.553 148.30000
994.593 148.30000
995.469 148.30000
995.469 148.30000
995.509 148.39999
995.549 148.39999
995.589 148.39999
995.629 148.39999
996.471 148.39999
996.474 148.20000
996.511 148.20000
996.551 148.20000
996.591 148.20000
997.469 148.20000
997.473 148.30000
997.509 148.30000
997.549 148.30000
997.589 148.30000
998.469 148.30000
998.472 148.70000
998.509 148.70000
998.549 148.70000
998.589 148.70000
999.476 148.70000
999.479 148.80000
999.516 148.80000
999.556 148.80000
999.596 148.80000
1000.468 148.80000
1000.472 148.60001
1000.509 148.60001
1000.549 148.60001
1000.589 148.60001
1001.468 148.60001
1001.472 148.50000
1001.509 148.50000
1001.549 148.50000
1001.589 148.50000
1002.470 148.50000
1002.473 148.60001
1002.511 148.60001
1002.551 148.60001
1002.591 148.60001
1003.469 148.60001
1003.472 148.80000
1003.510 148.80000
1003.550 148.80000
1003.590 148.80000
1004.472 148.80000
1004.475 148.89999
1004.513 148.89999
1004.553 148.89999
1004.593 148.89999
1005.470 148.89999
1005.474 149.10001
1005.510 149.10001
1005.551 149.10001
1005.591 149.10001
1006.469 149.10001
1006.472 149.60001
1006.510 149.60001
1006.550 149.60001
1006.590 149.60001
1007.469 149.60001
1007.472 149.39999
1007.509 149.39999
1007.550 149.39999
1007.590 149.39999
1008.471 149.39999
1008.474 149.60001
1008.511 149.60001
1008.552 149.60001
1008.592 149.60001
1009.473 149.60001
1009.476 150.10001
1009.513 150.10001
1009.554 150.10001
1009.594 150.10001
1010.469 150.10001
1010.472 150.80000
1010.510 150.80000
1010.550 150.80000
1010.590 150.80000
1011.471 150.80000
1011.474 151.30000
1011.511 151.30000
1011.552 151.30000
1011.592 151.30000
1012.469 151.30000
1012.472 151.89999
1012.509 151.89999
1012.549 151.89999
1012.590 151.89999
1013.469 151.89999
1013.472 152.50000
1013.509 152.50000
1013.549 152.50000
1013.590 152.50000
1014.475 152.50000
1014.478 153.30000
1014.515 153.30000
1014.555 153.30000
1014.596 153.30000
1015.469 153.30000
1015.472 154.39999
1015.509 154.39999
1015.549 154.39999
1015.589 154.39999
1016.469 154.39999
1016.472 155.20000
1016.509 155.20000
1016.549 155.20000
1016.590 155.20000
1017.471 155.20000
1017.474 155.70000
1017.511 155.70000
1017.551 155.70000
1017.591 155.70000
1018.469 155.70000
1018.473 156.30000
1018.509 156.30000
1018.549 156.30000
1018.589 156.30000
1019.473 156.30000
1019.476 156.80000
1019.513 156.80000
1019.553 156.80000
1019.593 156.80000
1020.471 156.80000
1020.475 157.30000
1020.511 157.30000
1020.551 157.30000
1020.591 157.30000
1021.470 157.30000
1021.473 157.50000
1021.510 157.50000
1021.550 157.50000
1021.590 157.50000
1022.470 157.50000
1022.473 157.20000
1022.510 157.20000
1022.550 157.20000
1022.590 157.20000
1023.471 157.20000
1023.475 156.60001
1023.511 156.60001
1023.551 156.60001
1023.591 156.60001
1024.474 156.60001
1024.477 157.30000
1024.514 157.30000
1024.554 157.30000
1024.594 157.30000
1025.470 157.30000
1025.473 157.70000
1025.510 157.70000
1025.550 157.70000
1025.590 157.70000
1026.471 157.70000
1026.474 157.80000
1026.512 157.80000
1026.552 157.80000
1026.592 157.80000
1027.469 157.80000
1027.472 157.60001
1027.510 157.60001
1027.550 157.60001
1027.590 157.60001
1028.471 157.60001
1028.473 157.50000
1028.511 157.50000
1028.551 157.50000
1028.591 157.50000
1029.474 157.50000
1029.478 157.60001
1029.516 157.60001
1029.556 157.60001
1029.596 157.60001
1030.469 157.60001
1030.472 157.60001
1030.510 157.60001
1030.550 157.60001
1030.590 157.60001
1031.469 157.60001
1031.472 158.00000
1031.509 158.00000
1031.550 158.00000
1031.590 158.00000
1032.471 158.00000
1032.474 158.10001
1032.512 158.10001
1032.552 158.10001
1032.592 158.10001
1033.469 158.10001
1033.472 158.00000
1033.509 158.00000
1033.550 158.00000
1033.590 158.00000
1034.473 158.00000
1034.476 157.70000
1034.513 157.70000
1034.554 157.70000
1034.594 157.70000
1035.471 157.70000
1035.474 157.80000
1035.511 157.80000
1035.552 157.80000
1035.592 157.80000
1036.469 157.80000
1036.473 157.70000
1036.509 157.70000
1036.550 157.70000
1036.590 157.70000
1037.469 157.70000
1037.473 157.80000
1037.509 157.80000
1037.549 157.80000
1037.590 157.80000
1038.471 157.80000
1038.474 157.00000
1038.511 157.00000
1038.551 157.00000
1038.592 157.00000
1039.473 157.00000
1039.477 157.60001
1039.513 157.60001
1039.553 157.60001
1039.594 157.60001
1040.469 157.60001
1040.473 157.20000
1040.509 157.20000
1040.549 157.20000
1040.589 157.20000
1041.471 157.20000
1041.475 157.10001
1041.511 157.10001
1041.551 157.10001
1041.592 157.10001
1042.470 157.10001
1042.473 157.10001
1042.510 157.10001
1042.550 157.10001
1042.590 157.10001
1043.470 157.10001
1043.473 156.70000
1043.510 156.70000
1043.550 156.70000
1043.590 156.70000
1044.475 156.70000
1044.479 156.39999
1044.515 156.39999
1044.555 156.39999
1044.596 156.39999
1045.470 156.39999
1045.473 155.30000
1045.510 155.30000
1045.550 155.30000
1045.590 155.30000
1046.470 155.30000
1046.473 153.39999
1046.510 153.39999
1046.550 153.39999
1046.590 153.39999
1047.472 153.39999
1047.475 152.60001
1047.512 152.60001
1047.552 152.60001
1047.592 152.60001
1048.470 152.60001
1048.473 152.50000
1048.510 152.50000
1048.550 152.50000
1048.590 152.50000
1049.474 152.50000
1049.477 151.80000
1049.514 151.80000
1049.554 151.80000
1049.594 151.80000
1050.472 151.80000
1050.475 150.70000
1050.512 150.70000
1050.552 150.70000
1050.592 150.70000
1051.470 150.70000
1051.473 150.20000
1051.510 150.20000
1051.550 150.20000
1051.590 150.20000
1052.470 150.20000
1052.473 150.20000
1052.510 150.20000
1052.550 150.20000
1052.590 150.20000
1053.471 150.20000
1053.474 149.00000
1053.512 149.00000
1053.552 149.00000
1053.592 149.00000
1054.473 149.00000
1054.476 147.89999
1054.514 147.89999
1054.554 147.89999
1054.594 147.89999
1055.469 147.89999
1055.473 147.00000
1055.510 147.00000
1055.550 147.00000
1055.590 147.00000
