1.387 5
2.386 5
3.386 5
4.386 5
5.386 5
6.386 5
7.386 5
8.386 5
9.387 5
10.387 5
11.387 5
12.387 5
13.387 5
14.387 5
15.387 5
16.387 5
17.387 5
18.387 5
19.387 5
20.387 5
21.387 5
22.387 5
23.387 5
24.387 5
25.387 5
26.387 5
27.387 5
28.387 5
29.387 5
30.387 5
31.387 5
32.387 5
33.387 5
34.387 5
35.387 5
36.387 5
37.387 5
38.387 5
39.387 5
40.387 5
41.387 5
42.387 5
43.387 5
44.387 5
45.387 5
46.388 5
47.388 5
48.388 5
49.388 5
50.388 5
51.388 5
52.388 5
53.388 5
54.387 5
55.387 5
56.387 5
57.387 5
58.387 5
59.387 5
60.387 5
61.387 5
62.387 5
63.387 5
64.388 5
65.388 5
66.388 5
67.388 5
68.388 5
69.388 5
70.388 5
71.388 5
72.388 5
73.388 5
74.388 5
75.388 5
76.388 5
77.388 5
78.388 5
79.388 5
80.388 5
81.387 5
82.388 5
83.388 5
84.388 5
85.388 5
86.388 5
87.388 5
88.388 5
89.388 5
90.388 5
91.388 5
92.388 5
93.388 5
94.388 5
95.388 5
96.388 5
97.388 5
98.388 5
99.388 5
100.388 5
101.389 5
102.389 5
103.389 5
104.389 5
105.389 5
106.389 5
107.389 5
108.388 5
109.388 5
110.388 5
111.388 5
112.388 5
113.388 5
114.388 5
115.388 5
116.388 5
117.388 5
118.389 5
119.389 5
120.389 5
121.389 5
122.389 5
123.389 5
124.389 5
125.389 5
126.389 5
127.389 5
128.389 5
129.389 5
130.389 5
131.389 5
132.389 5
133.389 5
134.389 5
135.389 5
136.389 5
137.389 5
138.389 5
139.389 5
140.389 5
141.389 5
142.389 5
143.389 5
144.389 5
145.389 5
146.389 5
147.389 5
148.389 5
149.389 5
150.389 5
151.389 5
152.389 5
153.389 5
154.389 5
155.390 5
156.390 5
157.390 5
158.390 5
159.390 5
160.390 5
161.390 5
162.389 5
163.389 5
164.389 5
165.389 5
166.389 5
167.389 5
168.389 5
169.389 5
170.389 5
171.389 5
172.390 5
173.390 5
174.390 5
175.390 5
176.390 5
177.390 5
178.390 5
179.390 5
180.390 5
181.390 5
182.390 5
183.390 5
184.390 5
185.390 5
186.390 5
187.390 5
188.390 5
189.389 5
190.389 5
191.390 5
192.390 5
193.390 5
194.390 5
195.390 5
196.390 5
197.390 5
198.390 5
199.390 5
200.390 5
201.390 5
202.390 5
203.390 5
204.390 5
205.390 5
206.390 5
207.390 5
208.390 5
209.391 5
210.391 5
211.391 5
212.391 5
213.391 5
214.391 5
215.390 5
216.390 5
217.390 5
218.390 5
219.390 5
220.390 5
221.390 5
222.390 5
223.390 5
224.390 5
225.390 5
226.390 5
227.391 5
228.391 5
229.391 5
230.391 5
231.391 5
232.391 5
233.391 5
234.391 5
235.391 5
236.391 5
237.391 5
238.391 5
239.391 5
240.391 5
241.391 5
242.391 5
243.391 5
244.390 5
245.391 5
246.391 5
247.391 5
248.391 5
249.391 5
250.391 5
251.391 5
252.391 5
253.391 5
254.391 5
255.391 5
256.391 5
257.391 5
258.391 5
259.391 5
260.391 5
261.391 5
262.391 5
263.392 5
264.392 5
265.392 5
266.392 5
267.392 5
268.392 5
269.391 5
270.391 5
271.391 5
272.391 5
273.391 5
274.391 5
275.391 5
276.391 5
277.391 5
278.391 5
279.391 5
280.392 5
281.392 5
282.392 5
283.392 5
284.392 5
285.392 5
286.392 5
287.392 5
288.392 5
289.393 5
290.392 5
291.392 5
292.392 5
293.392 5
294.392 5
295.392 5
296.392 5
297.392 5
298.391 5
299.392 5
300.392 5
301.392 5
302.392 5
303.392 5
304.392 5
305.392 5
306.392 5
307.392 5
308.392 5
309.392 5
310.392 5
311.392 5
312.392 5
313.392 5
314.392 5
315.392 5
316.392 5
317.392 5
318.393 5
319.393 5
320.393 5
321.393 5
322.393 5
323.393 5
324.393 5
325.392 5
326.392 5
327.392 5
328.392 5
329.392 5
330.392 5
331.392 5
332.392 5
333.392 5
334.392 5
335.392 5
336.393 5
337.393 5
338.393 5
339.393 5
340.393 5
341.393 5
342.393 5
343.393 5
344.393 5
345.393 5
346.393 5
347.393 5
348.393 5
349.393 5
350.392 5
351.393 5
352.392 5
353.392 5
354.393 5
355.393 5
356.393 5
357.393 5
358.393 5
359.393 5
360.393 5
361.393 5
362.393 5
363.393 5
364.393 5
365.393 5
366.393 5
367.393 5
368.393 5
369.393 5
370.393 5
371.393 5
372.394 5
373.394 5
374.394 5
375.394 5
376.394 5
377.393 5
378.393 5
379.393 5
380.393 5
381.393 5
382.393 5
383.393 5
384.393 5
385.393 5
386.393 5
387.393 5
388.393 5
389.393 5
390.394 5
391.394 5
392.394 5
393.394 5
394.394 5
395.394 5
396.394 5
397.394 5
398.394 5
399.394 5
400.394 5
401.394 5
402.394 5
403.394 5
404.394 5
405.394 5
406.393 5
407.393 5
408.393 5
409.394 5
410.394 5
411.394 5
412.394 5
413.394 5
414.394 5
415.394 5
416.394 5
417.394 5
418.394 5
419.394 5
420.394 5
421.394 5
422.394 5
423.394 5
424.394 5
425.394 5
426.395 5
427.395 5
428.395 5
429.395 5
430.395 5
431.394 5
432.394 5
433.394 5
434.394 5
435.394 5
436.394 5
437.394 5
438.394 5
439.394 5
440.394 5
441.394 5
442.394 5
443.394 5
444.394 5
445.395 5
446.395 5
447.395 5
448.395 5
449.395 5
450.395 5
451.395 5
452.395 5
453.395 5
454.395 5
455.395 5
456.395 5
457.395 5
458.395 5
459.394 5
460.394 5
462.394 5
463.395 5
464.395 5
465.395 5
466.395 5
467.395 5
468.395 5
469.395 5
470.395 5
471.395 5
472.395 5
473.395 5
474.395 5
475.395 5
476.395 5
477.395 5
478.395 5
479.395 5
480.395 5
481.396 5
482.396 5
483.396 5
484.396 5
485.395 5
486.395 5
487.395 5
488.395 5
489.395 5
490.395 5
491.395 5
492.395 5
493.395 5
494.395 5
495.395 5
496.395 5
497.395 5
498.395 5
499.396 5
500.396 5
501.396 5
502.396 5
503.396 5
504.396 5
505.396 5
506.396 5
507.396 5
508.396 5
509.396 5
510.396 5
511.396 5
512.395 5
513.395 5
514.395 5
515.395 5
516.395 5
517.395 5
518.396 5
519.396 5
520.396 5
521.396 5
522.396 5
523.396 5
524.396 5
525.396 5
526.396 5
527.396 5
528.396 5
529.396 5
530.396 5
531.396 5
532.396 5
533.396 5
534.396 5
535.396 5
536.397 5
537.397 5
538.397 5
539.396 5
540.396 5
541.396 5
542.396 5
543.396 5
544.396 5
545.396 5
546.396 5
547.396 5
548.396 5
549.396 5
550.396 5
551.396 5
552.396 5
553.396 5
554.397 5
555.397 5
556.397 5
557.397 5
558.397 5
559.397 5
560.397 5
561.397 5
562.397 5
563.397 5
564.397 5
565.397 5
566.397 5
567.396 5
568.396 5
569.397 5
570.396 5
571.397 5
572.397 5
573.397 5
574.397 5
575.397 5
576.397 5
577.397 5
578.397 5
579.397 5
580.397 5
581.397 5
582.397 5
583.397 5
584.397 5
585.397 5
586.397 5
587.397 5
588.397 5
589.397 5
590.398 5
591.398 5
592.398 5
593.397 5
594.397 5
595.397 5
596.397 5
597.397 5
598.397 5
599.397 5
600.397 5
601.397 5
602.397 5
603.397 5
604.398 5
605.397 5
606.397 5
607.397 5
608.398 5
609.398 5
610.398 5
611.398 5
612.398 5
613.398 5
614.398 5
615.398 5
616.398 5
617.398 5
618.398 5
619.398 5
620.398 5
621.397 5
622.397 5
623.397 5
624.397 5
625.397 5
626.397 5
627.398 5
628.398 5
629.398 5
630.398 5
631.398 5
632.398 5
633.398 5
634.398 5
635.398 5
636.398 5
637.398 5
638.398 5
639.398 5
640.398 5
641.398 5
642.398 5
643.398 5
644.398 5
645.399 5
646.399 5
647.399 5
648.398 5
649.398 5
650.398 5
651.398 5
652.398 5
653.398 5
654.398 5
655.398 5
656.398 5
657.398 5
658.398 5
659.398 5
660.398 5
661.398 5
662.398 5
663.399 5
664.399 5
665.399 5
666.399 5
667.399 5
668.399 5
669.399 5
670.399 5
671.399 5
672.399 5
673.399 5
674.399 5
675.398 5
676.398 5
677.398 5
678.398 5
679.398 5
680.398 5
681.399 5
682.399 5
683.399 5
684.399 5
685.399 5
686.399 5
687.399 5
688.399 5
689.399 5
690.399 5
691.399 5
692.399 5
693.399 5
694.399 5
695.399 5
696.399 5
697.399 5
698.399 5
699.400 5
700.400 5
701.400 5
702.400 5
703.399 5
704.399 5
705.399 5
706.399 5
707.399 5
708.399 5
709.399 5
710.399 5
711.399 5
712.399 5
713.399 5
714.399 5
715.399 5
716.399 5
717.400 5
718.400 5
719.400 5
720.400 5
721.400 5
722.400 5
723.400 5
724.400 5
725.400 5
726.400 5
727.399 5
728.399 5
729.399 5
730.399 5
731.399 5
732.399 5
733.399 5
734.399 5
735.399 5
736.400 5
737.400 5
738.400 5
739.400 5
740.400 5
741.400 5
742.400 5
743.400 5
744.400 5
745.400 5
746.400 5
747.400 5
748.400 5
749.400 5
750.400 5
751.400 5
752.400 5
753.400 5
754.401 5
755.400 5
756.400 5
757.400 5
758.400 5
759.400 5
760.400 5
761.400 5
762.400 5
763.400 5
764.400 5
765.400 5
766.400 5
767.400 5
768.400 5
769.400 5
770.400 5
771.400 5
772.401 5
773.401 5
774.401 5
775.401 5
776.401 5
777.401 5
778.401 5
779.401 5
780.401 5
781.400 5
782.401 5
783.400 5
784.400 5
785.400 5
786.400 5
787.400 5
788.400 5
789.400 5
790.401 5
791.401 5
792.401 5
793.401 5
794.401 5
795.401 5
796.401 5
797.401 5
798.401 5
799.401 5
800.401 5
801.401 5
802.401 5
803.401 5
804.401 5
805.401 5
806.401 5
807.401 5
808.401 5
809.401 5
810.401 5
811.401 5
812.401 5
813.401 5
814.401 5
815.401 5
816.401 5
817.401 5
818.401 5
819.401 5
820.401 5
821.401 5
822.401 5
823.401 5
824.401 5
825.401 5
826.402 5
827.402 5
828.402 5
829.402 5
830.402 5
831.402 5
832.402 5
833.402 5
834.402 5
835.402 5
836.402 5
837.401 5
838.402 5
839.401 5
840.402 5
841.401 5
842.401 5
843.401 5
844.401 5
845.402 5
846.402 5
847.402 5
848.402 5
849.402 5
850.402 5
851.402 5
852.402 5
853.402 5
854.402 5
855.402 5
856.402 5
857.402 5
858.402 5
859.402 5
860.402 5
861.402 5
862.402 5
863.401 5
864.402 5
865.402 5
866.402 5
867.402 5
868.402 5
869.402 5
870.402 5
871.402 5
872.402 5
873.402 5
874.402 5
875.402 5
876.402 5
877.402 5
878.402 5
879.402 5
880.402 5
881.402 5
882.403 5
883.403 5
884.403 5
885.403 5
886.403 5
887.403 5
888.403 5
889.402 5
890.402 5
891.402 5
892.402 5
893.402 5
894.402 5
895.402 5
896.402 5
897.402 5
898.402 5
899.402 5
900.403 5
901.403 5
902.403 5
903.403 5
904.403 5
905.403 5
906.403 5
907.403 5
908.403 5
909.403 5
910.403 5
911.403 5
912.403 5
913.403 5
914.403 5
915.403 5
916.403 5
917.402 5
918.403 5
919.403 5
920.403 5
921.403 5
922.403 5
923.403 5
924.403 5
925.403 5
926.403 5
927.403 5
928.403 5
929.403 5
930.403 5
931.403 5
932.403 5
933.403 5
934.403 5
935.403 5
936.404 5
937.404 5
938.404 5
939.404 5
940.404 5
941.404 5
942.404 5
943.404 5
944.403 5
945.403 5
946.403 5
947.403 5
948.403 5
949.403 5
950.403 5
951.403 5
952.403 5
953.403 5
954.403 5
955.404 5
956.404 5
957.404 5
958.404 5
959.404 5
960.404 5
961.404 5
962.404 5
963.404 5
964.404 5
965.404 5
966.404 5
967.474 5
968.474 5
969.481 5
970.463 4
971.462 4
972.463 4
973.428 4
974.464 4
975.463 4
976.462 4
977.462 4
978.463 4
979.465 4
980.462 4
981.463 4
982.462 4
983.464 4
984.470 4
985.465 4
986.470 4
987.470 4
988.468 4
989.472 4
990.470 4
991.469 4
992.469 4
993.471 4
994.473 4
996.471 4
997.469 4
998.469 4
999.475 4
1000.468 4
1001.468 4
1002.470 4
1003.469 4
1004.472 4
1005.470 4
1006.469 4
1007.469 4
1008.471 4
1009.473 4
1010.469 4
1011.471 4
1012.469 4
1013.469 4
1014.475 4
1015.469 4
1016.469 4
1017.471 4
1018.469 4
1019.473 4
1020.471 4
1021.470 4
1022.470 4
1023.471 4
1024.474 4
1025.469 4
1026.471 4
1027.469 4
1028.470 4
1029.474 4
1030.469 4
1031.469 4
1032.471 4
1033.469 4
1034.473 4
1035.471 4
1036.469 4
1037.469 4
1038.471 4
1039.473 4
1040.469 4
1041.471 4
1042.470 4
1043.470 4
1044.475 4
1045.470 4
1046.470 4
1047.472 4
1048.470 4
1049.474 4
1050.472 4
1051.470 4
1052.470 4
1053.471 4
1054.473 4
1055.469 4
