1.547 -3.01451
2.386 -3.01450
2.389 -3.01450
2.427 -3.01450
2.467 -3.01450
2.507 -3.01450
3.386 -3.01448
3.389 -3.01448
3.427 -3.01448
3.467 -3.01448
3.507 -3.01448
4.386 -3.01448
4.389 -3.01448
4.427 -3.01448
4.467 -3.01448
4.507 -3.01448
5.386 -3.01448
5.389 -3.01448
5.427 -3.01448
5.467 -3.01448
5.507 -3.01448
6.386 -3.01449
6.390 -3.01449
6.427 -3.01449
6.467 -3.01449
6.507 -3.01449
7.386 -3.01445
7.390 -3.01445
7.426 -3.01445
7.467 -3.01445
7.507 -3.01445
8.386 -3.01444
8.390 -3.01444
8.427 -3.01444
8.467 -3.01444
8.507 -3.01444
9.387 -3.01446
9.390 -3.01446
9.427 -3.01446
9.468 -3.01446
9.508 -3.01446
10.387 -3.01445
10.390 -3.01445
10.428 -3.01445
10.468 -3.01445
10.508 -3.01445
11.387 -3.01443
11.390 -3.01443
11.427 -3.01443
11.468 -3.01443
11.508 -3.01443
12.387 -3.01443
12.390 -3.01443
12.427 -3.01443
12.468 -3.01443
12.508 -3.01443
13.387 -3.01444
13.390 -3.01444
13.427 -3.01444
13.468 -3.01444
13.508 -3.01444
14.387 -3.01441
14.390 -3.01441
14.427 -3.01441
14.467 -3.01441
14.508 -3.01441
15.387 -3.01439
15.390 -3.01439
15.427 -3.01439
15.467 -3.01439
15.508 -3.01439
16.387 -3.01438
16.390 -3.01438
16.427 -3.01438
16.467 -3.01438
16.507 -3.01438
17.387 -3.01437
17.390 -3.01437
17.427 -3.01437
17.467 -3.01437
17.507 -3.01437
18.387 -3.01437
18.390 -3.01437
18.427 -3.01437
18.467 -3.01437
18.507 -3.01437
19.387 -3.01438
19.390 -3.01438
19.427 -3.01438
19.467 -3.01438
19.507 -3.01438
20.387 -3.01436
20.390 -3.01436
20.427 -3.01436
20.467 -3.01436
20.508 -3.01436
21.387 -3.01435
21.390 -3.01435
21.427 -3.01435
21.467 -3.01435
21.507 -3.01435
22.387 -3.01437
22.390 -3.01437
22.427 -3.01437
22.467 -3.01437
22.507 -3.01437
23.387 -3.01438
23.390 -3.01438
23.427 -3.01438
23.467 -3.01438
23.507 -3.01438
24.387 -3.01435
24.391 -3.01435
24.427 -3.01435
24.467 -3.01435
24.507 -3.01435
25.387 -3.01433
25.391 -3.01433
25.427 -3.01433
25.467 -3.01433
25.507 -3.01433
26.387 -3.01431
26.391 -3.01431
26.427 -3.01431
26.467 -3.01431
26.507 -3.01431
27.387 -3.01433
27.391 -3.01433
27.427 -3.01433
27.467 -3.01433
27.507 -3.01433
28.387 -3.01431
28.390 -3.01431
28.428 -3.01431
28.468 -3.01431
28.508 -3.01431
29.387 -3.01431
29.390 -3.01431
29.428 -3.01431
29.468 -3.01431
29.508 -3.01431
30.387 -3.01430
30.390 -3.01430
30.428 -3.01430
30.468 -3.01430
30.508 -3.01430
31.387 -3.01430
31.390 -3.01430
31.428 -3.01430
31.468 -3.01430
31.508 -3.01430
32.387 -3.01430
32.390 -3.01430
32.428 -3.01430
32.468 -3.01430
32.508 -3.01430
33.387 -3.01430
33.390 -3.01430
33.428 -3.01430
33.468 -3.01430
33.508 -3.01430
34.387 -3.01430
34.390 -3.01430
34.428 -3.01430
34.468 -3.01430
34.508 -3.01430
35.387 -3.01429
35.390 -3.01429
35.428 -3.01429
35.468 -3.01429
35.508 -3.01429
36.387 -3.01429
36.390 -3.01429
36.427 -3.01429
36.468 -3.01429
36.508 -3.01429
37.387 -3.01429
37.390 -3.01429
37.427 -3.01429
37.468 -3.01429
37.508 -3.01429
38.387 -3.01429
38.390 -3.01429
38.427 -3.01429
38.468 -3.01429
38.508 -3.01429
39.387 -3.01430
39.390 -3.01430
39.427 -3.01430
39.467 -3.01430
39.508 -3.01430
40.387 -3.01430
40.390 -3.01430
40.427 -3.01430
40.468 -3.01430
40.508 -3.01430
41.387 -3.01430
41.390 -3.01430
41.427 -3.01430
41.467 -3.01430
41.507 -3.01430
42.387 -3.01430
42.391 -3.01430
42.427 -3.01430
42.467 -3.01430
42.508 -3.01430
43.387 -3.01430
43.391 -3.01430
43.427 -3.01430
43.467 -3.01430
43.508 -3.01430
44.387 -3.01431
44.391 -3.01431
44.427 -3.01431
44.467 -3.01431
44.507 -3.01431
45.387 -3.01431
45.391 -3.01431
45.428 -3.01431
45.468 -3.01431
45.508 -3.01431
46.388 -3.01431
46.391 -3.01431
46.428 -3.01431
46.468 -3.01431
46.508 -3.01431
47.388 -3.01431
47.391 -3.01431
47.428 -3.01431
47.468 -3.01431
47.509 -3.01431
48.388 -3.01431
48.391 -3.01431
48.428 -3.01431
48.468 -3.01431
48.508 -3.01431
49.388 -3.01432
49.391 -3.01432
49.428 -3.01432
49.468 -3.01432
49.508 -3.01432
50.388 -3.01432
50.391 -3.01432
50.428 -3.01432
50.468 -3.01432
50.508 -3.01432
51.388 -3.01432
51.391 -3.01432
51.428 -3.01432
51.468 -3.01432
51.508 -3.01432
52.388 -3.01433
52.391 -3.01433
52.428 -3.01433
52.468 -3.01433
52.508 -3.01433
53.388 -3.01433
53.391 -3.01433
53.428 -3.01433
53.468 -3.01433
53.508 -3.01433
54.387 -3.01433
54.391 -3.01433
54.428 -3.01433
54.468 -3.01433
54.508 -3.01433
55.387 -3.01434
55.390 -3.01434
55.428 -3.01434
55.468 -3.01434
55.508 -3.01434
56.388 -3.01434
56.390 -3.01434
56.428 -3.01434
56.468 -3.01434
56.508 -3.01434
57.387 -3.01435
57.390 -3.01435
57.428 -3.01435
57.468 -3.01435
57.508 -3.01435
58.387 -3.01435
58.390 -3.01435
58.428 -3.01435
58.468 -3.01435
58.508 -3.01435
59.387 -3.01436
59.390 -3.01436
59.428 -3.01436
59.468 -3.01436
59.508 -3.01436
60.387 -3.01436
60.390 -3.01436
60.428 -3.01436
60.468 -3.01436
60.508 -3.01436
61.387 -3.01437
61.391 -3.01437
61.427 -3.01437
61.468 -3.01437
61.508 -3.01437
62.387 -3.01438
62.391 -3.01438
62.427 -3.01438
62.468 -3.01438
62.508 -3.01438
63.387 -3.01439
63.391 -3.01439
63.428 -3.01439
63.468 -3.01439
63.508 -3.01439
64.388 -3.01439
64.391 -3.01439
64.429 -3.01439
64.469 -3.01439
64.509 -3.01439
65.388 -3.01440
65.391 -3.01440
65.429 -3.01440
65.469 -3.01440
65.509 -3.01440
66.388 -3.01440
66.391 -3.01440
66.428 -3.01440
66.468 -3.01440
66.509 -3.01440
67.388 -3.01441
67.391 -3.01441
67.429 -3.01441
67.469 -3.01441
67.509 -3.01441
68.388 -3.01442
68.391 -3.01442
68.428 -3.01442
68.468 -3.01442
68.509 -3.01442
69.388 -3.01443
69.391 -3.01443
69.428 -3.01443
69.468 -3.01443
69.509 -3.01443
70.388 -3.01444
70.391 -3.01444
70.428 -3.01444
70.468 -3.01444
70.509 -3.01444
71.388 -3.01445
71.391 -3.01445
71.428 -3.01445
71.468 -3.01445
71.509 -3.01445
72.388 -3.01447
72.391 -3.01447
72.428 -3.01447
72.468 -3.01447
72.508 -3.01447
73.388 -3.01450
73.391 -3.01450
73.428 -3.01450
73.468 -3.01450
73.508 -3.01450
74.388 -3.01450
74.391 -3.01450
74.428 -3.01450
74.468 -3.01450
74.508 -3.01450
75.388 -3.01451
75.391 -3.01451
75.428 -3.01451
75.468 -3.01451
75.508 -3.01451
76.388 -3.01453
76.391 -3.01453
76.428 -3.01453
76.468 -3.01453
76.508 -3.01453
77.388 -3.01454
77.391 -3.01454
77.428 -3.01454
77.468 -3.01454
77.508 -3.01454
78.388 -3.01455
78.391 -3.01455
78.428 -3.01455
78.468 -3.01455
78.508 -3.01455
79.388 -3.01456
79.392 -3.01456
79.428 -3.01456
79.468 -3.01456
79.508 -3.01456
80.388 -3.01456
80.392 -3.01456
80.428 -3.01456
80.468 -3.01456
80.508 -3.01456
81.388 -3.01462
81.392 -3.01462
81.428 -3.01462
81.468 -3.01462
81.508 -3.01462
82.388 -3.01462
82.392 -3.01462
82.428 -3.01462
82.468 -3.01462
82.508 -3.01462
83.388 -3.01465
83.391 -3.01465
83.429 -3.01465
83.469 -3.01465
83.509 -3.01465
84.388 -3.01465
84.391 -3.01465
84.429 -3.01465
84.469 -3.01465
84.509 -3.01465
85.388 -3.01467
85.391 -3.01467
85.429 -3.01467
85.469 -3.01467
85.509 -3.01467
86.388 -3.01468
86.391 -3.01468
86.429 -3.01468
86.469 -3.01468
86.509 -3.01468
87.388 -3.01469
87.391 -3.01469
87.429 -3.01469
87.469 -3.01469
87.509 -3.01469
88.388 -3.01470
88.391 -3.01470
88.429 -3.01470
88.469 -3.01470
88.509 -3.01470
89.388 -3.01473
89.391 -3.01473
89.428 -3.01473
89.469 -3.01473
89.509 -3.01473
90.388 -3.01475
90.391 -3.01475
90.428 -3.01475
90.469 -3.01475
90.509 -3.01475
91.388 -3.01476
91.391 -3.01476
91.428 -3.01476
91.469 -3.01476
91.509 -3.01476
92.388 -3.01477
92.391 -3.01477
92.428 -3.01477
92.469 -3.01477
92.509 -3.01477
93.388 -3.01478
93.391 -3.01478
93.428 -3.01478
93.468 -3.01478
93.508 -3.01478
94.388 -3.01479
94.391 -3.01479
94.428 -3.01479
94.468 -3.01479
94.509 -3.01479
95.388 -3.01481
95.391 -3.01481
95.428 -3.01481
95.468 -3.01481
95.509 -3.01481
96.388 -3.01481
96.391 -3.01481
96.428 -3.01481
96.468 -3.01481
96.509 -3.01481
97.388 -3.01483
97.392 -3.01483
97.428 -3.01483
97.468 -3.01483
97.509 -3.01483
98.388 -3.01484
98.392 -3.01484
98.428 -3.01484
98.468 -3.01484
98.508 -3.01484
99.388 -3.01486
99.392 -3.01486
99.428 -3.01486
99.468 -3.01486
99.508 -3.01486
100.388 -3.01488
100.392 -3.01488
100.428 -3.01488
100.468 -3.01488
100.508 -3.01488
101.389 -3.01489
101.392 -3.01489
101.429 -3.01489
101.469 -3.01489
101.509 -3.01489
102.389 -3.01487
102.392 -3.01487
102.429 -3.01487
102.469 -3.01487
102.509 -3.01487
103.389 -3.01488
103.392 -3.01488
103.429 -3.01488
103.469 -3.01488
103.509 -3.01488
104.389 -3.01487
104.392 -3.01487
104.429 -3.01487
104.469 -3.01487
104.509 -3.01487
105.389 -3.01489
105.392 -3.01489
105.429 -3.01489
105.469 -3.01489
105.509 -3.01489
106.389 -3.01492
106.392 -3.01492
106.429 -3.01492
106.469 -3.01492
106.509 -3.01492
107.389 -3.01492
107.392 -3.01492
107.429 -3.01492
107.469 -3.01492
107.509 -3.01492
108.389 -3.01493
108.391 -3.01493
108.429 -3.01493
108.469 -3.01493
108.509 -3.01493
109.388 -3.01495
109.391 -3.01495
109.429 -3.01495
109.469 -3.01495
109.509 -3.01495
110.388 -3.01497
110.391 -3.01497
110.429 -3.01497
110.469 -3.01497
110.509 -3.01497
111.388 -3.01499
111.391 -3.01499
111.429 -3.01499
111.469 -3.01499
111.509 -3.01499
112.388 -3.01499
112.391 -3.01499
112.429 -3.01499
112.469 -3.01499
112.509 -3.01499
113.388 -3.01501
113.391 -3.01501
113.429 -3.01501
113.469 -3.01501
113.509 -3.01501
114.388 -3.01501
114.391 -3.01501
114.429 -3.01501
114.469 -3.01501
114.509 -3.01501
115.388 -3.01504
115.392 -3.01504
115.429 -3.01504
115.469 -3.01504
115.509 -3.01504
116.388 -3.01506
116.392 -3.01506
116.428 -3.01506
116.469 -3.01506
116.509 -3.01506
117.388 -3.01505
117.392 -3.01505
117.429 -3.01505
117.469 -3.01505
117.509 -3.01505
118.389 -3.01506
118.392 -3.01506
118.429 -3.01506
118.470 -3.01506
118.510 -3.01506
119.389 -3.01508
119.392 -3.01508
119.429 -3.01508
119.470 -3.01508
119.510 -3.01508
120.389 -3.01508
120.392 -3.01508
120.429 -3.01508
120.469 -3.01508
120.510 -3.01508
121.389 -3.01509
121.392 -3.01509
121.429 -3.01509
121.470 -3.01509
121.510 -3.01509
122.389 -3.01511
122.392 -3.01511
122.429 -3.01511
122.469 -3.01511
122.510 -3.01511
123.389 -3.01512
123.392 -3.01512
123.429 -3.01512
123.469 -3.01512
123.510 -3.01512
124.389 -3.01513
124.392 -3.01513
124.429 -3.01513
124.469 -3.01513
124.510 -3.01513
125.389 -3.01514
125.392 -3.01514
125.429 -3.01514
125.469 -3.01514
125.510 -3.01514
126.389 -3.01517
126.392 -3.01517
126.429 -3.01517
126.469 -3.01517
126.509 -3.01517
127.389 -3.01519
127.392 -3.01519
127.429 -3.01519
127.469 -3.01519
127.509 -3.01519
128.389 -3.01520
128.392 -3.01520
128.429 -3.01520
128.469 -3.01520
128.509 -3.01520
129.389 -3.01521
129.392 -3.01521
129.429 -3.01521
129.469 -3.01521
129.509 -3.01521
130.389 -3.01522
130.392 -3.01522
130.429 -3.01522
130.469 -3.01522
130.509 -3.01522
131.389 -3.01523
131.392 -3.01523
131.429 -3.01523
131.469 -3.01523
131.509 -3.01523
132.389 -3.01524
132.393 -3.01524
132.429 -3.01524
132.469 -3.01524
132.509 -3.01524
133.389 -3.01525
133.393 -3.01525
133.429 -3.01525
133.469 -3.01525
133.509 -3.01525
134.389 -3.01526
134.393 -3.01526
134.429 -3.01526
134.469 -3.01526
134.509 -3.01526
135.389 -3.01527
135.393 -3.01527
135.429 -3.01527
135.469 -3.01527
135.509 -3.01527
136.389 -3.01528
136.392 -3.01528
136.430 -3.01528
136.470 -3.01528
136.510 -3.01528
137.389 -3.01529
137.392 -3.01529
137.430 -3.01529
137.470 -3.01529
137.510 -3.01529
138.389 -3.01530
138.392 -3.01530
138.430 -3.01530
138.470 -3.01530
138.510 -3.01530
139.389 -3.01531
139.392 -3.01531
139.430 -3.01531
139.470 -3.01531
139.510 -3.01531
140.389 -3.01531
140.392 -3.01531
140.430 -3.01531
140.470 -3.01531
140.510 -3.01531
141.389 -3.01533
141.392 -3.01533
141.430 -3.01533
141.470 -3.01533
141.510 -3.01533
142.389 -3.01533
142.392 -3.01533
142.429 -3.01533
142.470 -3.01533
142.510 -3.01533
143.389 -3.01534
143.392 -3.01534
143.430 -3.01534
143.470 -3.01534
143.510 -3.01534
144.389 -3.01535
144.392 -3.01535
144.430 -3.01535
144.470 -3.01535
144.510 -3.01535
145.389 -3.01536
145.392 -3.01536
145.429 -3.01536
145.470 -3.01536
145.510 -3.01536
146.389 -3.01537
146.392 -3.01537
146.429 -3.01537
146.470 -3.01537
146.510 -3.01537
147.389 -3.01538
147.392 -3.01538
147.429 -3.01538
147.470 -3.01538
147.510 -3.01538
148.389 -3.01538
148.392 -3.01538
148.429 -3.01538
148.469 -3.01538
148.510 -3.01538
149.389 -3.01539
149.392 -3.01539
149.429 -3.01539
149.469 -3.01539
149.510 -3.01539
150.389 -3.01540
150.392 -3.01540
150.429 -3.01540
150.469 -3.01540
150.510 -3.01540
151.389 -3.01541
151.393 -3.01541
151.429 -3.01541
151.469 -3.01541
151.509 -3.01541
152.389 -3.01542
152.393 -3.01542
152.429 -3.01542
152.469 -3.01542
152.509 -3.01542
153.389 -3.01544
153.393 -3.01544
153.429 -3.01544
153.469 -3.01544
153.509 -3.01544
154.389 -3.01544
154.393 -3.01544
154.429 -3.01544
154.469 -3.01544
154.509 -3.01544
155.390 -3.01546
155.393 -3.01546
155.430 -3.01546
155.470 -3.01546
155.510 -3.01546
156.390 -3.01547
156.393 -3.01547
156.430 -3.01547
156.470 -3.01547
156.510 -3.01547
157.390 -3.01548
157.393 -3.01548
157.430 -3.01548
157.470 -3.01548
157.510 -3.01548
158.390 -3.01549
158.393 -3.01549
158.430 -3.01549
158.470 -3.01549
158.510 -3.01549
159.390 -3.01550
159.393 -3.01550
159.430 -3.01550
159.470 -3.01550
159.510 -3.01550
160.390 -3.01551
160.393 -3.01551
160.430 -3.01551
160.470 -3.01551
160.510 -3.01551
161.390 -3.01552
161.393 -3.01552
161.430 -3.01552
161.470 -3.01552
161.510 -3.01552
162.390 -3.01553
162.392 -3.01553
162.430 -3.01553
162.470 -3.01553
162.510 -3.01553
163.389 -3.01553
163.392 -3.01553
163.430 -3.01553
163.470 -3.01553
163.510 -3.01553
164.389 -3.01554
164.392 -3.01554
164.430 -3.01554
164.470 -3.01554
164.510 -3.01554
165.389 -3.01555
165.392 -3.01555
165.430 -3.01555
165.470 -3.01555
165.510 -3.01555
166.389 -3.01555
166.392 -3.01555
166.430 -3.01555
166.470 -3.01555
166.510 -3.01555
167.389 -3.01558
167.392 -3.01558
167.430 -3.01558
167.470 -3.01558
167.510 -3.01558
168.389 -3.01558
168.392 -3.01558
168.430 -3.01558
168.470 -3.01558
168.510 -3.01558
169.389 -3.01558
169.393 -3.01558
169.429 -3.01558
169.470 -3.01558
169.510 -3.01558
170.389 -3.01560
170.393 -3.01560
170.429 -3.01560
170.470 -3.01560
170.510 -3.01560
171.389 -3.01561
171.393 -3.01561
171.429 -3.01561
171.470 -3.01561
171.510 -3.01561
172.390 -3.01562
172.393 -3.01562
172.430 -3.01562
172.471 -3.01562
172.511 -3.01562
173.390 -3.01562
173.393 -3.01562
173.431 -3.01562
173.471 -3.01562
173.511 -3.01562
174.390 -3.01562
174.393 -3.01562
174.430 -3.01562
174.470 -3.01562
174.511 -3.01562
175.390 -3.01562
175.393 -3.01562
175.430 -3.01562
175.471 -3.01562
175.511 -3.01562
176.390 -3.01562
176.393 -3.01562
176.431 -3.01562
176.471 -3.01562
176.511 -3.01562
177.390 -3.01562
177.393 -3.01562
177.430 -3.01562
177.470 -3.01562
177.511 -3.01562
178.390 -3.01561
178.393 -3.01561
178.430 -3.01561
178.470 -3.01561
178.510 -3.01561
179.390 -3.01561
179.393 -3.01561
179.430 -3.01561
179.470 -3.01561
179.511 -3.01561
180.390 -3.01562
180.393 -3.01562
180.430 -3.01562
180.470 -3.01562
180.510 -3.01562
181.390 -3.01562
181.393 -3.01562
181.430 -3.01562
181.470 -3.01562
181.510 -3.01562
182.390 -3.01562
182.393 -3.01562
182.430 -3.01562
182.470 -3.01562
182.510 -3.01562
183.390 -3.01562
183.393 -3.01562
183.430 -3.01562
183.470 -3.01562
183.510 -3.01562
184.390 -3.01563
184.393 -3.01563
184.430 -3.01563
184.470 -3.01563
184.510 -3.01563
185.390 -3.01563
185.393 -3.01563
185.430 -3.01563
185.470 -3.01563
185.510 -3.01563
186.390 -3.01562
186.393 -3.01562
186.430 -3.01562
186.470 -3.01562
186.510 -3.01562
187.390 -3.01562
187.394 -3.01562
187.430 -3.01562
187.470 -3.01562
187.510 -3.01562
188.390 -3.01562
188.394 -3.01562
188.430 -3.01562
188.470 -3.01562
188.510 -3.01562
189.389 -3.01562
189.393 -3.01562
189.430 -3.01562
189.470 -3.01562
189.510 -3.01562
190.389 -3.01560
190.393 -3.01560
190.430 -3.01560
190.470 -3.01560
190.510 -3.01560
191.390 -3.01557
191.393 -3.01557
191.431 -3.01557
191.471 -3.01557
191.511 -3.01557
192.390 -3.01556
192.393 -3.01556
192.431 -3.01556
192.471 -3.01556
192.511 -3.01556
193.390 -3.01556
193.393 -3.01556
193.431 -3.01556
193.471 -3.01556
193.511 -3.01556
194.390 -3.01556
194.393 -3.01556
194.431 -3.01556
194.471 -3.01556
194.511 -3.01556
195.390 -3.01555
195.393 -3.01555
195.431 -3.01555
195.471 -3.01555
195.511 -3.01555
196.390 -3.01555
196.393 -3.01555
196.431 -3.01555
196.471 -3.01555
196.511 -3.01555
197.390 -3.01555
197.393 -3.01555
197.430 -3.01555
197.471 -3.01555
197.511 -3.01555
198.390 -3.01555
198.393 -3.01555
198.430 -3.01555
198.471 -3.01555
198.511 -3.01555
199.390 -3.01555
199.393 -3.01555
199.430 -3.01555
199.470 -3.01555
199.511 -3.01555
200.390 -3.01555
200.393 -3.01555
200.430 -3.01555
200.470 -3.01555
200.511 -3.01555
201.390 -3.01556
201.393 -3.01556
201.430 -3.01556
201.470 -3.01556
201.511 -3.01556
202.390 -3.01556
202.393 -3.01556
202.430 -3.01556
202.470 -3.01556
202.511 -3.01556
203.390 -3.01556
203.393 -3.01556
203.430 -3.01556
203.471 -3.01556
203.511 -3.01556
204.390 -3.01556
204.393 -3.01556
204.430 -3.01556
204.470 -3.01556
204.511 -3.01556
205.390 -3.01555
205.394 -3.01555
205.430 -3.01555
205.470 -3.01555
205.511 -3.01555
206.390 -3.01555
206.394 -3.01555
206.430 -3.01555
206.470 -3.01555
206.511 -3.01555
207.390 -3.01555
207.394 -3.01555
207.430 -3.01555
207.470 -3.01555
207.510 -3.01555
208.390 -3.01555
208.394 -3.01555
208.430 -3.01555
208.470 -3.01555
208.510 -3.01555
209.391 -3.01555
209.394 -3.01555
209.431 -3.01555
209.471 -3.01555
209.511 -3.01555
210.391 -3.01555
210.394 -3.01555
210.431 -3.01555
210.471 -3.01555
210.511 -3.01555
211.391 -3.01555
211.394 -3.01555
211.431 -3.01555
211.471 -3.01555
211.511 -3.01555
212.391 -3.01555
212.394 -3.01555
212.431 -3.01555
212.471 -3.01555
212.511 -3.01555
213.391 -3.01553
213.394 -3.01553
213.431 -3.01553
213.471 -3.01553
213.511 -3.01553
214.391 -3.01554
214.394 -3.01554
214.431 -3.01554
214.471 -3.01554
214.511 -3.01554
215.391 -3.01553
215.393 -3.01553
215.431 -3.01553
215.471 -3.01553
215.511 -3.01553
216.391 -3.01554
216.393 -3.01554
216.431 -3.01554
216.471 -3.01554
216.511 -3.01554
217.390 -3.01552
217.393 -3.01552
217.431 -3.01552
217.471 -3.01552
217.511 -3.01552
218.390 -3.01552
218.393 -3.01552
218.431 -3.01552
218.471 -3.01552
218.511 -3.01552
219.390 -3.01554
219.393 -3.01554
219.431 -3.01554
219.471 -3.01554
219.511 -3.01554
220.390 -3.01553
220.393 -3.01553
220.431 -3.01553
220.471 -3.01553
220.511 -3.01553
221.390 -3.01554
221.393 -3.01554
221.431 -3.01554
221.471 -3.01554
221.511 -3.01554
222.390 -3.01554
222.393 -3.01554
222.431 -3.01554
222.471 -3.01554
222.511 -3.01554
223.390 -3.01552
223.394 -3.01552
223.430 -3.01552
223.471 -3.01552
223.511 -3.01552
224.390 -3.01554
224.394 -3.01554
224.430 -3.01554
224.471 -3.01554
224.511 -3.01554
225.390 -3.01554
225.394 -3.01554
225.430 -3.01554
225.471 -3.01554
225.511 -3.01554
226.390 -3.01553
226.394 -3.01553
226.431 -3.01553
226.471 -3.01553
226.511 -3.01553
227.391 -3.01553
227.394 -3.01553
227.431 -3.01553
227.471 -3.01553
227.512 -3.01553
228.391 -3.01553
228.394 -3.01553
228.431 -3.01553
228.471 -3.01553
228.512 -3.01553
229.391 -3.01553
229.394 -3.01553
229.431 -3.01553
229.471 -3.01553
229.512 -3.01553
230.391 -3.01553
230.394 -3.01553
230.431 -3.01553
230.471 -3.01553
230.511 -3.01553
231.391 -3.01553
231.394 -3.01553
231.431 -3.01553
231.471 -3.01553
231.512 -3.01553
232.391 -3.01553
232.394 -3.01553
232.431 -3.01553
232.471 -3.01553
232.511 -3.01553
233.391 -3.01552
233.394 -3.01552
233.431 -3.01552
233.471 -3.01552
233.511 -3.01552
234.391 -3.01552
234.394 -3.01552
234.431 -3.01552
234.471 -3.01552
234.511 -3.01552
235.391 -3.01552
235.394 -3.01552
235.431 -3.01552
235.471 -3.01552
235.511 -3.01552
236.391 -3.01553
236.394 -3.01553
236.431 -3.01553
236.471 -3.01553
236.511 -3.01553
237.391 -3.01552
237.394 -3.01552
237.431 -3.01552
237.471 -3.01552
237.511 -3.01552
238.391 -3.01552
238.394 -3.01552
238.431 -3.01552
238.471 -3.01552
238.511 -3.01552
239.391 -3.01552
239.394 -3.01552
239.431 -3.01552
239.471 -3.01552
239.511 -3.01552
240.391 -3.01552
240.394 -3.01552
240.431 -3.01552
240.471 -3.01552
240.511 -3.01552
241.391 -3.01552
241.395 -3.01552
241.431 -3.01552
241.471 -3.01552
241.511 -3.01552
242.391 -3.01551
242.395 -3.01551
242.431 -3.01551
242.471 -3.01551
242.511 -3.01551
243.391 -3.01552
243.395 -3.01552
243.431 -3.01552
243.471 -3.01552
243.512 -3.01552
244.390 -3.01552
244.395 -3.01552
244.431 -3.01552
244.471 -3.01552
244.511 -3.01552
245.391 -3.01552
245.395 -3.01552
245.432 -3.01552
245.472 -3.01552
245.513 -3.01552
246.391 -3.01553
246.394 -3.01553
246.432 -3.01553
246.472 -3.01553
246.512 -3.01553
247.391 -3.01552
247.394 -3.01552
247.432 -3.01552
247.472 -3.01552
247.512 -3.01552
248.391 -3.01552
248.394 -3.01552
248.432 -3.01552
248.472 -3.01552
248.512 -3.01552
249.391 -3.01552
249.394 -3.01552
249.432 -3.01552
249.472 -3.01552
249.512 -3.01552
250.391 -3.01554
250.394 -3.01554
250.432 -3.01554
250.472 -3.01554
250.512 -3.01554
251.391 -3.01554
251.394 -3.01554
251.431 -3.01554
251.472 -3.01554
251.512 -3.01554
252.391 -3.01552
252.394 -3.01552
252.431 -3.01552
252.472 -3.01552
252.512 -3.01552
253.391 -3.01553
253.394 -3.01553
253.431 -3.01553
253.472 -3.01553
253.512 -3.01553
254.391 -3.01555
254.394 -3.01555
254.432 -3.01555
254.472 -3.01555
254.513 -3.01555
255.391 -3.01553
255.394 -3.01553
255.431 -3.01553
255.471 -3.01553
255.512 -3.01553
256.391 -3.01554
256.394 -3.01554
256.431 -3.01554
256.471 -3.01554
256.511 -3.01554
257.391 -3.01554
257.394 -3.01554
257.431 -3.01554
257.472 -3.01554
257.512 -3.01554
258.391 -3.01553
258.394 -3.01553
258.431 -3.01553
258.471 -3.01553
258.511 -3.01553
259.391 -3.01552
259.394 -3.01552
259.431 -3.01552
259.471 -3.01552
259.511 -3.01552
260.391 -3.01552
260.395 -3.01552
260.431 -3.01552
260.471 -3.01552
260.512 -3.01552
261.391 -3.01552
261.395 -3.01552
261.431 -3.01552
261.471 -3.01552
261.511 -3.01552
262.391 -3.01552
262.395 -3.01552
262.431 -3.01552
262.471 -3.01552
262.511 -3.01552
263.392 -3.01552
263.395 -3.01552
263.432 -3.01552
263.472 -3.01552
263.512 -3.01552
264.392 -3.01551
264.395 -3.01551
264.432 -3.01551
264.472 -3.01551
264.512 -3.01551
265.392 -3.01553
265.395 -3.01553
265.432 -3.01553
265.472 -3.01553
265.512 -3.01553
266.392 -3.01553
266.395 -3.01553
266.432 -3.01553
266.472 -3.01553
266.512 -3.01553
267.392 -3.01552
267.395 -3.01552
267.432 -3.01552
267.472 -3.01552
267.512 -3.01552
268.392 -3.01551
268.395 -3.01551
268.432 -3.01551
268.472 -3.01551
268.512 -3.01551
269.392 -3.01555
269.394 -3.01555
269.432 -3.01555
269.472 -3.01555
269.512 -3.01555
270.391 -3.01554
270.394 -3.01554
270.432 -3.01554
270.472 -3.01554
270.512 -3.01554
271.391 -3.01552
271.394 -3.01552
271.432 -3.01552
271.472 -3.01552
271.512 -3.01552
272.391 -3.01552
272.394 -3.01552
272.432 -3.01552
272.472 -3.01552
272.512 -3.01552
273.391 -3.01553
273.394 -3.01553
273.432 -3.01553
273.472 -3.01553
273.512 -3.01553
274.391 -3.01552
274.394 -3.01552
274.432 -3.01552
274.472 -3.01552
274.512 -3.01552
275.391 -3.01552
275.394 -3.01552
275.432 -3.01552
275.472 -3.01552
275.512 -3.01552
276.391 -3.01551
276.394 -3.01551
276.432 -3.01551
276.472 -3.01551
276.512 -3.01551
277.391 -3.01552
277.394 -3.01552
277.432 -3.01552
277.472 -3.01552
277.512 -3.01552
278.391 -3.01552
278.395 -3.01552
278.432 -3.01552
278.472 -3.01552
278.512 -3.01552
279.391 -3.01552
279.395 -3.01552
279.432 -3.01552
279.472 -3.01552
279.512 -3.01552
280.392 -3.01552
280.395 -3.01552
280.432 -3.01552
280.473 -3.01552
280.513 -3.01552
281.392 -3.01552
281.395 -3.01552
281.432 -3.01552
281.472 -3.01552
281.513 -3.01552
282.392 -3.01551
282.395 -3.01551
282.432 -3.01551
282.472 -3.01551
282.513 -3.01551
283.392 -3.01551
283.395 -3.01551
283.432 -3.01551
283.472 -3.01551
283.513 -3.01551
284.392 -3.01551
284.395 -3.01551
284.432 -3.01551
284.472 -3.01551
284.513 -3.01551
285.392 -3.01551
285.395 -3.01551
285.433 -3.01551
285.473 -3.01551
285.513 -3.01551
286.392 -3.01551
286.395 -3.01551
286.432 -3.01551
286.472 -3.01551
286.512 -3.01551
287.392 -3.01550
287.395 -3.01550
287.432 -3.01550
287.472 -3.01550
287.512 -3.01550
288.392 -3.01550
288.395 -3.01550
288.433 -3.01550
288.473 -3.01550
288.513 -3.01550
289.393 -3.01550
289.395 -3.01550
289.433 -3.01550
289.473 -3.01550
289.513 -3.01550
290.392 -3.01550
290.395 -3.01550
290.432 -3.01550
290.472 -3.01550
290.512 -3.01550
291.392 -3.01550
291.395 -3.01550
291.432 -3.01550
291.472 -3.01550
291.512 -3.01550
292.392 -3.01550
292.395 -3.01550
292.433 -3.01550
292.473 -3.01550
292.513 -3.01550
293.392 -3.01550
293.395 -3.01550
293.433 -3.01550
293.473 -3.01550
293.513 -3.01550
294.392 -3.01550
294.395 -3.01550
294.432 -3.01550
294.472 -3.01550
294.512 -3.01550
295.392 -3.01550
295.395 -3.01550
295.432 -3.01550
295.472 -3.01550
295.512 -3.01550
296.392 -3.01550
296.396 -3.01550
296.432 -3.01550
296.472 -3.01550
296.512 -3.01550
297.392 -3.01549
297.395 -3.01549
297.432 -3.01549
297.472 -3.01549
297.512 -3.01549
298.391 -3.01550
298.395 -3.01550
298.432 -3.01550
298.472 -3.01550
298.512 -3.01550
299.392 -3.01549
299.395 -3.01549
299.433 -3.01549
299.473 -3.01549
299.513 -3.01549
300.392 -3.01548
300.395 -3.01548
300.433 -3.01548
300.473 -3.01548
300.513 -3.01548
301.392 -3.01548
301.395 -3.01548
301.433 -3.01548
301.473 -3.01548
301.513 -3.01548
302.392 -3.01549
302.395 -3.01549
302.433 -3.01549
302.473 -3.01549
302.513 -3.01549
303.392 -3.01549
303.395 -3.01549
303.433 -3.01549
303.473 -3.01549
303.513 -3.01549
304.392 -3.01549
304.395 -3.01549
304.433 -3.01549
304.473 -3.01549
304.513 -3.01549
305.392 -3.01549
305.395 -3.01549
305.433 -3.01549
305.473 -3.01549
305.513 -3.01549
306.392 -3.01549
306.395 -3.01549
306.432 -3.01549
306.473 -3.01549
306.513 -3.01549
307.392 -3.01549
307.395 -3.01549
307.432 -3.01549
307.473 -3.01549
307.513 -3.01549
308.392 -3.01549
308.395 -3.01549
308.432 -3.01549
308.473 -3.01549
308.513 -3.01549
309.392 -3.01549
309.395 -3.01549
309.432 -3.01549
309.473 -3.01549
309.513 -3.01549
310.392 -3.01549
310.395 -3.01549
310.432 -3.01549
310.472 -3.01549
310.513 -3.01549
311.392 -3.01549
311.395 -3.01549
311.432 -3.01549
311.472 -3.01549
311.513 -3.01549
312.392 -3.01549
312.395 -3.01549
312.432 -3.01549
312.472 -3.01549
312.513 -3.01549
313.392 -3.01548
313.395 -3.01548
313.432 -3.01548
313.472 -3.01548
313.512 -3.01548
314.392 -3.01548
314.396 -3.01548
314.432 -3.01548
314.472 -3.01548
314.512 -3.01548
315.392 -3.01548
315.396 -3.01548
315.432 -3.01548
315.472 -3.01548
315.512 -3.01548
316.392 -3.01548
316.396 -3.01548
316.432 -3.01548
316.472 -3.01548
316.512 -3.01548
317.392 -3.01548
317.396 -3.01548
317.432 -3.01548
317.472 -3.01548
317.512 -3.01548
318.393 -3.01548
318.396 -3.01548
318.433 -3.01548
318.473 -3.01548
318.514 -3.01548
319.393 -3.01548
319.396 -3.01548
319.433 -3.01548
319.473 -3.01548
319.513 -3.01548
320.393 -3.01546
320.396 -3.01546
320.433 -3.01546
320.473 -3.01546
320.513 -3.01546
321.393 -3.01546
321.396 -3.01546
321.433 -3.01546
321.473 -3.01546
321.513 -3.01546
322.393 -3.01545
322.396 -3.01545
322.433 -3.01545
322.473 -3.01545
322.513 -3.01545
323.393 -3.01545
323.396 -3.01545
323.433 -3.01545
323.473 -3.01545
323.513 -3.01545
324.393 -3.01546
324.395 -3.01546
324.433 -3.01546
324.473 -3.01546
324.513 -3.01546
325.392 -3.01546
325.395 -3.01546
325.433 -3.01546
325.473 -3.01546
325.513 -3.01546
326.392 -3.01546
326.395 -3.01546
326.433 -3.01546
326.473 -3.01546
326.513 -3.01546
327.392 -3.01545
327.395 -3.01545
327.433 -3.01545
327.473 -3.01545
327.513 -3.01545
328.392 -3.01545
328.395 -3.01545
328.433 -3.01545
328.473 -3.01545
328.513 -3.01545
329.392 -3.01545
329.395 -3.01545
329.433 -3.01545
329.473 -3.01545
329.513 -3.01545
330.392 -3.01545
330.395 -3.01545
330.433 -3.01545
330.473 -3.01545
330.513 -3.01545
331.392 -3.01545
331.395 -3.01545
331.432 -3.01545
331.473 -3.01545
331.513 -3.01545
332.392 -3.01545
332.396 -3.01545
332.432 -3.01545
332.473 -3.01545
332.513 -3.01545
333.392 -3.01545
333.396 -3.01545
333.433 -3.01545
333.473 -3.01545
333.513 -3.01545
334.392 -3.01545
334.396 -3.01545
334.432 -3.01545
334.472 -3.01545
334.513 -3.01545
335.392 -3.01545
335.396 -3.01545
335.432 -3.01545
335.473 -3.01545
335.513 -3.01545
336.393 -3.01544
336.396 -3.01544
336.433 -3.01544
336.473 -3.01544
336.514 -3.01544
337.393 -3.01544
337.396 -3.01544
337.433 -3.01544
337.474 -3.01544
337.514 -3.01544
338.393 -3.01544
338.396 -3.01544
338.433 -3.01544
338.474 -3.01544
338.514 -3.01544
339.393 -3.01544
339.396 -3.01544
339.433 -3.01544
339.473 -3.01544
339.514 -3.01544
340.393 -3.01544
340.396 -3.01544
340.434 -3.01544
340.474 -3.01544
340.514 -3.01544
341.393 -3.01543
341.396 -3.01543
341.433 -3.01543
341.473 -3.01543
341.514 -3.01543
342.393 -3.01543
342.396 -3.01543
342.433 -3.01543
342.473 -3.01543
342.514 -3.01543
343.393 -3.01543
343.396 -3.01543
343.433 -3.01543
343.473 -3.01543
343.513 -3.01543
344.393 -3.01543
344.396 -3.01543
344.433 -3.01543
344.473 -3.01543
344.513 -3.01543
345.393 -3.01543
345.396 -3.01543
345.433 -3.01543
345.473 -3.01543
345.513 -3.01543
346.393 -3.01543
346.396 -3.01543
346.433 -3.01543
346.473 -3.01543
346.513 -3.01543
347.393 -3.01544
347.396 -3.01544
347.433 -3.01544
347.473 -3.01544
347.513 -3.01544
348.393 -3.01543
348.396 -3.01543
348.433 -3.01543
348.473 -3.01543
348.513 -3.01543
349.393 -3.01544
349.396 -3.01544
349.433 -3.01544
349.473 -3.01544
349.513 -3.01544
350.393 -3.01544
350.397 -3.01544
350.433 -3.01544
350.473 -3.01544
350.513 -3.01544
351.393 -3.01544
351.397 -3.01544
351.433 -3.01544
351.473 -3.01544
351.513 -3.01544
352.392 -3.01545
352.396 -3.01545
352.433 -3.01545
352.473 -3.01545
352.513 -3.01545
353.392 -3.01544
353.396 -3.01544
353.433 -3.01544
353.473 -3.01544
353.513 -3.01544
354.393 -3.01545
354.396 -3.01545
354.434 -3.01545
354.474 -3.01545
354.514 -3.01545
355.393 -3.01544
355.396 -3.01544
355.434 -3.01544
355.474 -3.01544
355.514 -3.01544
356.393 -3.01545
356.396 -3.01545
356.434 -3.01545
356.474 -3.01545
356.514 -3.01545
357.393 -3.01545
357.396 -3.01545
357.434 -3.01545
357.474 -3.01545
357.514 -3.01545
358.393 -3.01543
358.396 -3.01543
358.433 -3.01543
358.474 -3.01543
358.514 -3.01543
359.393 -3.01544
359.396 -3.01544
359.434 -3.01544
359.474 -3.01544
359.514 -3.01544
360.393 -3.01544
360.396 -3.01544
360.433 -3.01544
360.474 -3.01544
360.514 -3.01544
361.393 -3.01543
361.396 -3.01543
361.433 -3.01543
361.474 -3.01543
361.514 -3.01543
362.393 -3.01543
362.396 -3.01543
362.433 -3.01543
362.474 -3.01543
362.514 -3.01543
363.393 -3.01543
363.396 -3.01543
363.433 -3.01543
363.473 -3.01543
363.514 -3.01543
364.393 -3.01543
364.396 -3.01543
364.433 -3.01543
364.474 -3.01543
364.514 -3.01543
365.393 -3.01543
365.396 -3.01543
365.433 -3.01543
365.474 -3.01543
365.514 -3.01543
366.393 -3.01543
366.396 -3.01543
366.433 -3.01543
366.473 -3.01543
366.514 -3.01543
367.393 -3.01543
367.396 -3.01543
367.433 -3.01543
367.474 -3.01543
367.514 -3.01543
368.393 -3.01542
368.397 -3.01542
368.433 -3.01542
368.473 -3.01542
368.514 -3.01542
369.393 -3.01542
369.397 -3.01542
369.433 -3.01542
369.473 -3.01542
369.513 -3.01542
370.393 -3.01543
370.397 -3.01543
370.433 -3.01543
370.473 -3.01543
370.513 -3.01543
371.393 -3.01543
371.397 -3.01543
371.433 -3.01543
371.473 -3.01543
371.513 -3.01543
372.394 -3.01543
372.397 -3.01543
372.434 -3.01543
372.474 -3.01543
372.514 -3.01543
373.394 -3.01543
373.397 -3.01543
373.434 -3.01543
373.474 -3.01543
373.514 -3.01543
374.394 -3.01542
374.397 -3.01542
374.434 -3.01542
374.474 -3.01542
374.514 -3.01542
375.394 -3.01543
375.397 -3.01543
375.434 -3.01543
375.474 -3.01543
375.514 -3.01543
376.394 -3.01543
376.397 -3.01543
376.434 -3.01543
376.474 -3.01543
376.514 -3.01543
377.394 -3.01542
377.396 -3.01542
377.434 -3.01542
377.474 -3.01542
377.514 -3.01542
378.394 -3.01541
378.397 -3.01541
378.434 -3.01541
378.474 -3.01541
378.514 -3.01541
379.393 -3.01542
379.396 -3.01542
379.434 -3.01542
379.474 -3.01542
379.514 -3.01542
380.393 -3.01541
380.396 -3.01541
380.434 -3.01541
380.474 -3.01541
380.514 -3.01541
381.393 -3.01542
381.396 -3.01542
381.434 -3.01542
381.474 -3.01542
381.514 -3.01542
382.393 -3.01541
382.396 -3.01541
382.434 -3.01541
382.474 -3.01541
382.514 -3.01541
383.393 -3.01541
383.396 -3.01541
383.434 -3.01541
383.474 -3.01541
383.514 -3.01541
384.393 -3.01542
384.396 -3.01542
384.433 -3.01542
384.474 -3.01542
384.514 -3.01542
385.393 -3.01541
385.397 -3.01541
385.434 -3.01541
385.474 -3.01541
385.514 -3.01541
386.393 -3.01541
386.397 -3.01541
386.433 -3.01541
386.474 -3.01541
386.514 -3.01541
387.393 -3.01541
387.397 -3.01541
387.434 -3.01541
387.474 -3.01541
387.514 -3.01541
388.393 -3.01540
388.397 -3.01540
388.433 -3.01540
388.474 -3.01540
388.514 -3.01540
389.393 -3.01540
389.397 -3.01540
389.433 -3.01540
389.473 -3.01540
389.514 -3.01540
390.394 -3.01539
390.397 -3.01539
390.434 -3.01539
390.474 -3.01539
390.515 -3.01539
391.394 -3.01539
391.397 -3.01539
391.434 -3.01539
391.474 -3.01539
391.514 -3.01539
392.394 -3.01539
392.397 -3.01539
392.434 -3.01539
392.474 -3.01539
392.515 -3.01539
393.394 -3.01539
393.397 -3.01539
393.434 -3.01539
393.474 -3.01539
393.515 -3.01539
394.394 -3.01539
394.397 -3.01539
394.434 -3.01539
394.474 -3.01539
394.514 -3.01539
395.394 -3.01539
395.397 -3.01539
395.434 -3.01539
395.474 -3.01539
395.514 -3.01539
396.394 -3.01538
396.397 -3.01538
396.434 -3.01538
396.474 -3.01538
396.514 -3.01538
397.394 -3.01539
397.397 -3.01539
397.434 -3.01539
397.474 -3.01539
397.514 -3.01539
398.394 -3.01538
398.397 -3.01538
398.434 -3.01538
398.474 -3.01538
398.514 -3.01538
399.394 -3.01538
399.397 -3.01538
399.434 -3.01538
399.474 -3.01538
399.514 -3.01538
400.394 -3.01538
400.397 -3.01538
400.434 -3.01538
400.474 -3.01538
400.514 -3.01538
401.394 -3.01538
401.397 -3.01538
401.434 -3.01538
401.474 -3.01538
401.514 -3.01538
402.394 -3.01537
402.397 -3.01537
402.434 -3.01537
402.475 -3.01537
402.515 -3.01537
403.394 -3.01538
403.397 -3.01538
403.434 -3.01538
403.474 -3.01538
403.514 -3.01538
404.394 -3.01538
404.396 -3.01538
404.434 -3.01538
404.474 -3.01538
404.514 -3.01538
405.394 -3.01538
405.397 -3.01538
405.435 -3.01538
405.475 -3.01538
405.515 -3.01538
406.393 -3.01538
406.397 -3.01538
406.434 -3.01538
406.474 -3.01538
406.514 -3.01538
407.393 -3.01538
407.397 -3.01538
407.434 -3.01538
407.474 -3.01538
407.514 -3.01538
408.393 -3.01537
408.397 -3.01537
408.434 -3.01537
408.474 -3.01537
408.514 -3.01537
409.394 -3.01536
409.397 -3.01536
409.435 -3.01536
409.475 -3.01536
409.515 -3.01536
410.394 -3.01536
410.397 -3.01536
410.435 -3.01536
410.475 -3.01536
410.515 -3.01536
411.394 -3.01536
411.397 -3.01536
411.435 -3.01536
411.475 -3.01536
411.515 -3.01536
412.394 -3.01536
412.397 -3.01536
412.435 -3.01536
412.475 -3.01536
412.515 -3.01536
413.394 -3.01535
413.397 -3.01535
413.434 -3.01535
413.475 -3.01535
413.515 -3.01535
414.394 -3.01536
414.397 -3.01536
414.435 -3.01536
414.475 -3.01536
414.515 -3.01536
415.394 -3.01536
415.397 -3.01536
415.434 -3.01536
415.474 -3.01536
415.515 -3.01536
416.394 -3.01536
416.397 -3.01536
416.434 -3.01536
416.474 -3.01536
416.515 -3.01536
417.394 -3.01536
417.397 -3.01536
417.435 -3.01536
417.475 -3.01536
417.515 -3.01536
418.394 -3.01535
418.397 -3.01535
418.434 -3.01535
418.474 -3.01535
418.515 -3.01535
419.394 -3.01535
419.397 -3.01535
419.434 -3.01535
419.474 -3.01535
419.515 -3.01535
420.394 -3.01535
420.397 -3.01535
420.434 -3.01535
420.474 -3.01535
420.515 -3.01535
421.394 -3.01534
421.397 -3.01534
421.434 -3.01534
421.474 -3.01534
421.514 -3.01534
422.394 -3.01535
422.397 -3.01535
422.434 -3.01535
422.474 -3.01535
422.515 -3.01535
423.394 -3.01535
423.398 -3.01535
423.434 -3.01535
423.474 -3.01535
423.514 -3.01535
424.394 -3.01534
424.398 -3.01534
424.434 -3.01534
424.474 -3.01534
424.515 -3.01534
425.394 -3.01534
425.398 -3.01534
425.434 -3.01534
425.474 -3.01534
425.514 -3.01534
426.395 -3.01534
426.398 -3.01534
426.435 -3.01534
426.475 -3.01534
426.516 -3.01534
427.395 -3.01535
427.398 -3.01535
427.435 -3.01535
427.475 -3.01535
427.515 -3.01535
428.395 -3.01534
428.398 -3.01534
428.435 -3.01534
428.475 -3.01534
428.515 -3.01534
429.395 -3.01535
429.398 -3.01535
429.435 -3.01535
429.475 -3.01535
429.515 -3.01535
430.395 -3.01534
430.397 -3.01534
430.435 -3.01534
430.475 -3.01534
430.515 -3.01534
431.394 -3.01535
431.397 -3.01535
431.435 -3.01535
431.475 -3.01535
431.515 -3.01535
432.394 -3.01533
432.397 -3.01533
432.435 -3.01533
432.475 -3.01533
432.515 -3.01533
433.394 -3.01533
433.397 -3.01533
433.435 -3.01533
433.475 -3.01533
433.515 -3.01533
434.394 -3.01534
434.397 -3.01534
434.435 -3.01534
434.475 -3.01534
434.515 -3.01534
435.394 -3.01534
435.397 -3.01534
435.435 -3.01534
435.475 -3.01534
435.515 -3.01534
436.394 -3.01534
436.397 -3.01534
436.435 -3.01534
436.475 -3.01534
436.515 -3.01534
437.394 -3.01533
437.397 -3.01533
437.435 -3.01533
437.475 -3.01533
437.515 -3.01533
438.394 -3.01533
438.397 -3.01533
438.435 -3.01533
438.475 -3.01533
438.515 -3.01533
439.394 -3.01534
439.397 -3.01534
439.434 -3.01534
439.475 -3.01534
439.515 -3.01534
440.394 -3.01534
440.397 -3.01534
440.434 -3.01534
440.475 -3.01534
440.515 -3.01534
441.394 -3.01533
441.398 -3.01533
441.435 -3.01533
441.475 -3.01533
441.515 -3.01533
442.394 -3.01533
442.398 -3.01533
442.434 -3.01533
442.474 -3.01533
442.515 -3.01533
443.394 -3.01533
443.398 -3.01533
443.434 -3.01533
443.474 -3.01533
443.515 -3.01533
444.394 -3.01533
444.398 -3.01533
444.434 -3.01533
444.474 -3.01533
444.515 -3.01533
445.395 -3.01534
445.398 -3.01534
445.435 -3.01534
445.475 -3.01534
445.516 -3.01534
446.395 -3.01533
446.398 -3.01533
446.435 -3.01533
446.475 -3.01533
446.515 -3.01533
447.395 -3.01533
447.398 -3.01533
447.435 -3.01533
447.475 -3.01533
447.516 -3.01533
448.395 -3.01533
448.398 -3.01533
448.435 -3.01533
448.475 -3.01533
448.515 -3.01533
449.395 -3.01533
449.398 -3.01533
449.435 -3.01533
449.475 -3.01533
449.515 -3.01533
450.395 -3.01532
450.398 -3.01532
450.435 -3.01532
450.475 -3.01532
450.515 -3.01532
451.395 -3.01532
451.398 -3.01532
451.435 -3.01532
451.475 -3.01532
451.515 -3.01532
452.395 -3.01533
452.398 -3.01533
452.435 -3.01533
452.475 -3.01533
452.515 -3.01533
453.395 -3.01532
453.398 -3.01532
453.435 -3.01532
453.475 -3.01532
453.515 -3.01532
454.395 -3.01532
454.398 -3.01532
454.435 -3.01532
454.475 -3.01532
454.515 -3.01532
455.395 -3.01532
455.398 -3.01532
455.435 -3.01532
455.475 -3.01532
455.515 -3.01532
456.395 -3.01532
456.398 -3.01532
456.435 -3.01532
456.475 -3.01532
456.515 -3.01532
457.395 -3.01532
457.398 -3.01532
457.435 -3.01532
457.475 -3.01532
457.515 -3.01532
458.395 -3.01532
458.398 -3.01532
458.435 -3.01532
458.475 -3.01532
458.515 -3.01532
459.394 -3.01532
459.397 -3.01532
459.435 -3.01532
459.475 -3.01532
459.515 -3.01532
460.394 -3.01531
460.398 -3.01531
460.435 -3.01531
460.475 -3.01531
460.515 -3.01531
461.394 -3.01532
461.398 -3.01532
461.435 -3.01532
461.475 -3.01532
461.515 -3.01532
462.394 -3.01531
462.398 -3.01531
462.435 -3.01531
462.475 -3.01531
462.515 -3.01531
463.395 -3.01532
463.398 -3.01532
463.436 -3.01532
463.476 -3.01532
463.516 -3.01532
464.395 -3.01532
464.398 -3.01532
464.436 -3.01532
464.476 -3.01532
464.516 -3.01532
465.395 -3.01532
465.398 -3.01532
465.436 -3.01532
465.476 -3.01532
465.516 -3.01532
466.395 -3.01531
466.398 -3.01531
466.436 -3.01531
466.476 -3.01531
466.516 -3.01531
467.395 -3.01531
467.398 -3.01531
467.435 -3.01531
467.476 -3.01531
467.516 -3.01531
468.395 -3.01532
468.398 -3.01532
468.435 -3.01532
468.476 -3.01532
468.516 -3.01532
469.395 -3.01531
469.398 -3.01531
469.435 -3.01531
469.475 -3.01531
469.516 -3.01531
470.395 -3.01531
470.398 -3.01531
470.435 -3.01531
470.475 -3.01531
470.516 -3.01531
471.395 -3.01532
471.398 -3.01532
471.435 -3.01532
471.475 -3.01532
471.516 -3.01532
472.395 -3.01532
472.398 -3.01532
472.435 -3.01532
472.475 -3.01532
472.515 -3.01532
473.395 -3.01531
473.398 -3.01531
473.435 -3.01531
473.475 -3.01531
473.516 -3.01531
474.395 -3.01532
474.398 -3.01532
474.435 -3.01532
474.475 -3.01532
474.516 -3.01532
475.395 -3.01532
475.398 -3.01532
475.435 -3.01532
475.475 -3.01532
475.516 -3.01532
476.395 -3.01532
476.398 -3.01532
476.435 -3.01532
476.475 -3.01532
476.515 -3.01532
477.395 -3.01531
477.398 -3.01531
477.435 -3.01531
477.475 -3.01531
477.515 -3.01531
478.395 -3.01532
478.399 -3.01532
478.435 -3.01532
478.475 -3.01532
478.515 -3.01532
479.395 -3.01531
479.399 -3.01531
479.435 -3.01531
479.475 -3.01531
479.515 -3.01531
480.395 -3.01531
480.399 -3.01531
480.435 -3.01531
480.475 -3.01531
480.515 -3.01531
481.396 -3.01532
481.399 -3.01532
481.436 -3.01532
481.476 -3.01532
481.516 -3.01532
482.396 -3.01532
482.399 -3.01532
482.436 -3.01532
482.476 -3.01532
482.516 -3.01532
483.396 -3.01531
483.399 -3.01531
483.436 -3.01531
483.476 -3.01531
483.516 -3.01531
484.396 -3.01531
484.399 -3.01531
484.436 -3.01531
484.476 -3.01531
484.516 -3.01531
485.395 -3.01531
485.399 -3.01531
485.436 -3.01531
485.476 -3.01531
485.516 -3.01531
486.395 -3.01531
486.398 -3.01531
486.436 -3.01531
486.476 -3.01531
486.516 -3.01531
487.395 -3.01531
487.398 -3.01531
487.436 -3.01531
487.476 -3.01531
487.516 -3.01531
488.395 -3.01531
488.398 -3.01531
488.436 -3.01531
488.476 -3.01531
488.516 -3.01531
489.395 -3.01531
489.398 -3.01531
489.436 -3.01531
489.476 -3.01531
489.516 -3.01531
490.395 -3.01531
490.398 -3.01531
490.436 -3.01531
490.476 -3.01531
490.516 -3.01531
491.395 -3.01531
491.398 -3.01531
491.436 -3.01531
491.476 -3.01531
491.516 -3.01531
492.395 -3.01530
492.398 -3.01530
492.436 -3.01530
492.476 -3.01530
492.516 -3.01530
493.395 -3.01530
493.398 -3.01530
493.435 -3.01530
493.476 -3.01530
493.516 -3.01530
494.395 -3.01531
494.398 -3.01531
494.435 -3.01531
494.476 -3.01531
494.516 -3.01531
495.395 -3.01531
495.398 -3.01531
495.435 -3.01531
495.475 -3.01531
495.516 -3.01531
496.395 -3.01530
496.399 -3.01530
496.435 -3.01530
496.476 -3.01530
496.516 -3.01530
497.395 -3.01531
497.399 -3.01531
497.435 -3.01531
497.475 -3.01531
497.516 -3.01531
498.395 -3.01531
498.399 -3.01531
498.435 -3.01531
498.475 -3.01531
498.516 -3.01531
499.396 -3.01531
499.400 -3.01531
499.436 -3.01531
499.476 -3.01531
499.517 -3.01531
500.396 -3.01531
500.399 -3.01531
500.436 -3.01531
500.476 -3.01531
500.517 -3.01531
501.396 -3.01531
501.399 -3.01531
501.436 -3.01531
501.476 -3.01531
501.516 -3.01531
502.396 -3.01531
502.399 -3.01531
502.436 -3.01531
502.476 -3.01531
502.516 -3.01531
503.396 -3.01531
503.399 -3.01531
503.436 -3.01531
503.476 -3.01531
503.516 -3.01531
504.396 -3.01531
504.399 -3.01531
504.436 -3.01531
504.476 -3.01531
504.516 -3.01531
505.396 -3.01531
505.399 -3.01531
505.436 -3.01531
505.476 -3.01531
505.516 -3.01531
506.396 -3.01531
506.399 -3.01531
506.436 -3.01531
506.476 -3.01531
506.516 -3.01531
507.396 -3.01531
507.399 -3.01531
507.436 -3.01531
507.476 -3.01531
507.516 -3.01531
508.396 -3.01530
508.399 -3.01530
508.436 -3.01530
508.476 -3.01530
508.516 -3.01530
509.396 -3.01530
509.399 -3.01530
509.436 -3.01530
509.476 -3.01530
509.516 -3.01530
510.396 -3.01531
510.399 -3.01531
510.436 -3.01531
510.476 -3.01531
510.516 -3.01531
511.396 -3.01531
511.399 -3.01531
511.436 -3.01531
511.476 -3.01531
511.516 -3.01531
512.395 -3.01531
512.398 -3.01531
512.436 -3.01531
512.476 -3.01531
512.516 -3.01531
513.395 -3.01530
513.398 -3.01530
513.436 -3.01530
513.476 -3.01530
513.516 -3.01530
514.395 -3.01530
514.399 -3.01530
514.436 -3.01530
514.476 -3.01530
514.516 -3.01530
515.395 -3.01530
515.399 -3.01530
515.436 -3.01530
515.476 -3.01530
515.516 -3.01530
516.395 -3.01530
516.399 -3.01530
516.436 -3.01530
516.476 -3.01530
516.516 -3.01530
517.395 -3.01530
517.399 -3.01530
517.436 -3.01530
517.476 -3.01530
517.516 -3.01530
518.396 -3.01530
518.399 -3.01530
518.437 -3.01530
518.477 -3.01530
518.517 -3.01530
519.396 -3.01530
519.399 -3.01530
519.436 -3.01530
519.477 -3.01530
519.517 -3.01530
520.396 -3.01530
520.399 -3.01530
520.436 -3.01530
520.477 -3.01530
520.517 -3.01530
521.396 -3.01530
521.399 -3.01530
521.436 -3.01530
521.477 -3.01530
521.517 -3.01530
522.396 -3.01530
522.399 -3.01530
522.436 -3.01530
522.477 -3.01530
522.517 -3.01530
523.396 -3.01529
523.399 -3.01529
523.436 -3.01529
523.476 -3.01529
523.517 -3.01529
524.396 -3.01529
524.399 -3.01529
524.436 -3.01529
524.476 -3.01529
524.516 -3.01529
525.396 -3.01529
525.399 -3.01529
525.436 -3.01529
525.476 -3.01529
525.517 -3.01529
526.396 -3.01529
526.399 -3.01529
526.436 -3.01529
526.476 -3.01529
526.517 -3.01529
527.396 -3.01529
527.399 -3.01529
527.436 -3.01529
527.476 -3.01529
527.516 -3.01529
528.396 -3.01529
528.399 -3.01529
528.436 -3.01529
528.476 -3.01529
528.516 -3.01529
529.396 -3.01529
529.399 -3.01529
529.436 -3.01529
529.476 -3.01529
529.516 -3.01529
530.396 -3.01529
530.399 -3.01529
530.436 -3.01529
530.476 -3.01529
530.516 -3.01529
531.396 -3.01529
531.399 -3.01529
531.436 -3.01529
531.476 -3.01529
531.516 -3.01529
532.396 -3.01529
532.400 -3.01529
532.436 -3.01529
532.476 -3.01529
532.516 -3.01529
533.396 -3.01529
533.400 -3.01529
533.436 -3.01529
533.476 -3.01529
533.516 -3.01529
534.396 -3.01529
534.400 -3.01529
534.436 -3.01529
534.476 -3.01529
534.516 -3.01529
535.396 -3.01528
535.400 -3.01528
535.436 -3.01528
535.476 -3.01528
535.516 -3.01528
536.397 -3.01528
536.400 -3.01528
536.437 -3.01528
536.477 -3.01528
536.517 -3.01528
537.397 -3.01529
537.400 -3.01529
537.437 -3.01529
537.477 -3.01529
537.517 -3.01529
538.397 -3.01528
538.400 -3.01528
538.437 -3.01528
538.477 -3.01528
538.517 -3.01528
539.396 -3.01528
539.399 -3.01528
539.437 -3.01528
539.477 -3.01528
539.517 -3.01528
540.396 -3.01528
540.399 -3.01528
540.437 -3.01528
540.477 -3.01528
540.517 -3.01528
541.396 -3.01529
541.399 -3.01529
541.437 -3.01529
541.477 -3.01529
541.517 -3.01529
542.396 -3.01529
542.401 -3.01529
542.437 -3.01529
542.477 -3.01529
542.517 -3.01529
543.396 -3.01528
543.399 -3.01528
543.437 -3.01528
543.477 -3.01528
543.517 -3.01528
544.396 -3.01528
544.399 -3.01528
544.437 -3.01528
544.477 -3.01528
544.517 -3.01528
545.396 -3.01528
545.399 -3.01528
545.437 -3.01528
545.477 -3.01528
545.517 -3.01528
546.396 -3.01527
546.399 -3.01527
546.437 -3.01527
546.477 -3.01527
546.517 -3.01527
547.396 -3.01528
547.399 -3.01528
547.437 -3.01528
547.477 -3.01528
547.517 -3.01528
548.396 -3.01527
548.399 -3.01527
548.436 -3.01527
548.477 -3.01527
548.517 -3.01527
549.396 -3.01527
549.399 -3.01527
549.436 -3.01527
549.476 -3.01527
549.517 -3.01527
550.396 -3.01527
550.400 -3.01527
550.436 -3.01527
550.477 -3.01527
550.517 -3.01527
551.396 -3.01527
551.400 -3.01527
551.436 -3.01527
551.476 -3.01527
551.517 -3.01527
552.396 -3.01527
552.400 -3.01527
552.436 -3.01527
552.477 -3.01527
552.517 -3.01527
553.396 -3.01526
553.400 -3.01526
553.436 -3.01526
553.476 -3.01526
553.517 -3.01526
554.397 -3.01526
554.400 -3.01526
554.437 -3.01526
554.477 -3.01526
554.518 -3.01526
555.397 -3.01526
555.400 -3.01526
555.437 -3.01526
555.477 -3.01526
555.517 -3.01526
556.397 -3.01527
556.400 -3.01527
556.437 -3.01527
556.477 -3.01527
556.517 -3.01527
557.397 -3.01527
557.400 -3.01527
557.437 -3.01527
557.477 -3.01527
557.517 -3.01527
558.397 -3.01526
558.400 -3.01526
558.437 -3.01526
558.477 -3.01526
558.517 -3.01526
559.397 -3.01526
559.400 -3.01526
559.437 -3.01526
559.477 -3.01526
559.517 -3.01526
560.397 -3.01526
560.400 -3.01526
560.437 -3.01526
560.477 -3.01526
560.517 -3.01526
561.397 -3.01526
561.400 -3.01526
561.437 -3.01526
561.477 -3.01526
561.517 -3.01526
562.397 -3.01525
562.400 -3.01525
562.437 -3.01525
562.477 -3.01525
562.517 -3.01525
563.397 -3.01525
563.400 -3.01525
563.437 -3.01525
563.477 -3.01525
563.517 -3.01525
564.397 -3.01525
564.400 -3.01525
564.437 -3.01525
564.477 -3.01525
564.517 -3.01525
565.397 -3.01526
565.400 -3.01526
565.437 -3.01526
565.477 -3.01526
565.517 -3.01526
566.397 -3.01526
566.400 -3.01526
566.437 -3.01526
566.477 -3.01526
566.517 -3.01526
567.397 -3.01525
567.399 -3.01525
567.437 -3.01525
567.477 -3.01525
567.517 -3.01525
568.396 -3.01525
568.400 -3.01525
568.437 -3.01525
568.477 -3.01525
568.517 -3.01525
569.397 -3.01525
569.400 -3.01525
569.438 -3.01525
569.478 -3.01525
569.518 -3.01525
570.396 -3.01525
570.400 -3.01525
570.438 -3.01525
570.478 -3.01525
570.518 -3.01525
571.397 -3.01525
571.400 -3.01525
571.438 -3.01525
571.478 -3.01525
571.518 -3.01525
572.397 -3.01525
572.400 -3.01525
572.438 -3.01525
572.478 -3.01525
572.518 -3.01525
573.397 -3.01525
573.400 -3.01525
573.437 -3.01525
573.478 -3.01525
573.518 -3.01525
574.397 -3.01524
574.400 -3.01524
574.438 -3.01524
574.478 -3.01524
574.518 -3.01524
575.397 -3.01524
575.400 -3.01524
575.438 -3.01524
575.478 -3.01524
575.518 -3.01524
576.397 -3.01524
576.400 -3.01524
576.437 -3.01524
576.477 -3.01524
576.518 -3.01524
577.397 -3.01524
577.400 -3.01524
577.437 -3.01524
577.477 -3.01524
577.518 -3.01524
578.397 -3.01525
578.400 -3.01525
578.437 -3.01525
578.478 -3.01525
578.518 -3.01525
579.397 -3.01524
579.400 -3.01524
579.437 -3.01524
579.478 -3.01524
579.518 -3.01524
580.397 -3.01523
580.400 -3.01523
580.437 -3.01523
580.477 -3.01523
580.518 -3.01523
581.397 -3.01523
581.400 -3.01523
581.437 -3.01523
581.477 -3.01523
581.517 -3.01523
582.397 -3.01524
582.400 -3.01524
582.437 -3.01524
582.477 -3.01524
582.517 -3.01524
583.397 -3.01523
583.400 -3.01523
583.437 -3.01523
583.478 -3.01523
583.518 -3.01523
584.397 -3.01523
584.400 -3.01523
584.437 -3.01523
584.477 -3.01523
584.518 -3.01523
585.397 -3.01523
585.400 -3.01523
585.437 -3.01523
585.477 -3.01523
585.517 -3.01523
586.397 -3.01523
586.401 -3.01523
586.437 -3.01523
586.477 -3.01523
586.517 -3.01523
587.397 -3.01522
587.401 -3.01522
587.437 -3.01522
587.477 -3.01522
587.517 -3.01522
588.397 -3.01522
588.401 -3.01522
588.437 -3.01522
588.477 -3.01522
588.517 -3.01522
589.397 -3.01522
589.401 -3.01522
589.437 -3.01522
589.477 -3.01522
589.517 -3.01522
590.398 -3.01522
590.401 -3.01522
590.438 -3.01522
590.478 -3.01522
590.518 -3.01522
591.398 -3.01522
591.401 -3.01522
591.438 -3.01522
591.478 -3.01522
591.518 -3.01522
592.398 -3.01521
592.401 -3.01521
592.438 -3.01521
592.478 -3.01521
592.518 -3.01521
593.397 -3.01522
593.400 -3.01522
593.438 -3.01522
593.478 -3.01522
593.518 -3.01522
594.397 -3.01521
594.400 -3.01521
594.438 -3.01521
594.478 -3.01521
594.518 -3.01521
595.397 -3.01521
595.400 -3.01521
595.438 -3.01521
595.478 -3.01521
595.518 -3.01521
596.398 -3.01521
596.400 -3.01521
596.438 -3.01521
596.478 -3.01521
596.518 -3.01521
597.397 -3.01521
597.400 -3.01521
597.438 -3.01521
597.478 -3.01521
597.518 -3.01521
598.397 -3.01521
598.400 -3.01521
598.438 -3.01521
598.478 -3.01521
598.518 -3.01521
599.397 -3.01520
599.400 -3.01520
599.438 -3.01520
599.478 -3.01520
599.518 -3.01520
600.397 -3.01520
600.400 -3.01520
600.438 -3.01520
600.479 -3.01520
600.519 -3.01520
601.397 -3.01519
601.400 -3.01519
601.437 -3.01519
601.478 -3.01519
601.518 -3.01519
602.397 -3.01519
602.400 -3.01519
602.437 -3.01519
602.478 -3.01519
602.518 -3.01519
603.397 -3.01519
603.400 -3.01519
603.437 -3.01519
603.478 -3.01519
603.518 -3.01519
604.398 -3.01519
604.400 -3.01519
604.439 -3.01519
604.479 -3.01519
604.519 -3.01519
605.397 -3.01519
605.401 -3.01519
605.437 -3.01519
605.478 -3.01519
605.518 -3.01519
606.397 -3.01518
606.401 -3.01518
606.437 -3.01518
606.477 -3.01518
606.518 -3.01518
607.397 -3.01518
607.401 -3.01518
607.437 -3.01518
607.477 -3.01518
607.518 -3.01518
608.398 -3.01518
608.401 -3.01518
608.439 -3.01518
608.479 -3.01518
608.519 -3.01518
609.398 -3.01518
609.401 -3.01518
609.438 -3.01518
609.478 -3.01518
609.519 -3.01518
610.398 -3.01518
610.401 -3.01518
610.438 -3.01518
610.478 -3.01518
610.518 -3.01518
611.398 -3.01518
611.401 -3.01518
611.438 -3.01518
611.478 -3.01518
611.518 -3.01518
612.398 -3.01518
612.401 -3.01518
612.438 -3.01518
612.478 -3.01518
612.518 -3.01518
613.398 -3.01518
613.401 -3.01518
613.438 -3.01518
613.478 -3.01518
613.518 -3.01518
614.398 -3.01518
614.401 -3.01518
614.438 -3.01518
614.478 -3.01518
614.518 -3.01518
615.398 -3.01517
615.401 -3.01517
615.438 -3.01517
615.478 -3.01517
615.518 -3.01517
616.398 -3.01517
616.401 -3.01517
616.438 -3.01517
616.478 -3.01517
616.518 -3.01517
617.398 -3.01517
617.401 -3.01517
617.438 -3.01517
617.478 -3.01517
617.518 -3.01517
618.398 -3.01517
618.401 -3.01517
618.438 -3.01517
618.478 -3.01517
618.518 -3.01517
619.398 -3.01517
619.401 -3.01517
619.438 -3.01517
619.478 -3.01517
619.518 -3.01517
620.398 -3.01517
620.401 -3.01517
620.438 -3.01517
620.478 -3.01517
620.518 -3.01517
621.397 -3.01517
621.400 -3.01517
621.438 -3.01517
621.478 -3.01517
621.518 -3.01517
622.397 -3.01516
622.401 -3.01516
622.438 -3.01516
622.478 -3.01516
622.518 -3.01516
623.397 -3.01515
623.400 -3.01515
623.438 -3.01515
623.478 -3.01515
623.518 -3.01515
624.397 -3.01515
624.401 -3.01515
624.438 -3.01515
624.478 -3.01515
624.518 -3.01515
625.397 -3.01515
625.401 -3.01515
625.438 -3.01515
625.478 -3.01515
625.518 -3.01515
626.397 -3.01515
626.401 -3.01515
626.438 -3.01515
626.478 -3.01515
626.518 -3.01515
627.398 -3.01514
627.401 -3.01514
627.438 -3.01514
627.479 -3.01514
627.519 -3.01514
628.398 -3.01514
628.401 -3.01514
628.439 -3.01514
628.479 -3.01514
628.519 -3.01514
629.398 -3.01514
629.401 -3.01514
629.439 -3.01514
629.479 -3.01514
629.519 -3.01514
630.398 -3.01513
630.401 -3.01513
630.439 -3.01513
630.479 -3.01513
630.519 -3.01513
631.398 -3.01513
631.401 -3.01513
631.438 -3.01513
631.479 -3.01513
631.519 -3.01513
632.398 -3.01512
632.401 -3.01512
632.438 -3.01512
632.479 -3.01512
632.519 -3.01512
633.398 -3.01512
633.401 -3.01512
633.438 -3.01512
633.478 -3.01512
633.519 -3.01512
634.398 -3.01511
634.401 -3.01511
634.438 -3.01511
634.478 -3.01511
634.519 -3.01511
635.398 -3.01511
635.401 -3.01511
635.438 -3.01511
635.478 -3.01511
635.519 -3.01511
636.398 -3.01511
636.401 -3.01511
636.438 -3.01511
636.478 -3.01511
636.518 -3.01511
637.398 -3.01511
637.401 -3.01511
637.438 -3.01511
637.478 -3.01511
637.518 -3.01511
638.398 -3.01510
638.401 -3.01510
638.438 -3.01510
638.478 -3.01510
638.518 -3.01510
639.398 -3.01510
639.401 -3.01510
639.438 -3.01510
639.479 -3.01510
639.519 -3.01510
640.398 -3.01510
640.401 -3.01510
640.438 -3.01510
640.479 -3.01510
640.519 -3.01510
641.398 -3.01510
641.401 -3.01510
641.438 -3.01510
641.478 -3.01510
641.518 -3.01510
642.398 -3.01509
642.401 -3.01509
642.438 -3.01509
642.478 -3.01509
642.519 -3.01509
643.398 -3.01509
643.402 -3.01509
643.438 -3.01509
643.478 -3.01509
643.518 -3.01509
644.398 -3.01508
644.402 -3.01508
644.438 -3.01508
644.478 -3.01508
644.518 -3.01508
645.399 -3.01508
645.402 -3.01508
645.439 -3.01508
645.479 -3.01508
645.519 -3.01508
646.399 -3.01507
646.402 -3.01507
646.439 -3.01507
646.479 -3.01507
646.519 -3.01507
647.399 -3.01507
647.401 -3.01507
647.439 -3.01507
647.479 -3.01507
647.519 -3.01507
648.399 -3.01506
648.401 -3.01506
648.439 -3.01506
648.479 -3.01506
648.519 -3.01506
649.398 -3.01505
649.401 -3.01505
649.439 -3.01505
649.479 -3.01505
649.519 -3.01505
650.398 -3.01505
650.401 -3.01505
650.439 -3.01505
650.479 -3.01505
650.519 -3.01505
651.398 -3.01504
651.401 -3.01504
651.439 -3.01504
651.479 -3.01504
651.519 -3.01504
652.398 -3.01504
652.401 -3.01504
652.439 -3.01504
652.479 -3.01504
652.519 -3.01504
653.398 -3.01504
653.401 -3.01504
653.439 -3.01504
653.479 -3.01504
653.519 -3.01504
654.398 -3.01503
654.401 -3.01503
654.439 -3.01503
654.479 -3.01503
654.519 -3.01503
655.398 -3.01503
655.401 -3.01503
655.439 -3.01503
655.479 -3.01503
655.519 -3.01503
656.398 -3.01502
656.401 -3.01502
656.438 -3.01502
656.479 -3.01502
656.519 -3.01502
657.398 -3.01502
657.401 -3.01502
657.439 -3.01502
657.479 -3.01502
657.519 -3.01502
658.398 -3.01502
658.401 -3.01502
658.438 -3.01502
658.479 -3.01502
658.519 -3.01502
659.398 -3.01501
659.401 -3.01501
659.438 -3.01501
659.479 -3.01501
659.519 -3.01501
660.398 -3.01501
660.401 -3.01501
660.438 -3.01501
660.479 -3.01501
660.519 -3.01501
661.398 -3.01501
661.402 -3.01501
661.438 -3.01501
661.478 -3.01501
661.519 -3.01501
662.398 -3.01501
662.402 -3.01501
662.438 -3.01501
662.478 -3.01501
662.519 -3.01501
663.399 -3.01501
663.402 -3.01501
663.439 -3.01501
663.479 -3.01501
663.519 -3.01501
664.399 -3.01501
664.402 -3.01501
664.439 -3.01501
664.479 -3.01501
664.519 -3.01501
665.399 -3.01501
665.402 -3.01501
665.439 -3.01501
665.479 -3.01501
665.519 -3.01501
666.399 -3.01501
666.402 -3.01501
666.439 -3.01501
666.479 -3.01501
666.519 -3.01501
667.399 -3.01500
667.402 -3.01500
667.439 -3.01500
667.479 -3.01500
667.519 -3.01500
668.399 -3.01501
668.402 -3.01501
668.439 -3.01501
668.479 -3.01501
668.519 -3.01501
669.399 -3.01501
669.402 -3.01501
669.439 -3.01501
669.479 -3.01501
669.519 -3.01501
670.399 -3.01500
670.402 -3.01500
670.439 -3.01500
670.479 -3.01500
670.519 -3.01500
671.399 -3.01501
671.402 -3.01501
671.439 -3.01501
671.479 -3.01501
671.519 -3.01501
672.399 -3.01501
672.402 -3.01501
672.439 -3.01501
672.479 -3.01501
672.519 -3.01501
673.399 -3.01500
673.402 -3.01500
673.439 -3.01500
673.479 -3.01500
673.519 -3.01500
674.399 -3.01500
674.402 -3.01500
674.439 -3.01500
674.479 -3.01500
674.519 -3.01500
675.398 -3.01500
675.402 -3.01500
675.439 -3.01500
675.479 -3.01500
675.519 -3.01500
676.398 -3.01501
676.401 -3.01501
676.439 -3.01501
676.479 -3.01501
676.519 -3.01501
677.398 -3.01501
677.401 -3.01501
677.439 -3.01501
677.479 -3.01501
677.519 -3.01501
678.398 -3.01501
678.401 -3.01501
678.439 -3.01501
678.479 -3.01501
678.519 -3.01501
679.398 -3.01501
679.402 -3.01501
679.439 -3.01501
679.479 -3.01501
679.519 -3.01501
680.398 -3.01501
680.402 -3.01501
680.439 -3.01501
680.479 -3.01501
680.519 -3.01501
681.399 -3.01500
681.402 -3.01500
681.440 -3.01500
681.480 -3.01500
681.520 -3.01500
682.399 -3.01500
682.402 -3.01500
682.440 -3.01500
682.480 -3.01500
682.520 -3.01500
683.399 -3.01500
683.402 -3.01500
683.439 -3.01500
683.480 -3.01500
683.520 -3.01500
684.399 -3.01500
684.402 -3.01500
684.440 -3.01500
684.480 -3.01500
684.520 -3.01500
685.399 -3.01499
685.402 -3.01499
685.440 -3.01499
685.480 -3.01499
685.520 -3.01499
686.399 -3.01499
686.402 -3.01499
686.439 -3.01499
686.480 -3.01499
686.520 -3.01499
687.399 -3.01499
687.402 -3.01499
687.440 -3.01499
687.480 -3.01499
687.520 -3.01499
688.399 -3.01499
688.402 -3.01499
688.439 -3.01499
688.479 -3.01499
688.520 -3.01499
689.399 -3.01499
689.402 -3.01499
689.439 -3.01499
689.479 -3.01499
689.520 -3.01499
690.399 -3.01499
690.402 -3.01499
690.439 -3.01499
690.479 -3.01499
690.519 -3.01499
691.399 -3.01499
691.402 -3.01499
691.439 -3.01499
691.479 -3.01499
691.519 -3.01499
692.399 -3.01499
692.402 -3.01499
692.439 -3.01499
692.479 -3.01499
692.519 -3.01499
693.399 -3.01499
693.402 -3.01499
693.439 -3.01499
693.479 -3.01499
693.519 -3.01499
694.399 -3.01499
694.402 -3.01499
694.439 -3.01499
694.479 -3.01499
694.519 -3.01499
695.399 -3.01499
695.402 -3.01499
695.439 -3.01499
695.479 -3.01499
695.519 -3.01499
696.399 -3.01498
696.402 -3.01498
696.439 -3.01498
696.479 -3.01498
696.520 -3.01498
697.399 -3.01498
697.403 -3.01498
697.439 -3.01498
697.479 -3.01498
697.519 -3.01498
698.399 -3.01498
698.403 -3.01498
698.439 -3.01498
698.479 -3.01498
698.519 -3.01498
699.400 -3.01498
699.403 -3.01498
699.440 -3.01498
699.480 -3.01498
699.520 -3.01498
700.400 -3.01498
700.402 -3.01498
700.440 -3.01498
700.480 -3.01498
700.520 -3.01498
701.400 -3.01498
701.402 -3.01498
701.440 -3.01498
701.480 -3.01498
701.520 -3.01498
702.400 -3.01497
702.403 -3.01497
702.440 -3.01497
702.480 -3.01497
702.520 -3.01497
703.399 -3.01498
703.402 -3.01498
703.440 -3.01498
703.480 -3.01498
703.520 -3.01498
704.399 -3.01497
704.402 -3.01497
704.440 -3.01497
704.480 -3.01497
704.520 -3.01497
705.399 -3.01497
705.402 -3.01497
705.440 -3.01497
705.480 -3.01497
705.520 -3.01497
706.399 -3.01497
706.402 -3.01497
706.440 -3.01497
706.480 -3.01497
706.520 -3.01497
707.399 -3.01496
707.402 -3.01496
707.440 -3.01496
707.480 -3.01496
707.520 -3.01496
708.399 -3.01496
708.402 -3.01496
708.440 -3.01496
708.480 -3.01496
708.520 -3.01496
709.399 -3.01496
709.402 -3.01496
709.440 -3.01496
709.480 -3.01496
709.520 -3.01496
710.399 -3.01496
710.402 -3.01496
710.440 -3.01496
710.480 -3.01496
710.520 -3.01496
711.399 -3.01495
711.402 -3.01495
711.440 -3.01495
711.480 -3.01495
711.520 -3.01495
712.399 -3.01495
712.402 -3.01495
712.439 -3.01495
712.480 -3.01495
712.520 -3.01495
713.399 -3.01495
713.402 -3.01495
713.439 -3.01495
713.480 -3.01495
713.520 -3.01495
714.399 -3.01495
714.402 -3.01495
714.439 -3.01495
714.479 -3.01495
714.520 -3.01495
715.399 -3.01495
715.403 -3.01495
715.439 -3.01495
715.479 -3.01495
715.520 -3.01495
716.399 -3.01495
716.403 -3.01495
716.439 -3.01495
716.479 -3.01495
716.520 -3.01495
717.400 -3.01494
717.403 -3.01494
717.440 -3.01494
717.480 -3.01494
717.520 -3.01494
718.400 -3.01494
718.403 -3.01494
718.440 -3.01494
718.480 -3.01494
718.521 -3.01494
719.400 -3.01493
719.403 -3.01493
719.440 -3.01493
719.480 -3.01493
719.520 -3.01493
720.400 -3.01494
720.403 -3.01494
720.440 -3.01494
720.480 -3.01494
720.520 -3.01494
721.400 -3.01493
721.403 -3.01493
721.440 -3.01493
721.480 -3.01493
721.520 -3.01493
722.400 -3.01493
722.403 -3.01493
722.440 -3.01493
722.480 -3.01493
722.520 -3.01493
723.400 -3.01493
723.403 -3.01493
723.440 -3.01493
723.480 -3.01493
723.520 -3.01493
724.400 -3.01493
724.403 -3.01493
724.440 -3.01493
724.480 -3.01493
724.520 -3.01493
725.400 -3.01493
725.403 -3.01493
725.440 -3.01493
725.480 -3.01493
725.520 -3.01493
726.400 -3.01492
726.403 -3.01492
726.440 -3.01492
726.480 -3.01492
726.520 -3.01492
727.400 -3.01492
727.402 -3.01492
727.440 -3.01492
727.480 -3.01492
727.520 -3.01492
728.400 -3.01492
728.402 -3.01492
728.440 -3.01492
728.480 -3.01492
728.520 -3.01492
729.399 -3.01492
729.403 -3.01492
729.440 -3.01492
729.480 -3.01492
729.520 -3.01492
730.399 -3.01492
730.402 -3.01492
730.440 -3.01492
730.480 -3.01492
730.520 -3.01492
731.399 -3.01492
731.403 -3.01492
731.440 -3.01492
731.480 -3.01492
731.520 -3.01492
732.399 -3.01492
732.403 -3.01492
732.440 -3.01492
732.480 -3.01492
732.520 -3.01492
733.399 -3.01492
733.403 -3.01492
733.440 -3.01492
733.480 -3.01492
733.520 -3.01492
734.399 -3.01491
734.403 -3.01491
734.440 -3.01491
734.480 -3.01491
734.520 -3.01491
735.399 -3.01491
735.403 -3.01491
735.440 -3.01491
735.480 -3.01491
735.520 -3.01491
736.400 -3.01491
736.403 -3.01491
736.441 -3.01491
736.481 -3.01491
736.521 -3.01491
737.400 -3.01491
737.403 -3.01491
737.441 -3.01491
737.481 -3.01491
737.521 -3.01491
738.400 -3.01491
738.403 -3.01491
738.441 -3.01491
738.481 -3.01491
738.521 -3.01491
739.400 -3.01491
739.403 -3.01491
739.440 -3.01491
739.481 -3.01491
739.521 -3.01491
740.400 -3.01490
740.403 -3.01490
740.440 -3.01490
740.480 -3.01490
740.521 -3.01490
741.400 -3.01490
741.403 -3.01490
741.440 -3.01490
741.480 -3.01490
741.521 -3.01490
742.400 -3.01491
742.403 -3.01491
742.440 -3.01491
742.480 -3.01491
742.521 -3.01491
743.400 -3.01490
743.403 -3.01490
743.440 -3.01490
743.480 -3.01490
743.521 -3.01490
744.400 -3.01490
744.403 -3.01490
744.440 -3.01490
744.480 -3.01490
744.521 -3.01490
745.400 -3.01490
745.403 -3.01490
745.440 -3.01490
745.480 -3.01490
745.520 -3.01490
746.400 -3.01490
746.403 -3.01490
746.440 -3.01490
746.480 -3.01490
746.520 -3.01490
747.400 -3.01489
747.403 -3.01489
747.440 -3.01489
747.480 -3.01489
747.520 -3.01489
748.400 -3.01489
748.403 -3.01489
748.440 -3.01489
748.480 -3.01489
748.520 -3.01489
749.400 -3.01489
749.403 -3.01489
749.440 -3.01489
749.480 -3.01489
749.520 -3.01489
750.400 -3.01489
750.404 -3.01489
750.440 -3.01489
750.480 -3.01489
750.520 -3.01489
751.400 -3.01489
751.404 -3.01489
751.440 -3.01489
751.480 -3.01489
751.520 -3.01489
752.400 -3.01489
752.404 -3.01489
752.440 -3.01489
752.480 -3.01489
752.520 -3.01489
753.400 -3.01488
753.404 -3.01488
753.440 -3.01488
753.480 -3.01488
753.520 -3.01488
754.401 -3.01488
754.404 -3.01488
754.441 -3.01488
754.481 -3.01488
754.521 -3.01488
755.401 -3.01488
755.403 -3.01488
755.441 -3.01488
755.481 -3.01488
755.521 -3.01488
756.400 -3.01488
756.403 -3.01488
756.441 -3.01488
756.481 -3.01488
756.521 -3.01488
757.400 -3.01488
757.403 -3.01488
757.441 -3.01488
757.481 -3.01488
757.521 -3.01488
758.400 -3.01488
758.403 -3.01488
758.441 -3.01488
758.481 -3.01488
758.521 -3.01488
759.400 -3.01488
759.403 -3.01488
759.441 -3.01488
759.481 -3.01488
759.521 -3.01488
760.400 -3.01488
760.403 -3.01488
760.441 -3.01488
760.481 -3.01488
760.521 -3.01488
761.400 -3.01488
761.403 -3.01488
761.441 -3.01488
761.481 -3.01488
761.521 -3.01488
762.400 -3.01487
762.403 -3.01487
762.441 -3.01487
762.481 -3.01487
762.521 -3.01487
763.400 -3.01487
763.403 -3.01487
763.441 -3.01487
763.481 -3.01487
763.521 -3.01487
764.400 -3.01487
764.403 -3.01487
764.441 -3.01487
764.481 -3.01487
764.521 -3.01487
765.400 -3.01487
765.403 -3.01487
765.441 -3.01487
765.481 -3.01487
765.521 -3.01487
766.400 -3.01487
766.403 -3.01487
766.440 -3.01487
766.481 -3.01487
766.521 -3.01487
767.400 -3.01487
767.403 -3.01487
767.440 -3.01487
767.480 -3.01487
767.521 -3.01487
768.400 -3.01486
768.403 -3.01486
768.440 -3.01486
768.480 -3.01486
768.521 -3.01486
769.400 -3.01486
769.404 -3.01486
769.440 -3.01486
769.481 -3.01486
769.521 -3.01486
770.400 -3.01487
770.404 -3.01487
770.440 -3.01487
770.480 -3.01487
770.521 -3.01487
771.400 -3.01486
771.404 -3.01486
771.440 -3.01486
771.480 -3.01486
771.520 -3.01486
772.401 -3.01486
772.404 -3.01486
772.441 -3.01486
772.481 -3.01486
772.521 -3.01486
773.401 -3.01486
773.404 -3.01486
773.441 -3.01486
773.481 -3.01486
773.522 -3.01486
774.401 -3.01486
774.404 -3.01486
774.441 -3.01486
774.481 -3.01486
774.521 -3.01486
775.401 -3.01485
775.404 -3.01485
775.441 -3.01485
775.481 -3.01485
775.521 -3.01485
776.401 -3.01485
776.404 -3.01485
776.441 -3.01485
776.481 -3.01485
776.521 -3.01485
777.401 -3.01485
777.404 -3.01485
777.441 -3.01485
777.481 -3.01485
777.521 -3.01485
778.401 -3.01485
778.404 -3.01485
778.441 -3.01485
778.481 -3.01485
778.521 -3.01485
779.401 -3.01485
779.404 -3.01485
779.441 -3.01485
779.481 -3.01485
779.521 -3.01485
780.401 -3.01486
780.404 -3.01486
780.441 -3.01486
780.481 -3.01486
780.521 -3.01486
781.401 -3.01485
781.403 -3.01485
781.441 -3.01485
781.481 -3.01485
781.521 -3.01485
782.401 -3.01485
782.404 -3.01485
782.441 -3.01485
782.481 -3.01485
782.521 -3.01485
783.400 -3.01485
783.403 -3.01485
783.441 -3.01485
783.481 -3.01485
783.521 -3.01485
784.400 -3.01485
784.403 -3.01485
784.441 -3.01485
784.481 -3.01485
784.521 -3.01485
785.400 -3.01485
785.403 -3.01485
785.441 -3.01485
785.481 -3.01485
785.521 -3.01485
786.400 -3.01484
786.404 -3.01484
786.441 -3.01484
786.481 -3.01484
786.521 -3.01484
787.400 -3.01484
787.404 -3.01484
787.441 -3.01484
787.481 -3.01484
787.521 -3.01484
788.400 -3.01484
788.404 -3.01484
788.441 -3.01484
788.481 -3.01484
788.521 -3.01484
789.400 -3.01484
789.404 -3.01484
789.441 -3.01484
789.481 -3.01484
789.521 -3.01484
790.401 -3.01484
790.404 -3.01484
790.442 -3.01484
790.482 -3.01484
790.522 -3.01484
791.401 -3.01484
791.404 -3.01484
791.442 -3.01484
791.482 -3.01484
791.522 -3.01484
792.401 -3.01483
792.404 -3.01483
792.441 -3.01483
792.482 -3.01483
792.522 -3.01483
793.401 -3.01484
793.404 -3.01484
793.441 -3.01484
793.482 -3.01484
793.522 -3.01484
794.401 -3.01484
794.404 -3.01484
794.441 -3.01484
794.481 -3.01484
794.522 -3.01484
795.401 -3.01484
795.404 -3.01484
795.441 -3.01484
795.481 -3.01484
795.522 -3.01484
796.401 -3.01484
796.404 -3.01484
796.441 -3.01484
796.481 -3.01484
796.522 -3.01484
797.401 -3.01484
797.404 -3.01484
797.441 -3.01484
797.481 -3.01484
797.521 -3.01484
798.401 -3.01483
798.404 -3.01483
798.441 -3.01483
798.481 -3.01483
798.521 -3.01483
799.401 -3.01484
799.404 -3.01484
799.441 -3.01484
799.481 -3.01484
799.522 -3.01484
800.401 -3.01484
800.404 -3.01484
800.441 -3.01484
800.481 -3.01484
800.521 -3.01484
801.401 -3.01484
801.404 -3.01484
801.441 -3.01484
801.481 -3.01484
801.521 -3.01484
802.401 -3.01484
802.404 -3.01484
802.441 -3.01484
802.481 -3.01484
802.521 -3.01484
803.401 -3.01484
803.404 -3.01484
803.441 -3.01484
803.481 -3.01484
803.521 -3.01484
804.401 -3.01484
804.404 -3.01484
804.441 -3.01484
804.481 -3.01484
804.521 -3.01484
805.401 -3.01484
805.405 -3.01484
805.441 -3.01484
805.481 -3.01484
805.521 -3.01484
806.401 -3.01484
806.405 -3.01484
806.441 -3.01484
806.481 -3.01484
806.521 -3.01484
807.401 -3.01483
807.405 -3.01483
807.441 -3.01483
807.481 -3.01483
807.521 -3.01483
808.401 -3.01483
808.405 -3.01483
808.441 -3.01483
808.481 -3.01483
808.521 -3.01483
809.401 -3.01483
809.404 -3.01483
809.442 -3.01483
809.482 -3.01483
809.522 -3.01483
810.402 -3.01483
810.404 -3.01483
810.442 -3.01483
810.482 -3.01483
810.522 -3.01483
811.401 -3.01483
811.404 -3.01483
811.442 -3.01483
811.482 -3.01483
811.522 -3.01483
812.401 -3.01483
812.404 -3.01483
812.442 -3.01483
812.482 -3.01483
812.522 -3.01483
813.401 -3.01483
813.404 -3.01483
813.442 -3.01483
813.482 -3.01483
813.522 -3.01483
814.401 -3.01483
814.404 -3.01483
814.442 -3.01483
814.482 -3.01483
814.522 -3.01483
815.401 -3.01483
815.404 -3.01483
815.442 -3.01483
815.482 -3.01483
815.522 -3.01483
816.401 -3.01484
816.404 -3.01484
816.442 -3.01484
816.482 -3.01484
816.522 -3.01484
817.401 -3.01484
817.404 -3.01484
817.442 -3.01484
817.482 -3.01484
817.522 -3.01484
818.401 -3.01483
818.404 -3.01483
818.442 -3.01483
818.482 -3.01483
818.522 -3.01483
819.401 -3.01483
819.404 -3.01483
819.441 -3.01483
819.482 -3.01483
819.522 -3.01483
820.401 -3.01484
820.404 -3.01484
820.441 -3.01484
820.482 -3.01484
820.522 -3.01484
821.401 -3.01484
821.404 -3.01484
821.441 -3.01484
821.482 -3.01484
821.522 -3.01484
822.401 -3.01484
822.404 -3.01484
822.441 -3.01484
822.481 -3.01484
822.522 -3.01484
823.401 -3.01484
823.405 -3.01484
823.441 -3.01484
823.481 -3.01484
823.522 -3.01484
824.401 -3.01484
824.405 -3.01484
824.441 -3.01484
824.481 -3.01484
824.522 -3.01484
825.401 -3.01484
825.405 -3.01484
825.441 -3.01484
825.481 -3.01484
825.521 -3.01484
826.402 -3.01483
826.405 -3.01483
826.442 -3.01483
826.482 -3.01483
826.522 -3.01483
827.402 -3.01483
827.405 -3.01483
827.442 -3.01483
827.482 -3.01483
827.522 -3.01483
828.402 -3.01483
828.405 -3.01483
828.442 -3.01483
828.482 -3.01483
828.522 -3.01483
829.402 -3.01483
829.405 -3.01483
829.442 -3.01483
829.482 -3.01483
829.522 -3.01483
830.402 -3.01483
830.405 -3.01483
830.442 -3.01483
830.482 -3.01483
830.522 -3.01483
831.402 -3.01484
831.405 -3.01484
831.442 -3.01484
831.482 -3.01484
831.522 -3.01484
832.402 -3.01483
832.405 -3.01483
832.442 -3.01483
832.482 -3.01483
832.522 -3.01483
833.402 -3.01483
833.405 -3.01483
833.442 -3.01483
833.482 -3.01483
833.522 -3.01483
834.402 -3.01483
834.405 -3.01483
834.442 -3.01483
834.482 -3.01483
834.522 -3.01483
835.402 -3.01483
835.405 -3.01483
835.442 -3.01483
835.482 -3.01483
835.522 -3.01483
836.402 -3.01483
836.405 -3.01483
836.442 -3.01483
836.482 -3.01483
836.522 -3.01483
837.401 -3.01483
837.404 -3.01483
837.442 -3.01483
837.482 -3.01483
837.522 -3.01483
838.402 -3.01483
838.404 -3.01483
838.442 -3.01483
838.482 -3.01483
838.522 -3.01483
839.401 -3.01483
839.404 -3.01483
839.442 -3.01483
839.482 -3.01483
839.522 -3.01483
840.402 -3.01482
840.405 -3.01482
840.442 -3.01482
840.482 -3.01482
840.522 -3.01482
841.401 -3.01483
841.405 -3.01483
841.442 -3.01483
841.482 -3.01483
841.522 -3.01483
842.401 -3.01482
842.405 -3.01482
842.442 -3.01482
842.482 -3.01482
842.522 -3.01482
843.401 -3.01482
843.405 -3.01482
843.442 -3.01482
843.482 -3.01482
843.522 -3.01482
844.401 -3.01482
844.405 -3.01482
844.442 -3.01482
844.482 -3.01482
844.522 -3.01482
845.402 -3.01482
845.405 -3.01482
845.443 -3.01482
845.483 -3.01482
845.523 -3.01482
846.402 -3.01482
846.405 -3.01482
846.442 -3.01482
846.483 -3.01482
846.523 -3.01482
847.402 -3.01482
847.405 -3.01482
847.442 -3.01482
847.483 -3.01482
847.523 -3.01482
848.402 -3.01482
848.405 -3.01482
848.442 -3.01482
848.483 -3.01482
848.523 -3.01482
849.402 -3.01482
849.405 -3.01482
849.442 -3.01482
849.483 -3.01482
849.523 -3.01482
850.402 -3.01482
850.405 -3.01482
850.442 -3.01482
850.483 -3.01482
850.523 -3.01482
851.402 -3.01482
851.405 -3.01482
851.442 -3.01482
851.483 -3.01482
851.523 -3.01482
852.402 -3.01482
852.405 -3.01482
852.442 -3.01482
852.482 -3.01482
852.523 -3.01482
853.402 -3.01482
853.405 -3.01482
853.442 -3.01482
853.482 -3.01482
853.523 -3.01482
854.402 -3.01481
854.405 -3.01481
854.442 -3.01481
854.482 -3.01481
854.523 -3.01481
855.402 -3.01481
855.405 -3.01481
855.442 -3.01481
855.482 -3.01481
855.522 -3.01481
856.402 -3.01482
856.405 -3.01482
856.442 -3.01482
856.482 -3.01482
856.522 -3.01482
857.402 -3.01481
857.405 -3.01481
857.442 -3.01481
857.482 -3.01481
857.522 -3.01481
858.402 -3.01481
858.405 -3.01481
858.442 -3.01481
858.482 -3.01481
858.522 -3.01481
859.402 -3.01481
859.405 -3.01481
859.442 -3.01481
859.482 -3.01481
859.522 -3.01481
860.402 -3.01482
860.406 -3.01482
860.442 -3.01482
860.482 -3.01482
860.522 -3.01482
861.402 -3.01481
861.406 -3.01481
861.442 -3.01481
861.482 -3.01481
861.522 -3.01481
862.402 -3.01481
862.406 -3.01481
862.442 -3.01481
862.482 -3.01481
862.522 -3.01481
863.401 -3.01481
863.405 -3.01481
863.442 -3.01481
863.482 -3.01481
863.522 -3.01481
864.402 -3.01481
864.405 -3.01481
864.443 -3.01481
864.483 -3.01481
864.523 -3.01481
865.402 -3.01481
865.405 -3.01481
865.443 -3.01481
865.483 -3.01481
865.523 -3.01481
866.402 -3.01481
866.406 -3.01481
866.443 -3.01481
866.483 -3.01481
866.523 -3.01481
867.402 -3.01481
867.405 -3.01481
867.443 -3.01481
867.483 -3.01481
867.523 -3.01481
868.402 -3.01481
868.405 -3.01481
868.443 -3.01481
868.483 -3.01481
868.523 -3.01481
869.402 -3.01481
869.405 -3.01481
869.443 -3.01481
869.483 -3.01481
869.523 -3.01481
870.402 -3.01481
870.405 -3.01481
870.443 -3.01481
870.483 -3.01481
870.523 -3.01481
871.402 -3.01480
871.405 -3.01480
871.443 -3.01480
871.483 -3.01480
871.523 -3.01480
872.402 -3.01480
872.405 -3.01480
872.442 -3.01480
872.483 -3.01480
872.523 -3.01480
873.402 -3.01481
873.405 -3.01481
873.443 -3.01481
873.483 -3.01481
873.523 -3.01481
874.402 -3.01480
874.405 -3.01480
874.442 -3.01480
874.482 -3.01480
874.523 -3.01480
875.402 -3.01480
875.405 -3.01480
875.442 -3.01480
875.482 -3.01480
875.523 -3.01480
876.402 -3.01480
876.405 -3.01480
876.442 -3.01480
876.483 -3.01480
876.523 -3.01480
877.402 -3.01480
877.406 -3.01480
877.442 -3.01480
877.482 -3.01480
877.523 -3.01480
878.402 -3.01480
878.406 -3.01480
878.442 -3.01480
878.482 -3.01480
878.523 -3.01480
879.402 -3.01480
879.406 -3.01480
879.442 -3.01480
879.482 -3.01480
879.523 -3.01480
880.402 -3.01480
880.406 -3.01480
880.442 -3.01480
880.482 -3.01480
880.523 -3.01480
881.402 -3.01480
881.406 -3.01480
881.442 -3.01480
881.482 -3.01480
881.522 -3.01480
882.403 -3.01479
882.406 -3.01479
882.443 -3.01479
882.483 -3.01479
882.523 -3.01479
883.403 -3.01480
883.406 -3.01480
883.444 -3.01480
883.484 -3.01480
883.524 -3.01480
884.403 -3.01479
884.406 -3.01479
884.444 -3.01479
884.484 -3.01479
884.524 -3.01479
885.403 -3.01479
885.406 -3.01479
885.443 -3.01479
885.483 -3.01479
885.523 -3.01479
886.403 -3.01479
886.406 -3.01479
886.443 -3.01479
886.483 -3.01479
886.523 -3.01479
887.403 -3.01479
887.406 -3.01479
887.443 -3.01479
887.483 -3.01479
887.523 -3.01479
888.403 -3.01479
888.406 -3.01479
888.443 -3.01479
888.483 -3.01479
888.523 -3.01479
889.402 -3.01479
889.405 -3.01479
889.443 -3.01479
889.483 -3.01479
889.523 -3.01479
890.402 -3.01479
890.405 -3.01479
890.443 -3.01479
890.483 -3.01479
890.523 -3.01479
891.402 -3.01479
891.405 -3.01479
891.443 -3.01479
891.483 -3.01479
891.523 -3.01479
892.402 -3.01479
892.405 -3.01479
892.443 -3.01479
892.483 -3.01479
892.523 -3.01479
893.402 -3.01479
893.405 -3.01479
893.443 -3.01479
893.483 -3.01479
893.523 -3.01479
894.402 -3.01479
894.405 -3.01479
894.443 -3.01479
894.483 -3.01479
894.523 -3.01479
895.402 -3.01479
895.405 -3.01479
895.443 -3.01479
895.483 -3.01479
895.523 -3.01479
896.402 -3.01479
896.406 -3.01479
896.443 -3.01479
896.483 -3.01479
896.523 -3.01479
897.402 -3.01479
897.406 -3.01479
897.443 -3.01479
897.483 -3.01479
897.523 -3.01479
898.402 -3.01479
898.406 -3.01479
898.443 -3.01479
898.483 -3.01479
898.523 -3.01479
899.402 -3.01479
899.406 -3.01479
899.443 -3.01479
899.483 -3.01479
899.523 -3.01479
900.403 -3.01478
900.406 -3.01478
900.443 -3.01478
900.484 -3.01478
900.524 -3.01478
901.403 -3.01478
901.406 -3.01478
901.444 -3.01478
901.484 -3.01478
901.524 -3.01478
902.403 -3.01478
902.406 -3.01478
902.443 -3.01478
902.483 -3.01478
902.524 -3.01478
903.403 -3.01478
903.406 -3.01478
903.443 -3.01478
903.483 -3.01478
903.524 -3.01478
904.403 -3.01478
904.406 -3.01478
904.444 -3.01478
904.484 -3.01478
904.525 -3.01478
905.403 -3.01478
905.406 -3.01478
905.443 -3.01478
905.483 -3.01478
905.524 -3.01478
906.403 -3.01478
906.406 -3.01478
906.443 -3.01478
906.483 -3.01478
906.524 -3.01478
907.403 -3.01478
907.406 -3.01478
907.443 -3.01478
907.483 -3.01478
907.524 -3.01478
908.403 -3.01478
908.406 -3.01478
908.444 -3.01478
908.484 -3.01478
908.524 -3.01478
909.403 -3.01477
909.406 -3.01477
909.443 -3.01477
909.483 -3.01477
909.523 -3.01477
910.403 -3.01477
910.406 -3.01477
910.443 -3.01477
910.483 -3.01477
910.523 -3.01477
911.403 -3.01477
911.406 -3.01477
911.443 -3.01477
911.484 -3.01477
911.524 -3.01477
912.403 -3.01477
912.406 -3.01477
912.443 -3.01477
912.483 -3.01477
912.523 -3.01477
913.403 -3.01477
913.406 -3.01477
913.443 -3.01477
913.483 -3.01477
913.523 -3.01477
914.403 -3.01477
914.406 -3.01477
914.443 -3.01477
914.483 -3.01477
914.523 -3.01477
915.403 -3.01477
915.407 -3.01477
915.443 -3.01477
915.483 -3.01477
915.523 -3.01477
916.403 -3.01477
916.407 -3.01477
916.443 -3.01477
916.483 -3.01477
916.523 -3.01477
917.403 -3.01477
917.407 -3.01477
917.443 -3.01477
917.483 -3.01477
917.523 -3.01477
918.403 -3.01477
918.406 -3.01477
918.444 -3.01477
918.484 -3.01477
918.524 -3.01477
919.403 -3.01477
919.406 -3.01477
919.444 -3.01477
919.484 -3.01477
919.524 -3.01477
920.403 -3.01476
920.406 -3.01476
920.444 -3.01476
920.484 -3.01476
920.524 -3.01476
921.403 -3.01476
921.406 -3.01476
921.444 -3.01476
921.484 -3.01476
921.524 -3.01476
922.403 -3.01476
922.406 -3.01476
922.444 -3.01476
922.484 -3.01476
922.524 -3.01476
923.403 -3.01476
923.406 -3.01476
923.444 -3.01476
923.484 -3.01476
923.524 -3.01476
924.403 -3.01476
924.406 -3.01476
924.444 -3.01476
924.484 -3.01476
924.524 -3.01476
925.403 -3.01476
925.406 -3.01476
925.444 -3.01476
925.484 -3.01476
925.524 -3.01476
926.403 -3.01476
926.406 -3.01476
926.443 -3.01476
926.484 -3.01476
926.524 -3.01476
927.403 -3.01476
927.406 -3.01476
927.443 -3.01476
927.484 -3.01476
927.524 -3.01476
928.403 -3.01475
928.406 -3.01475
928.443 -3.01475
928.483 -3.01475
928.524 -3.01475
929.403 -3.01475
929.406 -3.01475
929.443 -3.01475
929.484 -3.01475
929.524 -3.01475
930.403 -3.01475
930.406 -3.01475
930.443 -3.01475
930.483 -3.01475
930.524 -3.01475
931.403 -3.01475
931.406 -3.01475
931.443 -3.01475
931.483 -3.01475
931.524 -3.01475
932.403 -3.01475
932.406 -3.01475
932.443 -3.01475
932.483 -3.01475
932.523 -3.01475
933.403 -3.01475
933.407 -3.01475
933.443 -3.01475
933.483 -3.01475
933.523 -3.01475
934.403 -3.01475
934.407 -3.01475
934.443 -3.01475
934.483 -3.01475
934.523 -3.01475
935.403 -3.01475
935.407 -3.01475
935.443 -3.01475
935.483 -3.01475
935.523 -3.01475
936.404 -3.01475
936.407 -3.01475
936.444 -3.01475
936.484 -3.01475
936.524 -3.01475
937.404 -3.01475
937.407 -3.01475
937.444 -3.01475
937.484 -3.01475
937.524 -3.01475
938.404 -3.01475
938.407 -3.01475
938.444 -3.01475
938.484 -3.01475
938.524 -3.01475
939.404 -3.01474
939.407 -3.01474
939.444 -3.01474
939.484 -3.01474
939.524 -3.01474
940.404 -3.01474
940.407 -3.01474
940.444 -3.01474
940.484 -3.01474
940.524 -3.01474
941.404 -3.01474
941.407 -3.01474
941.444 -3.01474
941.484 -3.01474
941.524 -3.01474
942.404 -3.01474
942.407 -3.01474
942.444 -3.01474
942.484 -3.01474
942.524 -3.01474
943.404 -3.01474
943.407 -3.01474
943.444 -3.01474
943.484 -3.01474
943.524 -3.01474
944.403 -3.01474
944.406 -3.01474
944.444 -3.01474
944.484 -3.01474
944.524 -3.01474
945.404 -3.01474
945.406 -3.01474
945.444 -3.01474
945.484 -3.01474
945.524 -3.01474
946.403 -3.01474
946.406 -3.01474
946.444 -3.01474
946.484 -3.01474
946.524 -3.01474
947.403 -3.01474
947.406 -3.01474
947.444 -3.01474
947.484 -3.01474
947.524 -3.01474
948.403 -3.01474
948.406 -3.01474
948.444 -3.01474
948.484 -3.01474
948.524 -3.01474
949.403 -3.01474
949.406 -3.01474
949.444 -3.01474
949.484 -3.01474
949.524 -3.01474
950.403 -3.01474
950.406 -3.01474
950.444 -3.01474
950.484 -3.01474
950.524 -3.01474
951.403 -3.01474
951.407 -3.01474
951.444 -3.01474
951.484 -3.01474
951.524 -3.01474
952.403 -3.01473
952.407 -3.01473
952.444 -3.01473
952.484 -3.01473
952.524 -3.01473
953.403 -3.01473
953.407 -3.01473
953.444 -3.01473
953.484 -3.01473
953.524 -3.01473
954.403 -3.01473
954.407 -3.01473
954.443 -3.01473
954.484 -3.01473
954.524 -3.01473
955.404 -3.01473
955.407 -3.01473
955.445 -3.01473
955.485 -3.01473
955.525 -3.01473
956.404 -3.01473
956.407 -3.01473
956.445 -3.01473
956.485 -3.01473
956.525 -3.01473
957.404 -3.01473
957.407 -3.01473
957.444 -3.01473
957.484 -3.01473
957.525 -3.01473
958.404 -3.01473
958.407 -3.01473
958.445 -3.01473
958.485 -3.01473
958.525 -3.01473
959.404 -3.01473
959.407 -3.01473
959.444 -3.01473
959.484 -3.01473
959.524 -3.01473
960.404 -3.01473
960.407 -3.01473
960.444 -3.01473
960.484 -3.01473
960.524 -3.01473
961.404 -3.01473
961.407 -3.01473
961.444 -3.01473
961.484 -3.01473
961.524 -3.01473
962.404 -3.01473
962.407 -3.01473
962.444 -3.01473
962.484 -3.01473
962.524 -3.01473
963.404 -3.01472
963.407 -3.01472
963.444 -3.01472
963.484 -3.01472
963.524 -3.01472
964.404 -3.01472
964.407 -3.01472
964.444 -3.01472
964.484 -3.01472
964.524 -3.01472
965.404 -3.01472
965.407 -3.01472
965.444 -3.01472
965.484 -3.01472
965.524 -3.01472
966.404 -3.01472
966.407 -3.01472
966.444 -3.01472
966.484 -3.01472
966.524 -3.01472
967.474 -3.01472
967.477 -3.01472
967.514 -3.01472
967.554 -3.01472
967.594 -3.01472
968.474 -3.01472
968.477 -3.01472
968.514 -3.01472
968.554 -3.01472
968.594 -3.01472
969.481 -3.01472
969.484 -3.01472
969.521 -3.01472
969.561 -3.01472
969.601 -3.01472
970.463 -3.01472
970.466 -3.01472
970.503 -3.01472
970.543 -3.01472
970.583 -3.01472
971.462 -3.01472
971.465 -3.01472
971.502 -3.01472
971.542 -3.01472
971.582 -3.01472
972.463 -3.01472
972.466 -3.01472
972.504 -3.01472
972.544 -3.01472
972.584 -3.01472
973.428 -3.01472
973.457 -3.01472
973.469 -3.01472
973.509 -3.01472
973.549 -3.01472
974.465 -3.01472
974.470 -3.01472
974.505 -3.01472
974.546 -3.01472
974.586 -3.01472
975.463 -3.01472
975.466 -3.01472
975.504 -3.01472
975.544 -3.01472
975.584 -3.01472
976.462 -3.01472
976.465 -3.01472
976.503 -3.01472
976.543 -3.01472
976.583 -3.01472
977.462 -3.01471
977.466 -3.01471
977.504 -3.01471
977.544 -3.01471
977.584 -3.01471
978.463 -3.01471
978.467 -3.01471
978.503 -3.01471
978.544 -3.01471
978.584 -3.01471
979.465 -3.01471
979.469 -3.01471
979.505 -3.01471
979.546 -3.01471
979.586 -3.01471
980.463 -3.01471
980.465 -3.01471
980.503 -3.01471
980.543 -3.01471
980.583 -3.01471
981.463 -3.01471
981.467 -3.01471
981.504 -3.01471
981.545 -3.01471
981.585 -3.01471
982.462 -3.01471
982.465 -3.01471
982.503 -3.01471
982.543 -3.01471
982.583 -3.01471
983.464 -3.01471
983.468 -3.01471
983.504 -3.01471
983.545 -3.01471
983.585 -3.01471
984.470 -3.01471
984.473 -3.01471
984.511 -3.01471
984.551 -3.01471
984.591 -3.01471
985.465 -3.01471
985.468 -3.01471
985.505 -3.01471
985.545 -3.01471
985.586 -3.01471
986.470 -3.01471
986.473 -3.01471
986.511 -3.01471
986.551 -3.01471
986.592 -3.01471
987.470 -3.01470
987.473 -3.01470
987.510 -3.01470
987.550 -3.01470
987.590 -3.01470
988.468 -3.01470
988.471 -3.01470
988.508 -3.01470
988.548 -3.01470
988.588 -3.01470
989.472 -3.01470
989.476 -3.01470
989.512 -3.01470
989.552 -3.01470
989.592 -3.01470
990.470 -3.01470
990.473 -3.01470
990.510 -3.01470
990.550 -3.01470
990.590 -3.01470
991.469 -3.01470
991.472 -3.01470
991.509 -3.01470
991.549 -3.01470
991.589 -3.01470
992.469 -3.01470
992.472 -3.01470
992.510 -3.01470
992.550 -3.01470
992.590 -3.01470
993.471 -3.01470
993.474 -3.01470
993.511 -3.01470
993.551 -3.01470
993.591 -3.01470
994.473 -3.01470
994.476 -3.01470
994.513 -3.01470
994.553 -3.01470
994.593 -3.01470
995.469 -3.01470
995.469 -3.01470
995.509 -3.01470
995.549 -3.01470
995.589 -3.01470
995.629 -3.01470
996.471 -3.01470
996.474 -3.01470
996.511 -3.01470
996.551 -3.01470
996.591 -3.01470
997.469 -3.01469
997.473 -3.01469
997.509 -3.01469
997.549 -3.01469
997.589 -3.01469
998.469 -3.01469
998.472 -3.01469
998.509 -3.01469
998.549 -3.01469
998.589 -3.01469
999.476 -3.01469
999.479 -3.01469
999.516 -3.01469
999.556 -3.01469
999.596 -3.01469
1000.468 -3.01469
1000.472 -3.01469
1000.509 -3.01469
1000.549 -3.01469
1000.589 -3.01469
1001.468 -3.01469
1001.472 -3.01469
1001.509 -3.01469
1001.549 -3.01469
1001.589 -3.01469
1002.470 -3.01469
1002.473 -3.01469
1002.511 -3.01469
1002.551 -3.01469
1002.591 -3.01469
1003.469 -3.01469
1003.472 -3.01469
1003.510 -3.01469
1003.550 -3.01469
1003.590 -3.01469
1004.472 -3.01469
1004.475 -3.01469
1004.513 -3.01469
1004.553 -3.01469
1004.593 -3.01469
1005.470 -3.01469
1005.474 -3.01469
1005.510 -3.01469
1005.551 -3.01469
1005.591 -3.01469
1006.469 -3.01468
1006.472 -3.01468
1006.510 -3.01468
1006.550 -3.01468
1006.590 -3.01468
1007.469 -3.01468
1007.472 -3.01468
1007.509 -3.01468
1007.550 -3.01468
1007.590 -3.01468
1008.471 -3.01468
1008.474 -3.01468
1008.511 -3.01468
1008.552 -3.01468
1008.592 -3.01468
1009.473 -3.01468
1009.476 -3.01468
1009.513 -3.01468
1009.554 -3.01468
1009.594 -3.01468
1010.469 -3.01468
1010.472 -3.01468
1010.510 -3.01468
1010.550 -3.01468
1010.590 -3.01468
1011.471 -3.01468
1011.474 -3.01468
1011.511 -3.01468
1011.552 -3.01468
1011.592 -3.01468
1012.469 -3.01468
1012.472 -3.01468
1012.509 -3.01468
1012.549 -3.01468
1012.590 -3.01468
1013.469 -3.01468
1013.472 -3.01468
1013.509 -3.01468
1013.549 -3.01468
1013.590 -3.01468
1014.475 -3.01468
1014.478 -3.01468
1014.515 -3.01468
1014.555 -3.01468
1014.596 -3.01468
1015.469 -3.01468
1015.472 -3.01468
1015.509 -3.01468
1015.549 -3.01468
1015.589 -3.01468
1016.469 -3.01468
1016.472 -3.01468
1016.509 -3.01468
1016.549 -3.01468
1016.590 -3.01468
1017.471 -3.01468
1017.474 -3.01468
1017.511 -3.01468
1017.551 -3.01468
1017.591 -3.01468
1018.469 -3.01468
1018.473 -3.01468
1018.509 -3.01468
1018.549 -3.01468
1018.589 -3.01468
1019.473 -3.01468
1019.476 -3.01468
1019.513 -3.01468
1019.553 -3.01468
1019.593 -3.01468
1020.471 -3.01467
1020.475 -3.01467
1020.511 -3.01467
1020.551 -3.01467
1020.591 -3.01467
1021.470 -3.01467
1021.473 -3.01467
1021.510 -3.01467
1021.550 -3.01467
1021.590 -3.01467
1022.470 -3.01467
1022.473 -3.01467
1022.510 -3.01467
1022.550 -3.01467
1022.590 -3.01467
1023.471 -3.01467
1023.475 -3.01467
1023.511 -3.01467
1023.551 -3.01467
1023.591 -3.01467
1024.474 -3.01467
1024.477 -3.01467
1024.514 -3.01467
1024.554 -3.01467
1024.594 -3.01467
1025.470 -3.01467
1025.473 -3.01467
1025.510 -3.01467
1025.550 -3.01467
1025.590 -3.01467
1026.471 -3.01467
1026.474 -3.01467
1026.512 -3.01467
1026.552 -3.01467
1026.592 -3.01467
1027.469 -3.01467
1027.472 -3.01467
1027.510 -3.01467
1027.550 -3.01467
1027.590 -3.01467
1028.471 -3.01467
1028.473 -3.01467
1028.511 -3.01467
1028.551 -3.01467
1028.591 -3.01467
1029.474 -3.01467
1029.478 -3.01467
1029.516 -3.01467
1029.556 -3.01467
1029.596 -3.01467
1030.469 -3.01467
1030.472 -3.01467
1030.510 -3.01467
1030.550 -3.01467
1030.590 -3.01467
1031.469 -3.01467
1031.472 -3.01467
1031.509 -3.01467
1031.550 -3.01467
1031.590 -3.01467
1032.471 -3.01467
1032.474 -3.01467
1032.512 -3.01467
1032.552 -3.01467
1032.592 -3.01467
1033.469 -3.01467
1033.472 -3.01467
1033.509 -3.01467
1033.550 -3.01467
1033.590 -3.01467
1034.473 -3.01467
1034.476 -3.01467
1034.513 -3.01467
1034.554 -3.01467
1034.594 -3.01467
1035.471 -3.01467
1035.474 -3.01467
1035.511 -3.01467
1035.552 -3.01467
1035.592 -3.01467
1036.469 -3.01467
1036.473 -3.01467
1036.509 -3.01467
1036.550 -3.01467
1036.590 -3.01467
1037.469 -3.01467
1037.473 -3.01467
1037.509 -3.01467
1037.549 -3.01467
1037.590 -3.01467
1038.471 -3.01467
1038.474 -3.01467
1038.511 -3.01467
1038.551 -3.01467
1038.592 -3.01467
1039.473 -3.01466
1039.477 -3.01466
1039.513 -3.01466
1039.553 -3.01466
1039.594 -3.01466
1040.469 -3.01466
1040.473 -3.01466
1040.509 -3.01466
1040.549 -3.01466
1040.589 -3.01466
1041.471 -3.01466
1041.475 -3.01466
1041.511 -3.01466
1041.551 -3.01466
1041.592 -3.01466
1042.470 -3.01466
1042.473 -3.01466
1042.510 -3.01466
1042.550 -3.01466
1042.590 -3.01466
1043.470 -3.01466
1043.473 -3.01466
1043.510 -3.01466
1043.550 -3.01466
1043.590 -3.01466
1044.475 -3.01466
1044.479 -3.01466
1044.515 -3.01466
1044.555 -3.01466
1044.596 -3.01466
1045.470 -3.01466
1045.473 -3.01466
1045.510 -3.01466
1045.550 -3.01466
1045.590 -3.01466
1046.470 -3.01466
1046.473 -3.01466
1046.510 -3.01466
1046.550 -3.01466
1046.590 -3.01466
1047.472 -3.01466
1047.475 -3.01466
1047.512 -3.01466
1047.552 -3.01466
1047.592 -3.01466
1048.470 -3.01466
1048.473 -3.01466
1048.510 -3.01466
1048.550 -3.01466
1048.590 -3.01466
1049.474 -3.01466
1049.477 -3.01466
1049.514 -3.01466
1049.554 -3.01466
1049.594 -3.01466
1050.472 -3.01466
1050.475 -3.01466
1050.512 -3.01466
1050.552 -3.01466
1050.592 -3.01466
1051.470 -3.01466
1051.473 -3.01466
1051.510 -3.01466
1051.550 -3.01466
1051.590 -3.01466
1052.470 -3.01466
1052.473 -3.01466
1052.510 -3.01466
1052.550 -3.01466
1052.590 -3.01466
1053.471 -3.01466
1053.474 -3.01466
1053.512 -3.01466
1053.552 -3.01466
1053.592 -3.01466
1054.473 -3.01466
1054.476 -3.01466
1054.514 -3.01466
1054.554 -3.01466
1054.594 -3.01466
1055.469 -3.01466
1055.473 -3.01466
1055.510 -3.01466
1055.550 -3.01466
1055.590 -3.01466
