0.784 -1.00000
1.289 -1.00000
1.794 -1.00000
2.298 -1.00000
2.803 -1.00000
3.307 -1.00000
3.812 -1.00000
4.317 -1.00000
4.821 -1.00000
5.326 -1.00000
5.830 -1.00000
6.335 -1.00000
6.839 -1.00000
7.344 -1.00000
7.849 -1.00000
8.354 -1.00000
8.858 -1.00000
9.363 -1.00000
9.867 -1.00000
10.372 -1.00000
10.877 -1.00000
11.381 -1.00000
11.886 -1.00000
12.391 -1.00000
12.895 -1.00000
13.400 -1.00000
13.904 -1.00000
14.409 -1.00000
14.914 -1.00000
15.419 -1.00000
15.923 -1.00000
16.428 -1.00000
16.933 -1.00000
17.438 -1.00000
17.942 -1.00000
18.447 -1.00000
18.953 -1.00000
19.458 -1.00000
19.963 -1.00000
20.468 -1.00000
20.973 -1.00000
21.477 -1.00000
21.982 -1.00000
22.487 -1.00000
22.991 -1.00000
