0.6995311  NaN          NaN          NaN          NaN        NaN       NaN        NaN   
0.9004099  NaN          NaN          NaN          NaN        NaN       NaN        224   
1.101011   NaN          NaN          NaN          NaN        NaN       NaN        NaN   
1.301528   NaN          NaN          NaN          NaN        NaN       NaN        224   
1.502003   NaN          NaN          NaN          NaN        NaN       NaN        NaN   
1.702833   -0.00073719  -0.007371    -0.0863926   1.24347    47.7883   -3.33451   NaN   
1.904013   -0.00210529  -0.00721088  -0.0871118   1.2471     47.7883   -3.33451   224   
2.104801   -0.00328991  -0.00692119  -0.0883783   1.25206    47.7883   -3.33451   NaN   
2.305688   -0.00443109  -0.0065797   -0.0893299   1.26015    47.7883   -3.33451   NaN   
2.506614   -0.00563133  -0.0064533   -0.0896923   1.27192    47.7883   -3.33451   223   
2.707465   -0.00662011  -0.00645806  -0.0898917   1.28049    47.7883   -3.33451   NaN   
2.908577   -0.00797511  -0.00653606  -0.0910611   1.3025     47.7883   -3.33451   223   
3.109474   -0.00920256  -0.00614023  -0.0925416   1.3204     47.7883   -3.33451   NaN   
3.310368   -0.0100557   -0.00573449  -0.0934088   1.33524    47.7883   -3.33451   NaN   
3.511354   -0.0143092   -0.00582292  -0.0874649   1.3653     47.7883   -3.33451   223   
3.712231   1.99036      -0.00577549  -0.0877143   1.39344    47.7883   -3.33452   NaN   
3.913452   1.99139      -0.00611015  -0.087191    1.42425    47.7883   -3.33452   223   
4.114457   1.98875      -0.00618612  -0.0882218   1.45509    47.7883   -3.33452   NaN   
4.315367   1.98916      -0.00573744  -0.089623    1.48915    47.7883   -3.33452   NaN   
4.516656   1.98847      -0.00573544  -0.0891719   1.52808    47.7883   -3.33452   222   
4.717683   1.98771      -0.00568775  -0.0888695   1.56886    47.7883   -3.33452   NaN   
4.918866   1.98785      -0.00558874  -0.0898018   -171.879   48.1988   -3.01481   223   
5.119842   1.9877       -0.00558005  -0.0904835   -171.834   48.1988   -3.01481   NaN   
5.320833   1.98798      -0.00516681  -0.0913845   -171.786   48.1988   -3.01481   NaN   
5.521852   1.98731      -0.00461838  -0.0921569   -171.736   48.1988   -3.01481   223   
5.722726   1.98697      -0.00476026  -0.0913963   -171.682   48.1988   -3.01481   NaN   
5.923857   1.98661      -0.00503908  -0.0910562   -171.625   48.1988   -3.01481   225   
6.124843   1.98588      -0.00532316  -0.0912723   -171.579   48.1988   -3.01481   NaN   
6.325813   1.98468      -0.00537213  -0.0918109   -171.506   48.1988   -3.01481   NaN   
6.526733   1.98393      -0.00520641  -0.0924084   -171.442   48.1988   -3.01481   226   
6.727763   1.98314      -0.00526806  -0.0928459   -171.376   48.1988   -3.01481   NaN   
6.929232   1.98225      -0.0052609   -0.0929098   -171.921   48.1988   -3.01481   3     
7.130156   1.98189      -0.00512899  -0.0932163   -171.863   48.1988   -3.01481   NaN   
7.331105   1.98139      -0.00436422  -0.0918662   -171.771   48.1988   -3.01481   NaN   
7.532356   1.98143      -0.00397059  -0.0892265   -171.688   48.1988   -3.01481   237   
7.733366   1.98143      -0.00371717  -0.0854769   -171.603   48.1988   -3.01481   NaN   
7.934455   1.98128      -0.00371441  -0.083011    -171.517   48.1988   -3.01481   232   
8.135408   1.98122      -0.00371771  -0.0823482   -171.43    48.1988   -3.01481   NaN   
8.336309   1.98116      -0.0038344   -0.0828367   -171.342   48.1988   -3.01481   NaN   
8.537296   1.98128      -0.00393725  -0.0837701   -171.251   48.1988   -3.01481   228   
8.738288   1.98151      -0.00442243  -0.0841679   -171.157   48.1988   -3.01481   NaN   
8.939395   1.98175      -0.00446047  -0.0848592   -171.812   48.1988   -3.0148    225   
9.140369   1.98195      -0.00397674  -0.0859126   -171.693   48.1988   -3.0148    NaN   
9.341273   1.98208      -0.00329232  -0.0859876   -171.59    48.1988   -3.0148    NaN   
9.542103   1.98265      -0.00295588  -0.0853736   -171.483   48.1988   -3.0148    216   
9.743074   1.98299      -0.00308604  -0.0845642   -171.374   48.1988   -3.0148    NaN   
9.944053   1.98309      -0.00343029  -0.0850294   -171.265   48.1988   -3.0148    215   
10.14499   1.98337      -0.00384324  -0.0856142   -171.152   48.1988   -3.0148    NaN   
10.34592   1.98344      -0.00372763  -0.0860634   -171.036   48.1988   -3.0148    NaN   
10.54696   1.98349      -0.00356861  -0.0865325   -170.918   48.1988   -3.0148    214   
10.74804   1.98345      -0.00357643  -0.0867359   -170.821   48.1988   -3.0148    NaN   
10.94914   1.98309      -0.00334183  -0.0874469   -171.732   48.1988   -3.0148    227   
11.15011   1.98268      -0.00330503  -0.0882871   -171.605   48.1988   -3.0148    NaN   
11.35124   1.98242      -0.00302129  -0.0895773   -171.475   48.1988   -3.0148    NaN   
11.55224   1.98212      -0.00281257  -0.0899818   -171.342   48.1988   -3.0148    227   
11.75328   1.98149      -0.00310586  -0.0887658   -171.206   48.1988   -3.0148    NaN   
11.95447   1.98083      -0.00345041  -0.0877489   -171.066   48.1988   -3.0148    233   
12.15541   1.98009      -0.00392182  -0.0872378   -170.925   48.1988   -3.0148    NaN   
12.35656   1.97908      -0.00369531  -0.0872318   -170.782   48.1988   -3.0148    NaN   
12.55754   1.97825      -0.00365971  -0.0869334   -170.635   48.1988   -3.0148    233   
12.75859   1.97739      -0.00382184  -0.0860562   -170.484   48.1988   -3.0148    NaN   
12.95974   1.97641      -0.00376076  -0.0855554   -171.668   48.1988   -3.0148    233   
13.16073   1.97536      -0.00347349  -0.0859366   -171.513   48.1988   -3.0148    NaN   
13.36178   1.97441      -0.00304468  -0.0864483   -171.355   48.1988   -3.0148    NaN   
13.56275   1.97354      -0.00302285  -0.0866264   -171.195   48.1988   -3.0148    227   
13.76383   1.97249      -0.0036006   -0.0863099   -171.032   48.1988   -3.0148    NaN   
13.96498   1.97139      -0.00413126  -0.0859361   -170.867   48.1988   -3.0148    227   
14.16585   1.97034      -0.00429374  -0.0859509   -170.733   48.1988   -3.0148    NaN   
14.36683   1.96879      -0.00433541  -0.0872016   -170.531   48.1988   -3.0148    NaN   
14.56818   1.96747      -0.0039497   -0.0880304   -170.358   48.1988   -3.0148    227   
14.76921   1.9663       -0.00398682  -0.0875544   -170.181   48.1988   -3.0148    NaN   
14.97026   1.96527      -0.00435309  -0.0863657   -171.736   48.1988   -3.0148    228   
15.17123   1.96427      -0.00449418  -0.0861106   -171.591   48.1988   -3.0148    NaN   
15.37231   1.96296      -0.00386008  -0.0867358   -171.37    48.1988   -3.0148    NaN   
15.57331   1.96196      -0.00358874  -0.0879895   -171.185   48.1988   -3.0148    237   
15.77428   1.961        -0.0040196   -0.0879565   -170.996   48.1988   -3.0148    NaN   
15.97539   1.9598       -0.00458536  -0.0873464   -170.804   48.1988   -3.0148    236   
16.17648   1.95875      -0.0048326   -0.0868825   -170.609   48.1988   -3.0148    NaN   
16.37751   1.95741      -0.00448847  -0.086731    -170.412   48.1988   -3.0148    NaN   
16.57845   1.95623      -0.00422762  -0.0861047   -170.211   48.1988   -3.0148    215   
16.77966   1.95533      -0.00450992  -0.0851651   -170.007   48.1988   -3.0148    NaN   
16.98064   1.95397      -0.00451839  -0.0851142   -171.327   48.1988   -3.01479   215   
17.18181   1.95276      -0.00418505  -0.0854072   -171.119   48.1988   -3.01479   NaN   
17.38294   1.95172      -0.00407832  -0.0855509   -170.907   48.1988   -3.01479   NaN   
17.58394   1.95072      -0.00412438  -0.0861466   -170.693   48.1988   -3.01479   22    
17.78491   1.94974      -0.00437153  -0.0862239   -170.478   48.1988   -3.01479   NaN   
17.98596   1.94857      -0.00415324  -0.0860174   -170.259   48.1988   -3.01479   225   
18.18695   1.94736      -0.00400489  -0.0852111   -170.036   48.1988   -3.01479   NaN   
18.38792   1.9463       -0.0040378   -0.0840291   -169.811   48.1988   -3.01479   NaN   
18.58887   1.9452       -0.00387701  -0.0835064   -169.583   48.1988   -3.01479   219   
18.78989   1.94409      -0.00384938  -0.0835151   -169.353   48.1988   -3.01479   NaN   
18.99132   1.94277      -0.00403213  -0.084022    -171.673   48.1988   -3.01479   226   
19.19223   1.94166      -0.00393703  -0.0842051   -171.438   48.1988   -3.01479   NaN   
19.39317   1.94095      -0.00380595  -0.0849134   -171.2     48.1988   -3.01479   NaN   
19.59427   1.94001      -0.00372234  -0.0856964   -170.961   48.1988   -3.01479   223   
19.79538   1.9388       -0.0043045   -0.0850259   -170.718   48.1988   -3.01479   NaN   
19.99646   1.93784      -0.00424034  -0.085041    -170.473   48.1988   -3.01479   222   
20.19754   1.93699      -0.00391133  -0.0852758   -170.226   48.1988   -3.01479   NaN   
20.39853   1.93599      -0.00400777  -0.0846887   -169.974   48.1988   -3.01479   NaN   
20.59942   1.9348       -0.00426849  -0.084414    -169.72    48.1988   -3.01479   222   
20.80047   1.93371      -0.0043875   -0.084873    -169.463   48.1988   -3.01479   NaN   
21.00156   1.9331       -0.00427244  -0.0850456   -171.724   48.1988   -3.0148    230   
21.2024    1.93243      -0.0042555   -0.084764    -171.461   48.1988   -3.0148    NaN   
21.4036    1.93149      -0.0039295   -0.0847725   -171.195   48.1988   -3.0148    NaN   
21.6046    1.93099      -0.00388892  -0.0852045   -170.928   48.1988   -3.0148    231   
21.80568   1.93014      -0.0041095   -0.0850592   -170.603   48.1988   -3.0148    NaN   
22.0067    1.92935      -0.00435692  -0.084579    -170.329   48.1988   -3.0148    232   
22.20758   1.9286       -0.00440073  -0.0843825   -170.108   48.1988   -3.0148    NaN   
22.4087    1.92764      -0.00433353  -0.084162    -169.773   48.1988   -3.0148    NaN   
22.60978   1.92685      -0.00443764  -0.0839197   -169.491   48.1988   -3.0148    222   
22.81085   1.92599      -0.00440244  -0.0834421   -169.205   48.1988   -3.0148    NaN   
23.0119    1.92539      -0.00438389  -0.0839376   -171.73    48.1988   -3.0148    222   
23.21295   1.92452      -0.00428122  -0.0841867   -171.439   48.1988   -3.0148    NaN   
23.4141    1.92371      -0.00412307  -0.0847609   -171.147   48.1988   -3.0148    NaN   
23.61545   1.92286      -0.0042431   -0.0851974   -170.852   48.1988   -3.0148    223   
23.81639   1.92205      -0.00452889  -0.0849752   -170.554   48.1988   -3.0148    NaN   
24.01768   1.92135      -0.00472497  -0.0845692   -170.253   48.1988   -3.0148    224   
24.21866   1.92061      -0.00461126  -0.0848034   -170.01    48.1988   -3.0148    NaN   
24.41972   1.91948      -0.00437572  -0.0847035   -169.643   48.1988   -3.0148    NaN   
24.62087   1.91887      -0.00456809  -0.0838283   -169.332   48.1988   -3.0148    214   
24.82207   1.91821      -0.00488573  -0.0835921   -169.02    48.1988   -3.0148    NaN   
25.02321   1.91766      -0.00484245  -0.084062    -171.501   48.1988   -3.0148    226   
25.2242    1.91731      -0.00467729  -0.084208    -171.184   48.1988   -3.0148    NaN   
25.42521   1.9168       -0.00424717  -0.0848561   -170.865   48.1988   -3.0148    NaN   
25.62655   1.91654      -0.00424026  -0.0848112   -170.477   48.1988   -3.0148    227   
25.82759   1.91629      -0.00455164  -0.0842393   -170.151   48.1988   -3.0148    NaN   
26.02859   1.9158       -0.00463297  -0.0837649   -169.822   48.1988   -3.0148    227   
26.22951   1.91557      -0.00455976  -0.0829902   -169.557   48.1988   -3.0148    NaN   
26.43049   1.9153       -0.004142    -0.0816748   -169.155   48.1988   -3.0148    NaN   
26.63154   1.91518      -0.00423418  -0.0816474   -168.818   48.1988   -3.0148    228   
26.83282   1.91501      -0.00461796  -0.0822615   -168.548   48.1988   -3.0148    NaN   
27.03391   1.91542      -0.00493279  -0.0836159   -171.503   48.1988   -3.0148    229   
27.23479   1.9154       -0.00477891  -0.0840664   -171.228   48.1988   -3.0148    NaN   
27.43574   1.91533      -0.00414697  -0.084039    -170.811   48.1988   -3.0148    NaN   
27.6367    1.91581      -0.00407992  -0.0833907   -170.46    48.1988   -3.0148    229   
27.8379    1.91569      -0.00393653  -0.0830138   -170.178   48.1988   -3.0148    NaN   
28.03894   1.9152       -0.00456097  -0.0822662   -169.75    48.1988   -3.0148    NaN   
28.23984   1.91503      -0.00492703  -0.0809769   -169.462   48.1988   -3.0148    29    
28.44097   1.91488      -0.00460687  -0.0794951   -169.026   48.1988   -3.0148    NaN   
28.64198   1.9152       -0.00439283  -0.0784732   -168.661   48.1988   -3.0148    231   
28.84309   1.91529      -0.0042924   -0.0781823   -171.882   48.1988   -3.0148    NaN   
29.04418   1.91533      -0.00435772  -0.0793956   -171.514   48.1988   -3.0148    NaN   
29.24517   1.91561      -0.00500527  -0.0800757   -171.217   48.1988   -3.0148    230   
29.44611   1.91547      -0.00532387  -0.0793924   -170.765   48.1988   -3.0148    NaN   
29.64706   1.91523      -0.00519287  -0.0785608   -170.386   48.1988   -3.0148    229   
29.84813   1.91555      -0.00546193  -0.0779996   -170.006   48.1988   -3.0148    NaN   
30.04922   1.9156       -0.00524784  -0.0772101   -169.622   48.1988   -3.0148    NaN   
30.25011   1.91557      -0.00512067  -0.0770663   -169.314   48.1988   -3.0148    229   
30.451     1.9156       -0.00552743  -0.0784718   -168.85    48.1988   -3.0148    NaN   
30.65193   1.91552      -0.0056528   -0.0791124   -168.46    48.1988   -3.0148    225   
30.85316   1.91618      -0.00630643  -0.0781591   -171.795   48.1988   -3.01479   NaN   
31.0542    1.91682      -0.00702527  -0.0781129   -171.397   48.1988   -3.01479   NaN   
31.25524   1.91732      -0.00734347  -0.0786397   -171.078   48.1988   -3.01479   228   
31.45621   1.91846      -0.00779914  -0.0812578   -170.599   48.1988   -3.01479   NaN   
31.65723   1.91912      -0.00750634  -0.0829621   -170.197   48.1988   -3.01479   226   
31.85837   1.91952      -0.0067446   -0.0837275   -169.709   48.1988   -3.01479   NaN   
32.05933   1.92036      -0.00634231  -0.0841135   -169.3     48.1988   -3.01479   NaN   
32.26024   1.92071      -0.00547009  -0.0836476   -168.968   48.1988   -3.01479   227   
32.46128   1.92163      -0.00530546  -0.0819514   -168.467   48.1988   -3.01479   NaN   
32.6623    1.92225      -0.00540484  -0.0807629   -168.046   48.1988   -3.01479   227   
32.86332   1.92266      -0.00513939  -0.0799111   -171.726   48.1988   -3.01479   NaN   
33.0643    1.9234       -0.00515907  -0.0811915   -171.303   48.1988   -3.01479   NaN   
33.2653    1.92351      -0.00480287  -0.0827937   -170.964   48.1988   -3.01479   230   
33.46624   1.92379      -0.00515242  -0.0850501   -170.451   48.1988   -3.01479   NaN   
33.66724   1.92392      -0.00548545  -0.0858727   -170.019   48.1988   -3.01479   229   
33.86832   1.92416      -0.00532048  -0.0851279   -169.583   48.1988   -3.01479   NaN   
34.06923   1.92423      -0.0051816   -0.0837963   -169.143   48.1988   -3.01479   NaN   
34.27022   1.92418      -0.00515156  -0.0830335   -168.701   48.1988   -3.01479   228   
34.47108   1.92428      -0.00533326  -0.0829107   -168.257   48.1988   -3.01479   NaN   
34.67226   1.92424      -0.00558274  -0.0829587   -167.811   48.1988   -3.01479   227   
34.87339   1.92411      -0.00560593  -0.0834541   -171.779   48.1988   -3.01479   NaN   
35.07433   1.92411      -0.00537662  -0.0844337   -171.329   48.1988   -3.01479   NaN   
35.2754    1.92416      -0.00498807  -0.0848426   -170.875   48.1988   -3.01479   227   
35.47638   1.92431      -0.00487752  -0.0844666   -170.417   48.1988   -3.01479   NaN   
35.67732   1.92433      -0.0050684   -0.0831264   -169.956   48.1988   -3.01479   221   
35.87835   1.92439      -0.00549281  -0.0818868   -169.492   48.1988   -3.01479   NaN   
36.07932   1.92431      -0.00528068  -0.0817758   -169.028   48.1988   -3.01479   NaN   
36.28034   1.92455      -0.00499394  -0.0820341   -168.561   48.1988   -3.01479   221   
36.48134   1.92461      -0.00511009  -0.0821467   -168.09    48.1988   -3.01479   NaN   
36.68233   1.9249       -0.00514983  -0.0819552   -167.617   48.1988   -3.01479   233   
36.88348   1.92522      -0.00538061  -0.0819903   -171.557   48.1988   -3.0148    NaN   
37.08454   1.92578      -0.00513383  -0.082854    -171.079   48.1988   -3.0148    NaN   
37.28551   1.92622      -0.00491777  -0.0834763   -170.599   48.1988   -3.0148    234   
37.48674   1.92703      -0.00520989  -0.0828447   -170.114   48.1988   -3.0148    NaN   
37.68776   1.92773      -0.00518615  -0.0820549   -169.627   48.1988   -3.0148    224   
37.88877   1.92855      -0.00501889  -0.0821789   -169.139   48.1988   -3.0148    NaN   
38.08977   1.9293       -0.00482135  -0.0827781   -168.648   48.1988   -3.0148    NaN   
38.29075   1.93005      -0.00469645  -0.0832528   -168.154   48.1988   -3.0148    223   
38.49177   1.93107      -0.00522205  -0.0834753   -167.658   48.1988   -3.0148    NaN   
38.69275   1.93176      -0.00566329  -0.0831852   -167.158   48.1988   -3.01479   22    
38.89423   1.93239      -0.0057566   -0.0827788   -171.715   48.1988   -3.0148    NaN   
