1.904013   -0.00210529  -0.00721088  -0.0871118   1.2471     47.7883   -3.33451   224   
2.506614   -0.00563133  -0.0064533   -0.0896923   1.27192    47.7883   -3.33451   223   
2.908577   -0.00797511  -0.00653606  -0.0910611   1.3025     47.7883   -3.33451   223   
3.511354   -0.0143092   -0.00582292  -0.0874649   1.3653     47.7883   -3.33451   223   
3.913452   1.99139      -0.00611015  -0.087191    1.42425    47.7883   -3.33452   223   
4.516656   1.98847      -0.00573544  -0.0891719   1.52808    47.7883   -3.33452   222   
4.918866   1.98785      -0.00558874  -0.0898018   -171.879   48.1988   -3.01481   223   
5.521852   1.98731      -0.00461838  -0.0921569   -171.736   48.1988   -3.01481   223   
5.923857   1.98661      -0.00503908  -0.0910562   -171.625   48.1988   -3.01481   225   
6.526733   1.98393      -0.00520641  -0.0924084   -171.442   48.1988   -3.01481   226   
6.929232   1.98225      -0.0052609   -0.0929098   -171.921   48.1988   -3.01481   3     
7.532356   1.98143      -0.00397059  -0.0892265   -171.688   48.1988   -3.01481   237   
7.934455   1.98128      -0.00371441  -0.083011    -171.517   48.1988   -3.01481   232   
8.537296   1.98128      -0.00393725  -0.0837701   -171.251   48.1988   -3.01481   228   
8.939395   1.98175      -0.00446047  -0.0848592   -171.812   48.1988   -3.0148    225   
9.542103   1.98265      -0.00295588  -0.0853736   -171.483   48.1988   -3.0148    216   
9.944053   1.98309      -0.00343029  -0.0850294   -171.265   48.1988   -3.0148    215   
10.54696   1.98349      -0.00356861  -0.0865325   -170.918   48.1988   -3.0148    214   
10.94914   1.98309      -0.00334183  -0.0874469   -171.732   48.1988   -3.0148    227   
11.55224   1.98212      -0.00281257  -0.0899818   -171.342   48.1988   -3.0148    227   
11.95447   1.98083      -0.00345041  -0.0877489   -171.066   48.1988   -3.0148    233   
12.55754   1.97825      -0.00365971  -0.0869334   -170.635   48.1988   -3.0148    233   
12.95974   1.97641      -0.00376076  -0.0855554   -171.668   48.1988   -3.0148    233   
13.56275   1.97354      -0.00302285  -0.0866264   -171.195   48.1988   -3.0148    227   
13.96498   1.97139      -0.00413126  -0.0859361   -170.867   48.1988   -3.0148    227   
14.56818   1.96747      -0.0039497   -0.0880304   -170.358   48.1988   -3.0148    227   
14.97026   1.96527      -0.00435309  -0.0863657   -171.736   48.1988   -3.0148    228   
15.57331   1.96196      -0.00358874  -0.0879895   -171.185   48.1988   -3.0148    237   
15.97539   1.9598       -0.00458536  -0.0873464   -170.804   48.1988   -3.0148    236   
16.57845   1.95623      -0.00422762  -0.0861047   -170.211   48.1988   -3.0148    215   
16.98064   1.95397      -0.00451839  -0.0851142   -171.327   48.1988   -3.01479   215   
17.58394   1.95072      -0.00412438  -0.0861466   -170.693   48.1988   -3.01479   22    
17.98596   1.94857      -0.00415324  -0.0860174   -170.259   48.1988   -3.01479   225   
18.58887   1.9452       -0.00387701  -0.0835064   -169.583   48.1988   -3.01479   219   
18.99132   1.94277      -0.00403213  -0.084022    -171.673   48.1988   -3.01479   226   
19.59427   1.94001      -0.00372234  -0.0856964   -170.961   48.1988   -3.01479   223   
19.99646   1.93784      -0.00424034  -0.085041    -170.473   48.1988   -3.01479   222   
20.59942   1.9348       -0.00426849  -0.084414    -169.72    48.1988   -3.01479   222   
21.00156   1.9331       -0.00427244  -0.0850456   -171.724   48.1988   -3.0148    230   
21.6046    1.93099      -0.00388892  -0.0852045   -170.928   48.1988   -3.0148    231   
22.0067    1.92935      -0.00435692  -0.084579    -170.329   48.1988   -3.0148    232   
22.60978   1.92685      -0.00443764  -0.0839197   -169.491   48.1988   -3.0148    222   
23.0119    1.92539      -0.00438389  -0.0839376   -171.73    48.1988   -3.0148    222   
23.61545   1.92286      -0.0042431   -0.0851974   -170.852   48.1988   -3.0148    223   
24.01768   1.92135      -0.00472497  -0.0845692   -170.253   48.1988   -3.0148    224   
24.62087   1.91887      -0.00456809  -0.0838283   -169.332   48.1988   -3.0148    214   
25.02321   1.91766      -0.00484245  -0.084062    -171.501   48.1988   -3.0148    226   
25.62655   1.91654      -0.00424026  -0.0848112   -170.477   48.1988   -3.0148    227   
26.02859   1.9158       -0.00463297  -0.0837649   -169.822   48.1988   -3.0148    227   
26.63154   1.91518      -0.00423418  -0.0816474   -168.818   48.1988   -3.0148    228   
27.03391   1.91542      -0.00493279  -0.0836159   -171.503   48.1988   -3.0148    229   
27.6367    1.91581      -0.00407992  -0.0833907   -170.46    48.1988   -3.0148    229   
28.23984   1.91503      -0.00492703  -0.0809769   -169.462   48.1988   -3.0148    29    
28.64198   1.9152       -0.00439283  -0.0784732   -168.661   48.1988   -3.0148    231   
29.24517   1.91561      -0.00500527  -0.0800757   -171.217   48.1988   -3.0148    230   
29.64706   1.91523      -0.00519287  -0.0785608   -170.386   48.1988   -3.0148    229   
30.25011   1.91557      -0.00512067  -0.0770663   -169.314   48.1988   -3.0148    229   
30.65193   1.91552      -0.0056528   -0.0791124   -168.46    48.1988   -3.0148    225   
31.25524   1.91732      -0.00734347  -0.0786397   -171.078   48.1988   -3.01479   228   
31.65723   1.91912      -0.00750634  -0.0829621   -170.197   48.1988   -3.01479   226   
32.26024   1.92071      -0.00547009  -0.0836476   -168.968   48.1988   -3.01479   227   
32.6623    1.92225      -0.00540484  -0.0807629   -168.046   48.1988   -3.01479   227   
33.2653    1.92351      -0.00480287  -0.0827937   -170.964   48.1988   -3.01479   230   
33.66724   1.92392      -0.00548545  -0.0858727   -170.019   48.1988   -3.01479   229   
34.27022   1.92418      -0.00515156  -0.0830335   -168.701   48.1988   -3.01479   228   
34.67226   1.92424      -0.00558274  -0.0829587   -167.811   48.1988   -3.01479   227   
35.2754    1.92416      -0.00498807  -0.0848426   -170.875   48.1988   -3.01479   227   
35.67732   1.92433      -0.0050684   -0.0831264   -169.956   48.1988   -3.01479   221   
36.28034   1.92455      -0.00499394  -0.0820341   -168.561   48.1988   -3.01479   221   
36.68233   1.9249       -0.00514983  -0.0819552   -167.617   48.1988   -3.01479   233   
37.28551   1.92622      -0.00491777  -0.0834763   -170.599   48.1988   -3.0148    234   
37.68776   1.92773      -0.00518615  -0.0820549   -169.627   48.1988   -3.0148    224   
38.29075   1.93005      -0.00469645  -0.0832528   -168.154   48.1988   -3.0148    223   
38.69275   1.93176      -0.00566329  -0.0831852   -167.158   48.1988   -3.01479   22    
