0.664 50.10000
0.704 50.10000
1.543 50.10000
1.546 48.70000
1.583 48.70000
1.623 48.70000
1.663 48.70000
2.543 48.70000
2.546 46.50000
2.583 46.50000
2.623 46.50000
2.663 46.50000
3.543 46.50000
3.546 44.50000
3.583 44.50000
3.623 44.50000
3.663 44.50000
4.543 44.50000
4.546 42.30000
4.583 42.30000
4.623 42.30000
4.663 42.30000
5.543 42.30000
5.546 40.30000
5.583 40.30000
5.623 40.30000
5.663 40.30000
6.543 40.30000
6.546 38.70000
6.583 38.70000
6.623 38.70000
6.663 38.70000
7.543 38.70000
7.546 36.40000
7.584 36.40000
7.624 36.40000
7.664 36.40000
8.543 36.40000
8.546 34.40000
8.583 34.40000
8.623 34.40000
8.663 34.40000
9.543 34.40000
9.546 32.10000
9.583 32.10000
9.623 32.10000
9.663 32.10000
10.543 32.10000
10.546 30.10000
10.583 30.10000
10.623 30.10000
10.663 30.10000
11.543 30.10000
11.546 28.20000
11.583 28.20000
11.623 28.20000
11.663 28.20000
12.542 28.20000
12.546 26.20000
12.583 26.20000
12.623 26.20000
12.663 26.20000
13.542 26.20000
13.546 24.00000
13.583 24.00000
13.623 24.00000
13.663 24.00000
14.543 24.00000
14.546 22.20000
14.584 22.20000
14.624 22.20000
14.664 22.20000
15.543 22.20000
15.546 19.90000
15.584 19.90000
15.624 19.90000
15.664 19.90000
16.543 19.90000
16.546 18.00000
16.584 18.00000
16.624 18.00000
16.664 18.00000
17.543 18.00000
17.546 16.30000
17.584 16.30000
17.624 16.30000
17.664 16.30000
18.543 16.30000
18.546 14.30000
18.584 14.30000
18.624 14.30000
18.664 14.30000
19.543 14.30000
19.543 14.30000
19.584 12.40000
19.624 12.40000
19.664 12.40000
19.704 12.40000
20.543 12.40000
20.546 10.80000
20.583 10.80000
20.624 10.80000
20.664 10.80000
21.543 10.80000
21.546 9.10000
21.583 9.10000
21.624 9.10000
21.664 9.10000
22.543 9.10000
22.546 7.60000
22.583 7.60000
22.623 7.60000
22.664 7.60000
23.543 7.60000
23.546 6.60000
23.583 6.60000
23.624 6.60000
23.664 6.60000
24.543 6.60000
24.546 5.50000
24.584 5.50000
24.624 5.50000
24.665 5.50000
25.543 5.50000
25.546 4.50000
25.583 4.50000
25.623 4.50000
25.664 4.50000
26.543 4.50000
26.546 3.60000
26.583 3.60000
26.623 3.60000
26.664 3.60000
27.543 3.60000
27.546 2.70000
27.583 2.70000
27.623 2.70000
27.663 2.70000
28.543 2.70000
28.546 1.90000
28.583 1.90000
28.623 1.90000
28.663 1.90000
29.543 1.90000
29.546 1.00000
29.583 1.00000
29.623 1.00000
29.663 1.00000
30.543 1.00000
30.546 0.30000
30.583 0.30000
30.623 0.30000
30.663 0.30000
31.544 0.30000
31.547 359.50000
31.584 359.50000
31.624 359.50000
31.664 359.50000
32.544 359.50000
32.547 358.79999
32.584 358.79999
32.624 358.79999
32.664 358.79999
33.544 358.79999
33.547 357.39999
33.584 357.39999
33.624 357.39999
33.664 357.39999
34.544 357.39999
34.547 356.10001
34.584 356.10001
34.624 356.10001
34.664 356.10001
35.544 356.10001
35.547 354.39999
35.584 354.39999
35.624 354.39999
35.664 354.39999
36.544 354.39999
36.547 352.79999
36.584 352.79999
36.624 352.79999
36.664 352.79999
37.543 352.79999
37.546 351.39999
37.584 351.39999
37.624 351.39999
37.664 351.39999
38.543 351.39999
38.546 350.10001
38.584 350.10001
38.624 350.10001
38.664 350.10001
39.543 350.10001
39.546 349.10001
39.584 349.10001
39.624 349.10001
39.664 349.10001
40.543 349.10001
40.546 347.89999
40.584 347.89999
40.624 347.89999
40.664 347.89999
41.543 347.89999
41.546 347.00000
41.584 347.00000
41.624 347.00000
41.664 347.00000
42.543 347.00000
42.546 346.29999
42.584 346.29999
42.624 346.29999
42.664 346.29999
43.543 346.29999
43.546 345.89999
43.584 345.89999
43.624 345.89999
43.664 345.89999
44.543 345.89999
44.546 345.29999
44.584 345.29999
44.624 345.29999
44.664 345.29999
45.543 345.29999
45.547 345.10001
45.584 345.10001
45.624 345.10001
45.664 345.10001
46.543 345.10001
46.547 345.00000
46.583 345.00000
46.624 345.00000
46.664 345.00000
47.543 345.00000
47.547 344.60001
47.583 344.60001
47.624 344.60001
47.664 344.60001
48.543 344.60001
48.547 344.70001
48.583 344.70001
48.624 344.70001
48.664 344.70001
49.543 344.70001
49.547 344.79999
49.583 344.79999
49.624 344.79999
49.664 344.79999
50.544 344.79999
50.547 345.50000
50.584 345.50000
50.625 345.50000
50.665 345.50000
