0.794 -1.00000
1.299 -1.00000
1.804 -1.00000
2.308 -1.00000
2.813 -1.00000
3.317 -1.00000
3.822 -1.00000
4.326 -1.00000
4.831 -1.00000
5.336 -1.00000
5.840 -1.00000
6.345 -1.00000
6.850 -1.00000
7.354 -1.00000
7.859 -1.00000
8.363 -1.00000
8.868 -1.00000
9.373 -1.00000
9.877 -1.00000
10.382 -1.00000
10.887 -1.00000
11.391 -1.00000
11.896 -1.00000
12.401 -1.00000
12.905 -1.00000
13.410 -1.00000
13.915 -1.00000
14.420 -1.00000
14.924 -1.00000
15.429 -1.00000
15.934 -1.00000
16.438 -1.00000
16.943 -1.00000
17.447 -1.00000
17.952 -1.00000
18.457 -1.00000
18.962 -1.00000
19.466 -1.00000
19.971 -1.00000
20.476 -1.00000
20.980 -1.00000
21.484 -1.00000
21.989 -1.00000
22.493 -1.00000
22.998 -1.00000
23.503 -1.00000
24.008 -1.00000
24.512 -1.00000
25.017 -1.00000
25.522 -1.00000
26.027 -1.00000
26.531 -1.00000
27.036 -1.00000
27.541 -1.00000
28.045 -1.00000
28.550 -1.00000
29.055 -1.00000
29.559 -1.00000
30.064 -1.00000
30.568 -1.00000
31.073 -1.00000
31.578 -1.00000
32.083 -1.00000
32.587 -1.00000
33.091 -1.00000
33.595 -1.00000
34.100 -1.00000
34.604 -1.00000
35.109 -1.00000
35.613 -1.00000
36.118 -1.00000
36.622 -1.00000
37.127 -1.00000
37.632 -1.00000
38.136 -1.00000
38.641 -1.00000
39.145 -1.00000
39.650 -1.00000
40.154 -1.00000
40.659 -1.00000
41.164 -1.00000
41.669 -1.00000
42.173 -1.00000
42.678 -1.00000
43.182 -1.00000
43.687 -1.00000
44.191 -1.00000
44.696 -1.00000
45.201 -1.00000
45.705 -1.00000
46.210 -1.00000
46.715 -1.00000
47.220 -1.00000
47.725 -1.00000
48.230 -1.00000
48.734 -1.00000
49.239 -1.00000
49.743 -1.00000
50.248 -1.00000
50.752 -1.00000
