1.543 166.889
2.543 166.934
3.543 166.833
4.543 166.907
5.543 166.929
6.543 167.155
7.543 167.127
8.543 167.133
9.543 167.032
10.543 167.028
11.543 167.045
12.542 167.057
13.542 167.008
14.543 167.095
15.543 167.085
16.543 167.000
17.543 166.973
18.543 166.990
20.543 167.151
21.543 167.137
22.543 167.123
23.543 167.075
24.543 167.135
25.543 167.112
26.543 167.148
27.543 167.179
28.543 167.172
29.543 167.121
30.543 167.115
31.544 167.129
32.544 167.112
33.544 167.100
34.544 167.134
35.544 167.122
36.544 167.161
37.543 167.155
38.543 167.177
39.543 167.163
40.543 167.194
41.543 167.224
42.543 167.182
44.543 167.171
45.543 167.122
46.543 167.101
47.543 167.171
48.543 167.156
50.544 167.113
