0.664 -3.01557
0.704 -3.01557
1.543 -3.01556
1.546 -3.01556
1.583 -3.01556
1.623 -3.01556
1.663 -3.01556
2.543 -3.01555
2.546 -3.01555
2.583 -3.01555
2.623 -3.01555
2.663 -3.01555
3.543 -3.01555
3.546 -3.01555
3.583 -3.01555
3.623 -3.01555
3.663 -3.01555
4.543 -3.01554
4.546 -3.01554
4.583 -3.01554
4.623 -3.01554
4.663 -3.01554
5.543 -3.01553
5.546 -3.01553
5.583 -3.01553
5.623 -3.01553
5.663 -3.01553
6.543 -3.01553
6.546 -3.01553
6.583 -3.01553
6.623 -3.01553
6.663 -3.01553
7.543 -3.01552
7.546 -3.01552
7.584 -3.01552
7.624 -3.01552
7.664 -3.01552
8.543 -3.01552
8.546 -3.01552
8.583 -3.01552
8.623 -3.01552
8.663 -3.01552
9.543 -3.01551
9.546 -3.01551
9.583 -3.01551
9.623 -3.01551
9.663 -3.01551
10.543 -3.01551
10.546 -3.01551
10.583 -3.01551
10.623 -3.01551
10.663 -3.01551
11.543 -3.01551
11.546 -3.01551
11.583 -3.01551
11.623 -3.01551
11.663 -3.01551
12.542 -3.01550
12.546 -3.01550
12.583 -3.01550
12.623 -3.01550
12.663 -3.01550
13.542 -3.01550
13.546 -3.01550
13.583 -3.01550
13.623 -3.01550
13.663 -3.01550
14.543 -3.01550
14.546 -3.01550
14.584 -3.01550
14.624 -3.01550
14.664 -3.01550
15.543 -3.01549
15.546 -3.01549
15.584 -3.01549
15.624 -3.01549
15.664 -3.01549
16.543 -3.01549
16.546 -3.01549
16.584 -3.01549
16.624 -3.01549
16.664 -3.01549
17.543 -3.01549
17.546 -3.01549
17.584 -3.01549
17.624 -3.01549
17.664 -3.01549
18.543 -3.01549
18.546 -3.01549
18.584 -3.01549
18.624 -3.01549
18.664 -3.01549
19.543 -3.01549
19.543 -3.01549
19.584 -3.01549
19.624 -3.01549
19.664 -3.01549
19.704 -3.01549
20.543 -3.01549
20.546 -3.01549
20.583 -3.01549
20.624 -3.01549
20.664 -3.01549
21.543 -3.01549
21.546 -3.01549
21.583 -3.01549
21.624 -3.01549
21.664 -3.01549
22.543 -3.01549
22.546 -3.01549
22.583 -3.01549
22.623 -3.01549
22.664 -3.01549
23.543 -3.01549
23.546 -3.01549
23.583 -3.01549
23.624 -3.01549
23.664 -3.01549
24.543 -3.01549
24.546 -3.01549
24.584 -3.01549
24.624 -3.01549
24.665 -3.01549
25.543 -3.01549
25.546 -3.01549
25.583 -3.01549
25.623 -3.01549
25.664 -3.01549
26.543 -3.01549
26.546 -3.01549
26.583 -3.01549
26.623 -3.01549
26.664 -3.01549
27.543 -3.01549
27.546 -3.01549
27.583 -3.01549
27.623 -3.01549
27.663 -3.01549
28.543 -3.01549
28.546 -3.01549
28.583 -3.01549
28.623 -3.01549
28.663 -3.01549
29.543 -3.01549
29.546 -3.01549
29.583 -3.01549
29.623 -3.01549
29.663 -3.01549
30.543 -3.01549
30.546 -3.01549
30.583 -3.01549
30.623 -3.01549
30.663 -3.01549
31.544 -3.01550
31.547 -3.01550
31.584 -3.01550
31.624 -3.01550
31.664 -3.01550
32.544 -3.01550
32.547 -3.01550
32.584 -3.01550
32.624 -3.01550
32.664 -3.01550
33.544 -3.01550
33.547 -3.01550
33.584 -3.01550
33.624 -3.01550
33.664 -3.01550
34.544 -3.01550
34.547 -3.01550
34.584 -3.01550
34.624 -3.01550
34.664 -3.01550
35.544 -3.01550
35.547 -3.01550
35.584 -3.01550
35.624 -3.01550
35.664 -3.01550
36.544 -3.01550
36.547 -3.01550
36.584 -3.01550
36.624 -3.01550
36.664 -3.01550
37.543 -3.01551
37.546 -3.01551
37.584 -3.01551
37.624 -3.01551
37.664 -3.01551
38.543 -3.01551
38.546 -3.01551
38.584 -3.01551
38.624 -3.01551
38.664 -3.01551
39.543 -3.01551
39.546 -3.01551
39.584 -3.01551
39.624 -3.01551
39.664 -3.01551
40.543 -3.01552
40.546 -3.01552
40.584 -3.01552
40.624 -3.01552
40.664 -3.01552
41.543 -3.01552
41.546 -3.01552
41.584 -3.01552
41.624 -3.01552
41.664 -3.01552
42.543 -3.01552
42.546 -3.01552
42.584 -3.01552
42.624 -3.01552
42.664 -3.01552
43.543 -3.01552
43.546 -3.01552
43.584 -3.01552
43.624 -3.01552
43.664 -3.01552
44.543 -3.01553
44.546 -3.01553
44.584 -3.01553
44.624 -3.01553
44.664 -3.01553
45.543 -3.01553
45.547 -3.01553
45.584 -3.01553
45.624 -3.01553
45.664 -3.01553
46.543 -3.01553
46.547 -3.01553
46.583 -3.01553
46.624 -3.01553
46.664 -3.01553
47.543 -3.01554
47.547 -3.01554
47.583 -3.01554
47.624 -3.01554
47.664 -3.01554
48.543 -3.01554
48.547 -3.01554
48.583 -3.01554
48.624 -3.01554
48.664 -3.01554
49.543 -3.01554
49.547 -3.01554
49.583 -3.01554
49.624 -3.01554
49.664 -3.01554
50.544 -3.01555
50.547 -3.01555
50.584 -3.01555
50.625 -3.01555
50.665 -3.01555
