0.664 48.19723
0.704 48.19723
1.543 48.19724
1.546 48.19724
1.583 48.19724
1.623 48.19724
1.663 48.19724
2.543 48.19725
2.546 48.19725
2.583 48.19725
2.623 48.19725
2.663 48.19725
3.543 48.19726
3.546 48.19726
3.583 48.19726
3.623 48.19726
3.663 48.19726
4.543 48.19726
4.546 48.19726
4.583 48.19726
4.623 48.19726
4.663 48.19726
5.543 48.19727
5.546 48.19727
5.583 48.19727
5.623 48.19727
5.663 48.19727
6.543 48.19728
6.546 48.19728
6.583 48.19728
6.623 48.19728
6.663 48.19728
7.543 48.19729
7.546 48.19729
7.584 48.19729
7.624 48.19729
7.664 48.19729
8.543 48.19730
8.546 48.19730
8.583 48.19730
8.623 48.19730
8.663 48.19730
9.543 48.19731
9.546 48.19731
9.583 48.19731
9.623 48.19731
9.663 48.19731
10.543 48.19732
10.546 48.19732
10.583 48.19732
10.623 48.19732
10.663 48.19732
11.543 48.19732
11.546 48.19732
11.583 48.19732
11.623 48.19732
11.663 48.19732
12.542 48.19733
12.546 48.19733
12.583 48.19733
12.623 48.19733
12.663 48.19733
13.542 48.19734
13.546 48.19734
13.583 48.19734
13.623 48.19734
13.663 48.19734
14.543 48.19735
14.546 48.19735
14.584 48.19735
14.624 48.19735
14.664 48.19735
15.543 48.19736
15.546 48.19736
15.584 48.19736
15.624 48.19736
15.664 48.19736
16.543 48.19736
16.546 48.19736
16.584 48.19736
16.624 48.19736
16.664 48.19736
17.543 48.19737
17.546 48.19737
17.584 48.19737
17.624 48.19737
17.664 48.19737
18.543 48.19738
18.546 48.19738
18.584 48.19738
18.624 48.19738
18.664 48.19738
19.543 48.19738
19.543 48.19739
19.584 48.19739
19.624 48.19739
19.664 48.19739
19.704 48.19739
20.543 48.19740
20.546 48.19740
20.583 48.19740
20.624 48.19740
20.664 48.19740
21.543 48.19740
21.546 48.19740
21.583 48.19740
21.624 48.19740
21.664 48.19740
22.543 48.19741
22.546 48.19741
22.583 48.19741
22.623 48.19741
22.664 48.19741
23.543 48.19742
23.546 48.19742
23.583 48.19742
23.624 48.19742
23.664 48.19742
24.543 48.19743
24.546 48.19743
24.584 48.19743
24.624 48.19743
24.665 48.19743
25.543 48.19744
25.546 48.19744
25.583 48.19744
25.623 48.19744
25.664 48.19744
26.543 48.19745
26.546 48.19745
26.583 48.19745
26.623 48.19745
26.664 48.19745
27.543 48.19745
27.546 48.19745
27.583 48.19745
27.623 48.19745
27.663 48.19745
28.543 48.19745
28.546 48.19745
28.583 48.19745
28.623 48.19745
28.663 48.19745
29.543 48.19745
29.546 48.19745
29.583 48.19745
29.623 48.19745
29.663 48.19745
30.543 48.19746
30.546 48.19746
30.583 48.19746
30.623 48.19746
30.663 48.19746
31.544 48.19747
31.547 48.19747
31.584 48.19747
31.624 48.19747
31.664 48.19747
32.544 48.19747
32.547 48.19747
32.584 48.19747
32.624 48.19747
32.664 48.19747
33.544 48.19748
33.547 48.19748
33.584 48.19748
33.624 48.19748
33.664 48.19748
34.544 48.19748
34.547 48.19748
34.584 48.19748
34.624 48.19748
34.664 48.19748
35.544 48.19749
35.547 48.19749
35.584 48.19749
35.624 48.19749
35.664 48.19749
36.544 48.19749
36.547 48.19749
36.584 48.19749
36.624 48.19749
36.664 48.19749
37.543 48.19750
37.546 48.19750
37.584 48.19750
37.624 48.19750
37.664 48.19750
38.543 48.19750
38.546 48.19750
38.584 48.19750
38.624 48.19750
38.664 48.19750
39.543 48.19751
39.546 48.19751
39.584 48.19751
39.624 48.19751
39.664 48.19751
40.543 48.19752
40.546 48.19752
40.584 48.19752
40.624 48.19752
40.664 48.19752
41.543 48.19753
41.546 48.19753
41.584 48.19753
41.624 48.19753
41.664 48.19753
42.543 48.19753
42.546 48.19753
42.584 48.19753
42.624 48.19753
42.664 48.19753
43.543 48.19754
43.546 48.19754
43.584 48.19754
43.624 48.19754
43.664 48.19754
44.543 48.19754
44.546 48.19754
44.584 48.19754
44.624 48.19754
44.664 48.19754
45.543 48.19755
45.547 48.19755
45.584 48.19755
45.624 48.19755
45.664 48.19755
46.543 48.19756
46.547 48.19756
46.583 48.19756
46.624 48.19756
46.664 48.19756
47.543 48.19757
47.547 48.19757
47.583 48.19757
47.624 48.19757
47.664 48.19757
48.543 48.19757
48.547 48.19757
48.583 48.19757
48.624 48.19757
48.664 48.19757
49.543 48.19758
49.547 48.19758
49.583 48.19758
49.624 48.19758
49.664 48.19758
50.544 48.19759
50.547 48.19759
50.584 48.19759
50.625 48.19759
50.665 48.19759
