0.664 48.19723 -3.01557
0.704 48.19723 -3.01557
1.543 48.19724 -3.01556
1.546 48.19724 -3.01556
1.583 48.19724 -3.01556
1.623 48.19724 -3.01556
1.663 48.19724 -3.01556
2.543 48.19725 -3.01555
2.546 48.19725 -3.01555
2.583 48.19725 -3.01555
2.623 48.19725 -3.01555
2.663 48.19725 -3.01555
3.543 48.19726 -3.01555
3.546 48.19726 -3.01555
3.583 48.19726 -3.01555
3.623 48.19726 -3.01555
3.663 48.19726 -3.01555
4.543 48.19726 -3.01554
4.546 48.19726 -3.01554
4.583 48.19726 -3.01554
4.623 48.19726 -3.01554
4.663 48.19726 -3.01554
5.543 48.19727 -3.01553
5.546 48.19727 -3.01553
5.583 48.19727 -3.01553
5.623 48.19727 -3.01553
5.663 48.19727 -3.01553
6.543 48.19728 -3.01553
6.546 48.19728 -3.01553
6.583 48.19728 -3.01553
6.623 48.19728 -3.01553
6.663 48.19728 -3.01553
7.543 48.19729 -3.01552
7.546 48.19729 -3.01552
7.584 48.19729 -3.01552
7.624 48.19729 -3.01552
7.664 48.19729 -3.01552
8.543 48.19730 -3.01552
8.546 48.19730 -3.01552
8.583 48.19730 -3.01552
8.623 48.19730 -3.01552
8.663 48.19730 -3.01552
9.543 48.19731 -3.01551
9.546 48.19731 -3.01551
9.583 48.19731 -3.01551
9.623 48.19731 -3.01551
9.663 48.19731 -3.01551
10.543 48.19732 -3.01551
10.546 48.19732 -3.01551
10.583 48.19732 -3.01551
10.623 48.19732 -3.01551
10.663 48.19732 -3.01551
11.543 48.19732 -3.01551
11.546 48.19732 -3.01551
11.583 48.19732 -3.01551
11.623 48.19732 -3.01551
11.663 48.19732 -3.01551
12.542 48.19733 -3.01550
12.546 48.19733 -3.01550
12.583 48.19733 -3.01550
12.623 48.19733 -3.01550
12.663 48.19733 -3.01550
13.542 48.19734 -3.01550
13.546 48.19734 -3.01550
13.583 48.19734 -3.01550
13.623 48.19734 -3.01550
13.663 48.19734 -3.01550
14.543 48.19735 -3.01550
14.546 48.19735 -3.01550
14.584 48.19735 -3.01550
14.624 48.19735 -3.01550
14.664 48.19735 -3.01550
15.543 48.19736 -3.01549
15.546 48.19736 -3.01549
15.584 48.19736 -3.01549
15.624 48.19736 -3.01549
15.664 48.19736 -3.01549
16.543 48.19736 -3.01549
16.546 48.19736 -3.01549
16.584 48.19736 -3.01549
16.624 48.19736 -3.01549
16.664 48.19736 -3.01549
17.543 48.19737 -3.01549
17.546 48.19737 -3.01549
17.584 48.19737 -3.01549
17.624 48.19737 -3.01549
17.664 48.19737 -3.01549
18.543 48.19738 -3.01549
18.546 48.19738 -3.01549
18.584 48.19738 -3.01549
18.624 48.19738 -3.01549
18.664 48.19738 -3.01549
19.543 48.19738 -3.01549
19.543 48.19738 -3.01549
19.543 48.19739 -3.01549
19.543 48.19739 -3.01549
19.584 48.19739 -3.01549
19.624 48.19739 -3.01549
19.664 48.19739 -3.01549
19.704 48.19739 -3.01549
20.543 48.19740 -3.01549
20.546 48.19740 -3.01549
20.583 48.19740 -3.01549
20.624 48.19740 -3.01549
20.664 48.19740 -3.01549
21.543 48.19740 -3.01549
21.546 48.19740 -3.01549
21.583 48.19740 -3.01549
21.624 48.19740 -3.01549
21.664 48.19740 -3.01549
22.543 48.19741 -3.01549
22.546 48.19741 -3.01549
22.583 48.19741 -3.01549
22.623 48.19741 -3.01549
22.664 48.19741 -3.01549
23.543 48.19742 -3.01549
23.546 48.19742 -3.01549
23.583 48.19742 -3.01549
23.624 48.19742 -3.01549
23.664 48.19742 -3.01549
24.543 48.19743 -3.01549
24.546 48.19743 -3.01549
24.584 48.19743 -3.01549
24.624 48.19743 -3.01549
24.665 48.19743 -3.01549
25.543 48.19744 -3.01549
25.546 48.19744 -3.01549
25.583 48.19744 -3.01549
25.623 48.19744 -3.01549
25.664 48.19744 -3.01549
26.543 48.19745 -3.01549
26.546 48.19745 -3.01549
26.583 48.19745 -3.01549
26.623 48.19745 -3.01549
26.664 48.19745 -3.01549
27.543 48.19745 -3.01549
27.546 48.19745 -3.01549
27.583 48.19745 -3.01549
27.623 48.19745 -3.01549
27.663 48.19745 -3.01549
28.543 48.19745 -3.01549
28.546 48.19745 -3.01549
28.583 48.19745 -3.01549
28.623 48.19745 -3.01549
28.663 48.19745 -3.01549
29.543 48.19745 -3.01549
29.546 48.19745 -3.01549
29.583 48.19745 -3.01549
29.623 48.19745 -3.01549
29.663 48.19745 -3.01549
30.543 48.19746 -3.01549
30.546 48.19746 -3.01549
30.583 48.19746 -3.01549
30.623 48.19746 -3.01549
30.663 48.19746 -3.01549
31.544 48.19747 -3.01550
31.547 48.19747 -3.01550
31.584 48.19747 -3.01550
31.624 48.19747 -3.01550
31.664 48.19747 -3.01550
32.544 48.19747 -3.01550
32.547 48.19747 -3.01550
32.584 48.19747 -3.01550
32.624 48.19747 -3.01550
32.664 48.19747 -3.01550
33.544 48.19748 -3.01550
33.547 48.19748 -3.01550
33.584 48.19748 -3.01550
33.624 48.19748 -3.01550
33.664 48.19748 -3.01550
34.544 48.19748 -3.01550
34.547 48.19748 -3.01550
34.584 48.19748 -3.01550
34.624 48.19748 -3.01550
34.664 48.19748 -3.01550
35.544 48.19749 -3.01550
35.547 48.19749 -3.01550
35.584 48.19749 -3.01550
35.624 48.19749 -3.01550
35.664 48.19749 -3.01550
36.544 48.19749 -3.01550
36.547 48.19749 -3.01550
36.584 48.19749 -3.01550
36.624 48.19749 -3.01550
36.664 48.19749 -3.01550
37.543 48.19750 -3.01551
37.546 48.19750 -3.01551
37.584 48.19750 -3.01551
37.624 48.19750 -3.01551
37.664 48.19750 -3.01551
38.543 48.19750 -3.01551
38.546 48.19750 -3.01551
38.584 48.19750 -3.01551
38.624 48.19750 -3.01551
38.664 48.19750 -3.01551
39.543 48.19751 -3.01551
39.546 48.19751 -3.01551
39.584 48.19751 -3.01551
39.624 48.19751 -3.01551
39.664 48.19751 -3.01551
40.543 48.19752 -3.01552
40.546 48.19752 -3.01552
40.584 48.19752 -3.01552
40.624 48.19752 -3.01552
40.664 48.19752 -3.01552
41.543 48.19753 -3.01552
41.546 48.19753 -3.01552
41.584 48.19753 -3.01552
41.624 48.19753 -3.01552
41.664 48.19753 -3.01552
42.543 48.19753 -3.01552
42.546 48.19753 -3.01552
42.584 48.19753 -3.01552
42.624 48.19753 -3.01552
42.664 48.19753 -3.01552
43.543 48.19754 -3.01552
43.546 48.19754 -3.01552
43.584 48.19754 -3.01552
43.624 48.19754 -3.01552
43.664 48.19754 -3.01552
44.543 48.19754 -3.01553
44.546 48.19754 -3.01553
44.584 48.19754 -3.01553
44.624 48.19754 -3.01553
44.664 48.19754 -3.01553
45.543 48.19755 -3.01553
45.547 48.19755 -3.01553
45.584 48.19755 -3.01553
45.624 48.19755 -3.01553
45.664 48.19755 -3.01553
46.543 48.19756 -3.01553
46.547 48.19756 -3.01553
46.583 48.19756 -3.01553
46.624 48.19756 -3.01553
46.664 48.19756 -3.01553
47.543 48.19757 -3.01554
47.547 48.19757 -3.01554
47.583 48.19757 -3.01554
47.624 48.19757 -3.01554
47.664 48.19757 -3.01554
48.543 48.19757 -3.01554
48.547 48.19757 -3.01554
48.583 48.19757 -3.01554
48.624 48.19757 -3.01554
48.664 48.19757 -3.01554
49.543 48.19758 -3.01554
49.547 48.19758 -3.01554
49.583 48.19758 -3.01554
49.624 48.19758 -3.01554
49.664 48.19758 -3.01554
50.544 48.19759 -3.01555
50.547 48.19759 -3.01555
50.584 48.19759 -3.01555
50.625 48.19759 -3.01555
50.665 48.19759 -3.01555
