1.581 47.78830 -3.33451
1.621 47.78830 -3.33451
1.661 47.78830 -3.33451
1.701 47.78830 -3.33451
1.741 47.78830 -3.33451
1.781 47.78830 -3.33451
1.821 47.78830 -3.33451
1.862 47.78830 -3.33451
1.902 47.78830 -3.33451
1.942 47.78830 -3.33451
2.022 47.78830 -3.33451
2.102 47.78830 -3.33451
2.143 47.78830 -3.33451
2.223 47.78830 -3.33451
2.303 47.78830 -3.33451
2.343 47.78830 -3.33451
2.424 47.78830 -3.33451
2.504 47.78830 -3.33451
2.584 47.78830 -3.33451
2.625 47.78830 -3.33451
2.705 47.78830 -3.33451
2.745 47.78830 -3.33451
2.825 47.78830 -3.33451
2.905 47.78830 -3.33451
2.946 47.78830 -3.33451
3.026 47.78830 -3.33451
3.066 47.78830 -3.33451
3.106 47.78830 -3.33451
3.146 47.78830 -3.33451
3.227 47.78830 -3.33451
3.307 47.78830 -3.33451
3.347 47.78830 -3.33451
3.427 47.78830 -3.33451
3.468 47.78830 -3.33451
3.508 47.78830 -3.33451
3.548 47.78830 -3.33451
3.588 47.78830 -3.33451
3.628 47.78830 -3.33451
3.668 47.78829 -3.33452
3.708 47.78829 -3.33452
3.748 47.78829 -3.33452
3.789 47.78829 -3.33452
3.829 47.78829 -3.33452
3.869 47.78829 -3.33452
3.909 47.78829 -3.33452
3.949 47.78829 -3.33452
3.989 47.78829 -3.33452
4.029 47.78829 -3.33452
4.070 47.78829 -3.33452
4.110 47.78829 -3.33452
4.150 47.78829 -3.33452
4.190 47.78829 -3.33452
4.230 47.78829 -3.33452
4.270 47.78829 -3.33452
4.311 47.78829 -3.33452
4.351 47.78829 -3.33452
4.391 47.78829 -3.33452
4.431 47.78829 -3.33452
4.471 47.78829 -3.33452
4.511 47.78829 -3.33452
4.552 47.78829 -3.33452
4.592 47.78829 -3.33452
4.632 47.78829 -3.33452
4.672 47.78829 -3.33452
4.712 47.78829 -3.33452
4.752 47.78829 -3.33452
4.792 47.78829 -3.33452
4.832 48.19879 -3.01481
4.873 48.19879 -3.01481
4.913 48.19879 -3.01481
4.953 48.19879 -3.01481
4.993 48.19879 -3.01481
5.033 48.19879 -3.01481
5.073 48.19879 -3.01481
5.113 48.19879 -3.01481
5.154 48.19879 -3.01481
5.194 48.19879 -3.01481
5.234 48.19879 -3.01481
5.274 48.19879 -3.01481
5.314 48.19879 -3.01481
5.354 48.19879 -3.01481
5.395 48.19879 -3.01481
5.435 48.19879 -3.01481
5.475 48.19879 -3.01481
5.515 48.19879 -3.01481
5.555 48.19879 -3.01481
5.595 48.19879 -3.01481
5.635 48.19879 -3.01481
5.676 48.19879 -3.01481
5.716 48.19879 -3.01481
5.756 48.19879 -3.01481
5.796 48.19879 -3.01481
5.836 48.19879 -3.01481
5.876 48.19879 -3.01481
5.916 48.19879 -3.01481
5.957 48.19879 -3.01481
5.997 48.19879 -3.01481
6.037 48.19879 -3.01481
6.077 48.19879 -3.01481
6.117 48.19879 -3.01481
6.157 48.19879 -3.01481
6.198 48.19879 -3.01481
6.238 48.19879 -3.01481
6.278 48.19879 -3.01481
6.318 48.19879 -3.01481
6.358 48.19879 -3.01481
6.398 48.19879 -3.01481
6.438 48.19879 -3.01481
6.479 48.19879 -3.01481
6.519 48.19879 -3.01481
6.559 48.19879 -3.01481
6.599 48.19879 -3.01481
6.639 48.19879 -3.01481
6.679 48.19879 -3.01481
6.720 48.19879 -3.01481
6.760 48.19879 -3.01481
6.800 48.19879 -3.01481
6.840 48.19879 -3.01481
6.880 48.19879 -3.01481
6.920 48.19879 -3.01481
6.960 48.19879 -3.01481
7.000 48.19879 -3.01481
7.041 48.19879 -3.01481
7.081 48.19879 -3.01481
7.121 48.19879 -3.01481
7.161 48.19879 -3.01481
7.201 48.19879 -3.01481
7.241 48.19879 -3.01481
7.282 48.19879 -3.01481
7.322 48.19879 -3.01481
7.362 48.19879 -3.01481
7.402 48.19879 -3.01481
7.442 48.19879 -3.01481
7.482 48.19879 -3.01481
7.522 48.19879 -3.01481
7.563 48.19879 -3.01481
7.603 48.19879 -3.01481
7.643 48.19879 -3.01481
7.683 48.19879 -3.01481
7.723 48.19879 -3.01481
7.763 48.19879 -3.01481
7.803 48.19879 -3.01481
7.844 48.19879 -3.01481
7.884 48.19879 -3.01481
7.924 48.19879 -3.01481
7.964 48.19879 -3.01481
8.004 48.19879 -3.01481
8.044 48.19879 -3.01481
8.084 48.19879 -3.01481
8.125 48.19879 -3.01481
8.165 48.19879 -3.01481
8.205 48.19879 -3.01481
8.245 48.19879 -3.01481
8.285 48.19879 -3.01481
8.325 48.19879 -3.01481
8.365 48.19879 -3.01481
8.406 48.19879 -3.01481
8.446 48.19879 -3.01481
8.486 48.19879 -3.01481
8.526 48.19879 -3.01481
8.566 48.19879 -3.01481
8.606 48.19879 -3.01481
8.646 48.19879 -3.01481
8.687 48.19879 -3.01481
8.727 48.19879 -3.01481
8.767 48.19879 -3.01481
8.807 48.19879 -3.01481
8.847 48.19879 -3.01480
8.887 48.19879 -3.01480
8.927 48.19879 -3.01480
8.967 48.19879 -3.01480
9.008 48.19879 -3.01480
9.048 48.19879 -3.01480
9.128 48.19879 -3.01480
9.208 48.19879 -3.01480
9.289 48.19879 -3.01480
9.329 48.19879 -3.01480
9.409 48.19879 -3.01480
9.449 48.19879 -3.01480
9.529 48.19879 -3.01480
9.610 48.19879 -3.01480
9.650 48.19879 -3.01480
9.730 48.19879 -3.01480
9.810 48.19879 -3.01480
9.851 48.19879 -3.01480
9.931 48.19879 -3.01480
10.011 48.19879 -3.01480
10.051 48.19879 -3.01480
10.131 48.19879 -3.01480
10.212 48.19879 -3.01480
10.292 48.19879 -3.01480
10.332 48.19879 -3.01480
10.372 48.19879 -3.01480
10.413 48.19879 -3.01480
10.453 48.19879 -3.01480
10.493 48.19879 -3.01480
10.533 48.19879 -3.01480
10.573 48.19880 -3.01480
10.613 48.19880 -3.01480
10.654 48.19880 -3.01480
10.694 48.19880 -3.01480
10.734 48.19880 -3.01480
10.774 48.19880 -3.01480
10.814 48.19879 -3.01480
10.854 48.19879 -3.01480
10.894 48.19879 -3.01480
10.935 48.19879 -3.01480
10.975 48.19879 -3.01480
11.015 48.19879 -3.01480
11.055 48.19879 -3.01480
11.095 48.19879 -3.01480
11.135 48.19879 -3.01480
11.175 48.19879 -3.01480
11.216 48.19879 -3.01480
11.256 48.19879 -3.01480
11.336 48.19879 -3.01480
11.376 48.19879 -3.01480
11.416 48.19879 -3.01480
11.456 48.19879 -3.01480
11.497 48.19879 -3.01480
11.537 48.19879 -3.01480
11.577 48.19879 -3.01480
11.617 48.19879 -3.01480
11.657 48.19879 -3.01480
11.697 48.19879 -3.01480
11.737 48.19879 -3.01480
11.777 48.19879 -3.01480
11.817 48.19879 -3.01480
11.858 48.19879 -3.01480
11.898 48.19879 -3.01480
11.938 48.19879 -3.01480
11.978 48.19879 -3.01480
12.018 48.19879 -3.01480
12.058 48.19879 -3.01480
12.098 48.19879 -3.01480
12.138 48.19879 -3.01480
12.179 48.19880 -3.01480
12.219 48.19880 -3.01480
12.259 48.19880 -3.01480
12.299 48.19880 -3.01480
12.339 48.19880 -3.01480
12.380 48.19880 -3.01480
12.420 48.19880 -3.01480
12.460 48.19880 -3.01480
12.500 48.19880 -3.01480
12.540 48.19880 -3.01480
12.580 48.19880 -3.01480
12.620 48.19880 -3.01480
12.661 48.19880 -3.01480
12.701 48.19880 -3.01480
12.741 48.19880 -3.01480
12.781 48.19880 -3.01480
12.821 48.19879 -3.01480
12.861 48.19879 -3.01480
12.901 48.19879 -3.01480
12.941 48.19879 -3.01480
12.982 48.19879 -3.01480
13.022 48.19879 -3.01480
13.062 48.19879 -3.01480
13.102 48.19879 -3.01480
13.142 48.19879 -3.01480
13.182 48.19879 -3.01480
13.222 48.19879 -3.01480
13.263 48.19879 -3.01480
13.303 48.19879 -3.01480
13.343 48.19879 -3.01480
13.383 48.19879 -3.01480
13.423 48.19879 -3.01480
13.463 48.19879 -3.01480
13.503 48.19879 -3.01480
13.544 48.19879 -3.01480
13.584 48.19879 -3.01480
13.624 48.19879 -3.01480
13.664 48.19879 -3.01480
13.704 48.19879 -3.01480
13.744 48.19879 -3.01480
13.784 48.19879 -3.01480
13.824 48.19880 -3.01480
13.865 48.19880 -3.01480
13.905 48.19880 -3.01480
13.945 48.19880 -3.01480
13.985 48.19880 -3.01480
14.025 48.19880 -3.01480
14.065 48.19880 -3.01480
14.105 48.19880 -3.01480
14.145 48.19880 -3.01480
14.186 48.19880 -3.01480
14.226 48.19880 -3.01480
14.266 48.19880 -3.01480
14.306 48.19880 -3.01480
14.346 48.19880 -3.01480
14.386 48.19880 -3.01480
14.426 48.19880 -3.01480
14.467 48.19880 -3.01480
14.507 48.19880 -3.01480
14.547 48.19880 -3.01480
14.587 48.19880 -3.01480
14.627 48.19880 -3.01480
14.667 48.19880 -3.01480
14.707 48.19880 -3.01480
14.748 48.19880 -3.01480
14.788 48.19880 -3.01480
14.828 48.19879 -3.01480
14.868 48.19879 -3.01480
14.908 48.19879 -3.01480
14.948 48.19879 -3.01480
14.989 48.19879 -3.01480
15.029 48.19879 -3.01480
15.069 48.19879 -3.01480
15.109 48.19879 -3.01480
15.149 48.19879 -3.01480
15.189 48.19879 -3.01480
15.229 48.19879 -3.01480
15.270 48.19879 -3.01480
15.310 48.19879 -3.01480
15.350 48.19879 -3.01480
15.390 48.19879 -3.01480
15.430 48.19879 -3.01480
15.470 48.19879 -3.01480
15.511 48.19879 -3.01480
15.551 48.19879 -3.01480
15.591 48.19879 -3.01480
15.631 48.19879 -3.01480
15.671 48.19880 -3.01480
15.711 48.19880 -3.01480
15.751 48.19880 -3.01480
15.791 48.19880 -3.01480
15.832 48.19880 -3.01480
15.872 48.19880 -3.01480
15.912 48.19880 -3.01480
15.952 48.19880 -3.01480
15.992 48.19880 -3.01480
16.032 48.19880 -3.01480
16.072 48.19880 -3.01480
16.113 48.19880 -3.01480
16.153 48.19880 -3.01480
16.193 48.19880 -3.01480
16.233 48.19880 -3.01480
16.273 48.19880 -3.01480
16.313 48.19880 -3.01480
16.353 48.19880 -3.01480
16.394 48.19880 -3.01480
16.434 48.19880 -3.01480
16.474 48.19880 -3.01480
16.514 48.19880 -3.01480
16.554 48.19880 -3.01480
16.594 48.19880 -3.01480
16.634 48.19880 -3.01480
16.675 48.19880 -3.01480
16.715 48.19880 -3.01480
16.755 48.19880 -3.01480
16.795 48.19880 -3.01480
16.835 48.19879 -3.01479
16.875 48.19879 -3.01479
16.916 48.19879 -3.01479
16.956 48.19879 -3.01479
16.996 48.19879 -3.01479
17.036 48.19879 -3.01479
17.076 48.19879 -3.01479
17.116 48.19879 -3.01479
17.157 48.19879 -3.01479
17.197 48.19879 -3.01479
17.237 48.19879 -3.01479
17.277 48.19879 -3.01479
17.317 48.19879 -3.01479
17.357 48.19879 -3.01479
17.398 48.19879 -3.01479
17.438 48.19879 -3.01479
17.478 48.19880 -3.01479
17.518 48.19880 -3.01479
17.558 48.19880 -3.01479
17.598 48.19880 -3.01479
17.638 48.19880 -3.01479
17.679 48.19880 -3.01479
17.719 48.19880 -3.01479
17.759 48.19880 -3.01479
17.799 48.19880 -3.01479
17.839 48.19880 -3.01479
17.879 48.19880 -3.01479
17.919 48.19880 -3.01479
17.960 48.19880 -3.01479
18.000 48.19880 -3.01479
18.040 48.19880 -3.01479
18.080 48.19880 -3.01479
18.120 48.19880 -3.01479
18.160 48.19880 -3.01479
18.200 48.19880 -3.01479
18.241 48.19880 -3.01479
18.281 48.19880 -3.01479
18.321 48.19880 -3.01479
18.361 48.19880 -3.01479
18.401 48.19880 -3.01479
18.441 48.19880 -3.01479
18.481 48.19880 -3.01479
18.522 48.19880 -3.01479
18.562 48.19880 -3.01479
18.602 48.19880 -3.01479
18.642 48.19880 -3.01479
18.682 48.19880 -3.01479
18.722 48.19880 -3.01479
18.762 48.19880 -3.01479
18.803 48.19880 -3.01479
18.843 48.19879 -3.01479
18.883 48.19879 -3.01479
18.923 48.19879 -3.01479
18.963 48.19879 -3.01479
19.003 48.19879 -3.01479
19.043 48.19879 -3.01479
19.084 48.19879 -3.01479
19.124 48.19879 -3.01479
19.164 48.19879 -3.01479
19.204 48.19879 -3.01479
19.244 48.19879 -3.01479
19.284 48.19879 -3.01479
19.324 48.19879 -3.01479
19.364 48.19879 -3.01479
19.405 48.19879 -3.01479
19.445 48.19880 -3.01479
19.485 48.19880 -3.01479
19.525 48.19880 -3.01479
19.565 48.19880 -3.01479
19.605 48.19880 -3.01479
19.645 48.19880 -3.01479
19.685 48.19880 -3.01479
19.726 48.19880 -3.01479
19.766 48.19880 -3.01479
19.806 48.19880 -3.01479
19.846 48.19880 -3.01479
19.886 48.19880 -3.01479
19.926 48.19880 -3.01479
19.966 48.19880 -3.01479
20.006 48.19880 -3.01479
20.047 48.19880 -3.01479
20.087 48.19880 -3.01479
20.127 48.19880 -3.01479
20.167 48.19880 -3.01479
20.207 48.19880 -3.01479
20.247 48.19880 -3.01479
20.288 48.19880 -3.01479
20.328 48.19880 -3.01479
20.368 48.19880 -3.01479
20.408 48.19880 -3.01479
20.448 48.19880 -3.01479
20.528 48.19880 -3.01479
20.609 48.19880 -3.01479
20.649 48.19881 -3.01479
20.729 48.19881 -3.01479
20.809 48.19879 -3.01480
20.849 48.19879 -3.01480
20.930 48.19879 -3.01480
21.010 48.19879 -3.01480
21.050 48.19879 -3.01480
21.130 48.19879 -3.01480
21.211 48.19879 -3.01480
21.291 48.19879 -3.01480
21.331 48.19879 -3.01480
21.411 48.19880 -3.01480
21.452 48.19880 -3.01480
21.532 48.19880 -3.01480
21.612 48.19880 -3.01480
21.652 48.19880 -3.01480
21.692 48.19880 -3.01480
21.732 48.19880 -3.01480
21.773 48.19880 -3.01480
21.813 48.19880 -3.01480
21.853 48.19880 -3.01480
21.893 48.19880 -3.01480
21.933 48.19880 -3.01480
21.974 48.19880 -3.01480
22.014 48.19880 -3.01480
22.054 48.19880 -3.01480
22.094 48.19880 -3.01480
22.134 48.19880 -3.01480
22.175 48.19880 -3.01480
22.215 48.19880 -3.01480
22.255 48.19880 -3.01480
22.335 48.19880 -3.01480
22.375 48.19880 -3.01480
22.415 48.19880 -3.01480
22.456 48.19880 -3.01480
22.496 48.19880 -3.01480
22.536 48.19881 -3.01480
22.576 48.19881 -3.01480
22.616 48.19881 -3.01480
22.656 48.19881 -3.01480
22.696 48.19881 -3.01480
22.736 48.19881 -3.01480
22.777 48.19881 -3.01480
22.817 48.19879 -3.01480
22.857 48.19879 -3.01480
22.897 48.19879 -3.01480
22.937 48.19879 -3.01480
22.977 48.19879 -3.01480
23.017 48.19879 -3.01480
23.058 48.19879 -3.01480
23.098 48.19879 -3.01480
23.138 48.19879 -3.01480
23.178 48.19879 -3.01480
23.218 48.19879 -3.01480
23.258 48.19879 -3.01480
23.298 48.19879 -3.01480
23.339 48.19880 -3.01480
23.379 48.19880 -3.01480
23.419 48.19880 -3.01480
23.459 48.19880 -3.01480
23.499 48.19880 -3.01480
23.539 48.19880 -3.01480
23.579 48.19880 -3.01480
23.620 48.19880 -3.01480
23.660 48.19880 -3.01480
23.700 48.19880 -3.01480
23.740 48.19880 -3.01480
23.780 48.19880 -3.01480
23.820 48.19880 -3.01480
23.860 48.19880 -3.01480
23.900 48.19880 -3.01480
23.941 48.19880 -3.01480
23.981 48.19880 -3.01480
24.021 48.19880 -3.01480
24.061 48.19880 -3.01480
24.101 48.19880 -3.01480
24.141 48.19880 -3.01480
24.181 48.19880 -3.01480
24.221 48.19880 -3.01480
24.262 48.19880 -3.01480
24.302 48.19880 -3.01480
24.342 48.19880 -3.01480
24.382 48.19881 -3.01480
24.422 48.19881 -3.01480
24.462 48.19881 -3.01480
24.502 48.19881 -3.01480
24.542 48.19881 -3.01480
24.583 48.19881 -3.01480
24.623 48.19881 -3.01480
24.663 48.19881 -3.01480
24.703 48.19881 -3.01480
24.743 48.19881 -3.01480
24.783 48.19881 -3.01480
24.823 48.19879 -3.01480
24.863 48.19879 -3.01480
24.904 48.19879 -3.01480
24.944 48.19879 -3.01480
24.984 48.19879 -3.01480
25.024 48.19879 -3.01480
25.064 48.19879 -3.01480
25.104 48.19879 -3.01480
25.144 48.19879 -3.01480
25.185 48.19879 -3.01480
25.225 48.19880 -3.01480
25.265 48.19880 -3.01480
25.305 48.19880 -3.01480
25.345 48.19880 -3.01480
25.385 48.19880 -3.01480
25.425 48.19880 -3.01480
25.465 48.19880 -3.01480
25.506 48.19880 -3.01480
25.546 48.19880 -3.01480
25.586 48.19880 -3.01480
25.626 48.19880 -3.01480
25.666 48.19880 -3.01480
25.706 48.19880 -3.01480
25.747 48.19880 -3.01480
25.787 48.19880 -3.01480
25.827 48.19880 -3.01480
25.867 48.19880 -3.01480
25.907 48.19880 -3.01480
25.947 48.19880 -3.01480
25.987 48.19880 -3.01480
26.027 48.19880 -3.01480
26.068 48.19880 -3.01480
26.108 48.19880 -3.01480
26.148 48.19880 -3.01480
26.188 48.19880 -3.01480
26.228 48.19881 -3.01480
26.268 48.19881 -3.01480
26.308 48.19881 -3.01480
26.349 48.19881 -3.01480
26.389 48.19881 -3.01480
26.429 48.19881 -3.01480
26.469 48.19881 -3.01480
26.509 48.19881 -3.01480
26.549 48.19881 -3.01480
26.589 48.19881 -3.01480
26.630 48.19881 -3.01480
26.670 48.19881 -3.01480
26.710 48.19881 -3.01480
26.750 48.19881 -3.01480
26.790 48.19881 -3.01480
26.830 48.19879 -3.01480
26.870 48.19879 -3.01480
26.911 48.19879 -3.01480
26.951 48.19879 -3.01480
26.991 48.19879 -3.01480
27.031 48.19879 -3.01480
27.071 48.19879 -3.01480
27.111 48.19879 -3.01480
27.152 48.19879 -3.01480
27.192 48.19879 -3.01480
27.232 48.19879 -3.01480
27.272 48.19879 -3.01480
27.312 48.19880 -3.01480
27.352 48.19880 -3.01480
27.392 48.19880 -3.01480
27.433 48.19880 -3.01480
27.473 48.19880 -3.01480
27.513 48.19880 -3.01480
27.553 48.19880 -3.01480
27.593 48.19880 -3.01480
27.633 48.19880 -3.01480
27.674 48.19880 -3.01480
27.714 48.19880 -3.01480
27.754 48.19880 -3.01480
27.794 48.19880 -3.01480
27.834 48.19880 -3.01480
27.874 48.19880 -3.01480
27.914 48.19880 -3.01480
27.954 48.19880 -3.01480
27.995 48.19880 -3.01480
28.035 48.19880 -3.01480
28.075 48.19880 -3.01480
28.115 48.19880 -3.01480
28.155 48.19880 -3.01480
28.195 48.19880 -3.01480
28.235 48.19881 -3.01480
28.276 48.19881 -3.01480
28.316 48.19881 -3.01480
28.356 48.19881 -3.01480
28.396 48.19881 -3.01480
28.436 48.19881 -3.01480
28.476 48.19881 -3.01480
28.516 48.19881 -3.01480
28.557 48.19881 -3.01480
28.597 48.19881 -3.01480
28.637 48.19881 -3.01480
28.677 48.19881 -3.01480
28.717 48.19881 -3.01480
28.757 48.19881 -3.01480
28.797 48.19881 -3.01480
28.838 48.19879 -3.01480
28.878 48.19879 -3.01480
28.918 48.19879 -3.01480
28.958 48.19879 -3.01480
28.998 48.19879 -3.01480
29.038 48.19879 -3.01480
29.078 48.19879 -3.01480
29.119 48.19879 -3.01480
29.159 48.19879 -3.01480
29.199 48.19879 -3.01480
29.239 48.19879 -3.01480
29.279 48.19880 -3.01480
29.319 48.19880 -3.01480
29.359 48.19880 -3.01480
29.400 48.19880 -3.01480
29.440 48.19880 -3.01480
29.480 48.19880 -3.01480
29.520 48.19880 -3.01480
29.560 48.19880 -3.01480
29.600 48.19880 -3.01480
29.640 48.19880 -3.01480
29.681 48.19880 -3.01480
29.721 48.19880 -3.01480
29.761 48.19880 -3.01480
29.801 48.19880 -3.01480
29.841 48.19880 -3.01480
29.881 48.19880 -3.01480
29.921 48.19880 -3.01480
29.962 48.19880 -3.01480
30.002 48.19880 -3.01480
30.042 48.19880 -3.01480
30.082 48.19880 -3.01480
30.122 48.19880 -3.01480
30.162 48.19881 -3.01480
30.202 48.19881 -3.01480
30.243 48.19881 -3.01480
30.283 48.19881 -3.01480
30.323 48.19881 -3.01480
30.363 48.19881 -3.01480
30.403 48.19881 -3.01480
30.443 48.19881 -3.01480
30.483 48.19881 -3.01480
30.524 48.19881 -3.01480
30.564 48.19881 -3.01480
30.604 48.19881 -3.01480
30.644 48.19881 -3.01480
30.684 48.19881 -3.01480
30.724 48.19881 -3.01480
30.764 48.19881 -3.01480
30.805 48.19881 -3.01480
30.845 48.19879 -3.01479
30.885 48.19879 -3.01479
30.925 48.19879 -3.01479
30.965 48.19879 -3.01479
31.005 48.19879 -3.01479
31.045 48.19879 -3.01479
31.085 48.19879 -3.01479
31.126 48.19879 -3.01479
31.166 48.19879 -3.01479
31.206 48.19879 -3.01479
31.246 48.19880 -3.01479
31.286 48.19880 -3.01479
31.326 48.19880 -3.01479
31.366 48.19880 -3.01479
31.407 48.19880 -3.01479
31.447 48.19880 -3.01479
31.487 48.19880 -3.01479
31.527 48.19880 -3.01479
31.567 48.19880 -3.01479
31.607 48.19880 -3.01479
31.647 48.19880 -3.01479
31.688 48.19880 -3.01479
31.728 48.19880 -3.01479
31.768 48.19880 -3.01479
31.808 48.19880 -3.01479
31.848 48.19880 -3.01479
31.928 48.19880 -3.01479
32.009 48.19880 -3.01479
32.049 48.19881 -3.01479
32.129 48.19881 -3.01479
32.209 48.19881 -3.01479
32.290 48.19881 -3.01479
32.330 48.19881 -3.01479
32.410 48.19881 -3.01479
32.450 48.19881 -3.01479
32.530 48.19881 -3.01479
32.611 48.19881 -3.01479
32.651 48.19881 -3.01479
32.731 48.19881 -3.01479
32.811 48.19879 -3.01479
32.851 48.19879 -3.01479
32.932 48.19879 -3.01479
33.012 48.19879 -3.01479
33.052 48.19879 -3.01479
33.132 48.19879 -3.01479
33.172 48.19879 -3.01479
33.213 48.19879 -3.01479
33.293 48.19880 -3.01479
33.333 48.19880 -3.01479
33.373 48.19880 -3.01479
33.413 48.19880 -3.01479
33.453 48.19880 -3.01479
33.493 48.19880 -3.01479
33.534 48.19880 -3.01479
33.574 48.19880 -3.01479
33.614 48.19880 -3.01479
33.654 48.19880 -3.01479
33.694 48.19880 -3.01479
33.734 48.19880 -3.01479
33.775 48.19880 -3.01479
33.815 48.19880 -3.01479
33.855 48.19880 -3.01479
33.895 48.19880 -3.01479
33.935 48.19880 -3.01479
33.975 48.19880 -3.01479
34.015 48.19880 -3.01479
34.055 48.19881 -3.01479
34.096 48.19881 -3.01479
34.136 48.19881 -3.01479
34.176 48.19881 -3.01479
34.216 48.19881 -3.01479
34.256 48.19881 -3.01479
34.337 48.19881 -3.01479
34.377 48.19881 -3.01479
34.417 48.19881 -3.01479
34.457 48.19881 -3.01479
34.497 48.19881 -3.01479
34.537 48.19881 -3.01479
34.577 48.19881 -3.01479
34.618 48.19881 -3.01479
34.658 48.19881 -3.01479
34.698 48.19881 -3.01479
34.738 48.19881 -3.01479
34.778 48.19881 -3.01479
34.818 48.19879 -3.01479
34.858 48.19879 -3.01479
34.898 48.19879 -3.01479
34.939 48.19879 -3.01479
34.979 48.19879 -3.01479
35.019 48.19879 -3.01479
35.059 48.19879 -3.01479
35.099 48.19879 -3.01479
35.139 48.19879 -3.01479
35.180 48.19879 -3.01479
35.220 48.19879 -3.01479
35.260 48.19879 -3.01479
35.300 48.19880 -3.01479
35.340 48.19880 -3.01479
35.380 48.19880 -3.01479
35.420 48.19880 -3.01479
35.461 48.19880 -3.01479
35.501 48.19880 -3.01479
35.541 48.19880 -3.01479
35.581 48.19880 -3.01479
35.621 48.19880 -3.01479
35.661 48.19880 -3.01479
35.701 48.19880 -3.01479
35.742 48.19880 -3.01479
35.782 48.19880 -3.01479
35.822 48.19880 -3.01479
35.862 48.19880 -3.01479
35.902 48.19880 -3.01479
35.942 48.19880 -3.01479
35.982 48.19880 -3.01479
36.022 48.19880 -3.01479
36.063 48.19881 -3.01479
36.103 48.19881 -3.01479
36.143 48.19881 -3.01479
36.183 48.19881 -3.01479
36.223 48.19881 -3.01479
36.263 48.19881 -3.01479
36.304 48.19881 -3.01479
36.344 48.19881 -3.01479
36.384 48.19881 -3.01479
36.424 48.19881 -3.01479
36.464 48.19881 -3.01479
36.504 48.19881 -3.01479
36.544 48.19881 -3.01479
36.585 48.19881 -3.01479
36.625 48.19881 -3.01479
36.665 48.19881 -3.01479
36.705 48.19881 -3.01479
36.745 48.19881 -3.01479
36.785 48.19881 -3.01479
36.825 48.19879 -3.01480
36.865 48.19879 -3.01480
36.906 48.19879 -3.01480
36.946 48.19879 -3.01480
36.986 48.19879 -3.01480
37.026 48.19879 -3.01480
37.066 48.19880 -3.01480
37.106 48.19880 -3.01480
37.147 48.19880 -3.01480
37.187 48.19880 -3.01480
37.227 48.19880 -3.01480
37.267 48.19880 -3.01480
37.307 48.19880 -3.01480
37.347 48.19880 -3.01480
37.387 48.19880 -3.01480
37.428 48.19880 -3.01480
37.468 48.19880 -3.01480
37.508 48.19880 -3.01480
37.548 48.19880 -3.01480
37.588 48.19880 -3.01480
37.628 48.19880 -3.01480
37.668 48.19880 -3.01480
37.709 48.19880 -3.01480
37.749 48.19880 -3.01480
37.789 48.19880 -3.01480
37.829 48.19881 -3.01480
37.869 48.19881 -3.01480
37.909 48.19881 -3.01480
37.949 48.19881 -3.01480
37.989 48.19881 -3.01480
38.030 48.19881 -3.01480
38.070 48.19881 -3.01480
38.110 48.19881 -3.01480
38.150 48.19881 -3.01480
38.190 48.19881 -3.01480
38.230 48.19881 -3.01480
38.270 48.19881 -3.01480
38.310 48.19881 -3.01480
38.351 48.19881 -3.01480
38.391 48.19881 -3.01480
38.431 48.19881 -3.01480
38.471 48.19881 -3.01480
38.511 48.19881 -3.01480
38.551 48.19882 -3.01480
38.592 48.19882 -3.01480
38.632 48.19882 -3.01480
38.672 48.19882 -3.01479
38.712 48.19882 -3.01479
38.752 48.19882 -3.01479
38.792 48.19882 -3.01479
38.832 48.19879 -3.01480
38.873 48.19879 -3.01480
38.913 48.19879 -3.01480
38.953 48.19879 -3.01480
38.993 48.19879 -3.01480
