1.540 -0.00753
1.621 -0.00745
1.661 -0.00737
1.701 -0.00733
1.741 -0.00731
1.821 -0.00730
1.862 -0.00728
1.902 -0.00721
1.942 -0.00714
1.982 -0.00707
2.022 -0.00701
2.062 -0.00697
2.102 -0.00692
2.143 -0.00687
2.183 -0.00681
2.223 -0.00673
2.263 -0.00665
2.303 -0.00658
2.343 -0.00651
2.384 -0.00649
2.424 -0.00646
2.464 -0.00646
2.504 -0.00645
2.544 -0.00645
2.625 -0.00643
2.665 -0.00646
2.705 -0.00651
2.745 -0.00655
2.825 -0.00658
2.865 -0.00657
2.905 -0.00654
2.946 -0.00649
2.986 -0.00642
3.026 -0.00634
3.066 -0.00623
3.106 -0.00614
3.146 -0.00603
3.186 -0.00592
3.227 -0.00581
3.267 -0.00573
3.347 -0.00552
3.387 -0.00624
3.427 -0.00616
3.468 -0.00591
3.508 -0.00582
3.548 -0.00561
3.588 -0.00557
3.628 -0.00559
3.668 -0.00565
3.708 -0.00578
3.748 -0.00591
3.789 -0.00598
3.829 -0.00603
3.869 -0.00609
3.909 -0.00611
3.949 -0.00613
3.989 -0.00617
4.029 -0.00624
4.070 -0.00626
4.110 -0.00619
4.150 -0.00610
4.190 -0.00598
4.230 -0.00589
4.270 -0.00578
4.311 -0.00574
4.351 -0.00572
4.391 -0.00573
4.431 -0.00575
4.471 -0.00574
4.511 -0.00574
4.552 -0.00567
4.592 -0.00569
4.632 -0.00565
4.672 -0.00567
4.712 -0.00569
4.752 -0.00569
4.792 -0.00566
4.832 -0.00565
4.873 -0.00561
4.913 -0.00559
4.953 -0.00557
4.993 -0.00556
5.033 -0.00557
5.073 -0.00559
5.113 -0.00558
5.154 -0.00554
5.194 -0.00547
5.234 -0.00538
5.274 -0.00527
5.314 -0.00517
5.354 -0.00506
5.394 -0.00496
5.435 -0.00485
5.475 -0.00473
5.515 -0.00462
5.555 -0.00457
5.595 -0.00458
5.635 -0.00460
5.676 -0.00467
5.716 -0.00476
5.756 -0.00485
5.796 -0.00490
5.836 -0.00497
5.876 -0.00499
5.916 -0.00504
5.957 -0.00511
5.997 -0.00521
6.037 -0.00527
6.077 -0.00532
6.117 -0.00534
6.157 -0.00534
6.198 -0.00533
6.238 -0.00535
6.278 -0.00537
6.318 -0.00537
6.358 -0.00538
6.398 -0.00535
6.438 -0.00528
6.479 -0.00524
6.519 -0.00521
6.559 -0.00519
6.599 -0.00519
6.639 -0.00521
6.679 -0.00524
6.720 -0.00527
6.760 -0.00530
6.800 -0.00530
6.840 -0.00531
6.880 -0.00531
6.920 -0.00526
6.960 -0.00521
7.000 -0.00517
7.041 -0.00513
7.081 -0.00513
7.121 -0.00501
7.201 -0.00473
7.282 -0.00458
7.322 -0.00436
7.402 -0.00424
7.442 -0.00418
7.522 -0.00397
7.603 -0.00380
7.643 -0.00375
7.723 -0.00372
7.803 -0.00379
7.844 -0.00378
7.924 -0.00371
8.004 -0.00365
8.044 -0.00366
8.125 -0.00372
8.205 -0.00380
8.285 -0.00380
8.325 -0.00383
8.365 -0.00384
8.406 -0.00386
8.446 -0.00388
8.486 -0.00391
8.526 -0.00394
8.566 -0.00397
8.606 -0.00406
8.646 -0.00417
8.687 -0.00430
8.727 -0.00442
8.767 -0.00454
8.807 -0.00459
8.847 -0.00458
8.887 -0.00452
8.927 -0.00446
8.967 -0.00438
9.007 -0.00431
9.048 -0.00421
9.088 -0.00411
9.128 -0.00398
9.168 -0.00381
9.208 -0.00364
9.248 -0.00349
9.329 -0.00329
9.369 -0.00323
9.409 -0.00317
9.449 -0.00310
9.489 -0.00301
9.529 -0.00296
9.570 -0.00296
9.610 -0.00295
9.650 -0.00296
9.690 -0.00301
9.730 -0.00309
9.770 -0.00313
9.810 -0.00320
9.851 -0.00326
9.891 -0.00334
9.931 -0.00343
9.971 -0.00356
10.011 -0.00367
10.051 -0.00376
10.091 -0.00382
10.131 -0.00384
10.172 -0.00378
10.212 -0.00375
10.252 -0.00370
10.292 -0.00370
10.332 -0.00373
10.372 -0.00375
10.413 -0.00374
10.453 -0.00372
10.493 -0.00364
10.533 -0.00357
10.573 -0.00350
10.613 -0.00349
10.654 -0.00353
10.694 -0.00358
10.734 -0.00360
10.774 -0.00359
10.814 -0.00352
10.854 -0.00344
10.894 -0.00336
10.935 -0.00334
10.975 -0.00336
11.015 -0.00340
11.055 -0.00340
11.095 -0.00338
11.135 -0.00331
11.175 -0.00321
11.216 -0.00313
11.256 -0.00307
11.296 -0.00303
11.336 -0.00302
11.376 -0.00300
11.416 -0.00296
11.456 -0.00290
11.497 -0.00284
11.537 -0.00281
11.577 -0.00283
11.617 -0.00288
11.657 -0.00298
11.697 -0.00304
11.737 -0.00311
11.777 -0.00315
11.817 -0.00320
11.858 -0.00324
11.898 -0.00336
11.938 -0.00345
11.978 -0.00361
12.018 -0.00374
12.058 -0.00386
12.098 -0.00392
12.138 -0.00392
12.179 -0.00388
12.219 -0.00380
12.259 -0.00373
12.299 -0.00369
12.339 -0.00370
12.380 -0.00370
12.420 -0.00372
12.460 -0.00370
12.500 -0.00368
12.540 -0.00366
12.580 -0.00363
12.620 -0.00365
12.661 -0.00370
12.701 -0.00376
12.741 -0.00382
12.781 -0.00386
12.821 -0.00388
12.861 -0.00384
12.901 -0.00379
12.941 -0.00376
12.982 -0.00373
13.022 -0.00369
13.062 -0.00363
13.102 -0.00355
13.142 -0.00347
13.182 -0.00338
13.222 -0.00328
13.263 -0.00320
13.303 -0.00312
13.343 -0.00304
13.383 -0.00300
13.423 -0.00296
13.463 -0.00296
13.503 -0.00297
13.544 -0.00302
13.584 -0.00312
13.624 -0.00322
13.664 -0.00333
13.704 -0.00345
13.744 -0.00360
13.784 -0.00375
13.824 -0.00386
13.865 -0.00397
13.905 -0.00405
13.945 -0.00413
13.985 -0.00416
14.025 -0.00423
14.065 -0.00426
14.105 -0.00429
14.145 -0.00432
14.186 -0.00434
14.226 -0.00437
14.266 -0.00437
14.306 -0.00434
14.346 -0.00434
14.386 -0.00429
14.426 -0.00424
14.467 -0.00414
14.507 -0.00405
14.547 -0.00395
14.587 -0.00390
14.627 -0.00386
14.667 -0.00387
14.707 -0.00392
14.748 -0.00399
14.788 -0.00406
14.828 -0.00413
14.868 -0.00420
14.908 -0.00427
14.948 -0.00435
14.988 -0.00443
15.029 -0.00448
15.069 -0.00451
15.109 -0.00449
15.149 -0.00444
15.189 -0.00435
15.229 -0.00423
15.270 -0.00410
15.310 -0.00397
15.350 -0.00386
15.390 -0.00378
15.430 -0.00372
15.470 -0.00368
15.511 -0.00363
15.551 -0.00359
15.591 -0.00362
15.631 -0.00365
15.671 -0.00374
15.711 -0.00388
15.751 -0.00402
15.791 -0.00415
15.832 -0.00430
15.872 -0.00437
15.912 -0.00448
15.952 -0.00459
15.992 -0.00470
16.032 -0.00479
16.072 -0.00485
16.113 -0.00486
16.153 -0.00483
16.193 -0.00476
16.233 -0.00468
16.273 -0.00462
16.313 -0.00455
16.353 -0.00449
16.394 -0.00442
16.434 -0.00436
16.474 -0.00429
16.514 -0.00424
16.554 -0.00423
16.594 -0.00427
16.634 -0.00429
16.675 -0.00437
16.715 -0.00444
16.755 -0.00451
16.795 -0.00455
16.835 -0.00457
16.875 -0.00456
16.916 -0.00454
16.956 -0.00452
16.996 -0.00449
17.036 -0.00442
17.076 -0.00436
17.116 -0.00427
17.157 -0.00419
17.197 -0.00412
17.237 -0.00408
17.277 -0.00407
17.317 -0.00408
17.357 -0.00408
17.398 -0.00408
17.438 -0.00407
17.478 -0.00407
17.518 -0.00408
17.558 -0.00412
17.598 -0.00422
17.638 -0.00431
17.679 -0.00436
17.719 -0.00438
17.759 -0.00437
17.799 -0.00431
17.839 -0.00428
17.879 -0.00425
17.919 -0.00420
17.960 -0.00415
18.000 -0.00410
18.040 -0.00403
18.080 -0.00401
18.120 -0.00398
18.160 -0.00400
18.200 -0.00407
18.281 -0.00408
18.321 -0.00407
18.361 -0.00404
18.401 -0.00396
18.441 -0.00391
18.522 -0.00388
18.602 -0.00386
18.642 -0.00384
18.722 -0.00385
18.803 -0.00396
18.843 -0.00399
18.923 -0.00403
19.003 -0.00401
19.043 -0.00398
19.124 -0.00394
19.204 -0.00393
19.284 -0.00390
19.324 -0.00381
19.405 -0.00370
19.445 -0.00367
19.525 -0.00372
19.605 -0.00394
19.645 -0.00405
19.685 -0.00414
19.726 -0.00422
19.766 -0.00430
19.806 -0.00436
19.846 -0.00440
19.886 -0.00439
19.926 -0.00432
19.966 -0.00424
20.006 -0.00417
20.047 -0.00406
20.087 -0.00398
20.127 -0.00395
20.167 -0.00391
20.207 -0.00388
20.247 -0.00385
20.328 -0.00395
20.368 -0.00401
20.408 -0.00410
20.448 -0.00417
20.488 -0.00422
20.528 -0.00426
20.569 -0.00427
20.609 -0.00429
20.649 -0.00431
20.689 -0.00434
20.729 -0.00438
20.769 -0.00439
20.809 -0.00437
20.849 -0.00434
20.890 -0.00430
20.930 -0.00427
20.970 -0.00427
21.010 -0.00427
21.050 -0.00427
21.090 -0.00426
21.130 -0.00426
21.171 -0.00421
21.211 -0.00416
21.251 -0.00410
21.291 -0.00403
21.331 -0.00397
21.371 -0.00393
21.411 -0.00391
21.452 -0.00386
21.492 -0.00385
21.532 -0.00386
21.572 -0.00389
21.612 -0.00390
21.652 -0.00392
21.692 -0.00396
21.732 -0.00403
21.773 -0.00411
21.813 -0.00417
21.853 -0.00425
21.893 -0.00429
21.933 -0.00434
21.974 -0.00436
22.014 -0.00437
22.054 -0.00442
22.094 -0.00438
22.134 -0.00440
22.175 -0.00440
22.215 -0.00438
22.255 -0.00436
22.295 -0.00439
22.335 -0.00433
22.375 -0.00433
22.415 -0.00434
22.456 -0.00435
22.496 -0.00437
22.536 -0.00441
22.576 -0.00444
22.616 -0.00449
22.656 -0.00450
22.696 -0.00449
22.736 -0.00444
22.777 -0.00440
22.817 -0.00436
22.857 -0.00434
22.897 -0.00434
22.937 -0.00436
22.977 -0.00438
23.017 -0.00438
23.057 -0.00434
23.098 -0.00431
23.138 -0.00430
23.178 -0.00428
23.218 -0.00427
23.258 -0.00426
23.298 -0.00421
23.339 -0.00414
23.379 -0.00412
23.419 -0.00411
23.459 -0.00404
23.499 -0.00408
23.539 -0.00416
23.579 -0.00424
23.620 -0.00434
23.660 -0.00441
23.700 -0.00445
23.740 -0.00449
23.780 -0.00453
23.820 -0.00455
23.860 -0.00461
23.900 -0.00464
23.941 -0.00469
23.981 -0.00472
24.021 -0.00474
24.061 -0.00468
24.101 -0.00466
24.141 -0.00461
24.181 -0.00456
24.221 -0.00452
24.262 -0.00447
24.302 -0.00441
24.342 -0.00438
24.382 -0.00438
24.422 -0.00438
24.462 -0.00442
24.502 -0.00446
24.542 -0.00451
24.583 -0.00457
24.623 -0.00464
24.663 -0.00470
24.703 -0.00476
24.743 -0.00482
24.783 -0.00489
24.823 -0.00491
24.863 -0.00492
24.904 -0.00492
24.944 -0.00490
24.984 -0.00484
25.024 -0.00480
25.064 -0.00476
25.104 -0.00471
25.144 -0.00468
25.185 -0.00468
25.225 -0.00462
25.265 -0.00453
25.305 -0.00443
25.345 -0.00434
25.385 -0.00425
25.425 -0.00420
25.465 -0.00419
25.506 -0.00418
25.546 -0.00421
25.586 -0.00423
25.626 -0.00424
25.666 -0.00426
25.706 -0.00430
25.747 -0.00439
25.787 -0.00446
25.827 -0.00455
25.867 -0.00462
25.907 -0.00464
25.947 -0.00466
25.987 -0.00466
26.027 -0.00463
26.068 -0.00461
26.108 -0.00459
26.148 -0.00457
26.188 -0.00456
26.228 -0.00451
26.268 -0.00444
26.308 -0.00435
26.349 -0.00427
26.389 -0.00419
26.429 -0.00414
26.469 -0.00414
26.509 -0.00415
26.549 -0.00416
26.589 -0.00419
26.630 -0.00423
26.670 -0.00429
26.710 -0.00438
26.750 -0.00449
26.790 -0.00462
26.830 -0.00473
26.870 -0.00481
26.911 -0.00488
26.951 -0.00491
26.991 -0.00493
27.031 -0.00493
27.071 -0.00491
27.111 -0.00488
27.152 -0.00484
27.192 -0.00478
27.232 -0.00472
27.272 -0.00464
27.312 -0.00451
27.352 -0.00438
27.392 -0.00424
27.433 -0.00415
27.473 -0.00407
27.513 -0.00405
27.553 -0.00405
27.593 -0.00409
27.633 -0.00408
27.674 -0.00401
27.714 -0.00393
27.754 -0.00389
27.794 -0.00394
27.834 -0.00404
27.874 -0.00420
27.914 -0.00434
27.954 -0.00446
27.995 -0.00453
28.035 -0.00456
28.075 -0.00460
28.115 -0.00469
28.155 -0.00481
28.195 -0.00493
28.235 -0.00503
28.276 -0.00507
28.316 -0.00501
28.356 -0.00487
28.396 -0.00473
28.436 -0.00461
28.476 -0.00453
28.516 -0.00450
28.557 -0.00449
28.597 -0.00446
28.637 -0.00439
28.677 -0.00431
28.717 -0.00424
28.757 -0.00421
28.797 -0.00424
28.838 -0.00429
28.878 -0.00435
28.918 -0.00436
28.958 -0.00433
28.998 -0.00432
29.038 -0.00436
29.078 -0.00447
29.119 -0.00466
29.159 -0.00485
29.199 -0.00501
29.239 -0.00508
29.279 -0.00508
29.319 -0.00504
29.359 -0.00506
29.400 -0.00515
29.440 -0.00532
29.480 -0.00545
29.520 -0.00549
29.560 -0.00541
29.600 -0.00533
29.640 -0.00519
29.681 -0.00517
29.721 -0.00526
29.761 -0.00536
29.801 -0.00545
29.841 -0.00546
29.881 -0.00535
29.921 -0.00508
30.002 -0.00511
30.042 -0.00525
30.122 -0.00535
30.202 -0.00512
30.283 -0.00502
30.323 -0.00511
30.403 -0.00542
30.443 -0.00553
30.524 -0.00550
30.604 -0.00551
30.644 -0.00565
30.724 -0.00606
30.805 -0.00628
30.845 -0.00631
30.925 -0.00637
31.005 -0.00678
31.045 -0.00703
31.126 -0.00735
31.166 -0.00735
31.206 -0.00734
31.286 -0.00739
31.326 -0.00765
31.366 -0.00778
31.407 -0.00784
31.447 -0.00780
31.487 -0.00770
31.527 -0.00757
31.567 -0.00751
31.607 -0.00750
31.647 -0.00751
31.688 -0.00749
31.728 -0.00740
31.768 -0.00721
31.808 -0.00696
31.848 -0.00674
31.888 -0.00661
31.928 -0.00655
31.969 -0.00654
32.009 -0.00648
32.049 -0.00634
32.089 -0.00611
32.129 -0.00581
32.169 -0.00558
32.209 -0.00547
32.249 -0.00546
32.330 -0.00557
32.370 -0.00555
32.410 -0.00546
32.450 -0.00531
32.490 -0.00516
32.530 -0.00509
32.571 -0.00515
32.611 -0.00528
32.651 -0.00540
32.691 -0.00548
32.731 -0.00545
32.771 -0.00533
32.811 -0.00523
32.851 -0.00514
32.892 -0.00510
32.932 -0.00515
32.972 -0.00523
33.012 -0.00522
33.052 -0.00516
33.092 -0.00504
33.132 -0.00488
33.172 -0.00478
33.213 -0.00480
33.253 -0.00485
33.293 -0.00496
33.333 -0.00508
33.373 -0.00514
33.413 -0.00515
33.453 -0.00515
33.493 -0.00516
33.534 -0.00522
33.574 -0.00530
33.614 -0.00542
33.654 -0.00549
33.694 -0.00550
33.734 -0.00547
33.775 -0.00543
33.815 -0.00536
33.855 -0.00532
33.895 -0.00528
33.935 -0.00529
33.975 -0.00526
34.015 -0.00523
34.055 -0.00518
34.096 -0.00512
34.136 -0.00508
34.176 -0.00506
34.216 -0.00509
34.256 -0.00515
34.296 -0.00521
34.337 -0.00527
34.377 -0.00530
34.417 -0.00532
34.457 -0.00533
34.497 -0.00540
34.537 -0.00543
34.577 -0.00549
34.618 -0.00553
34.658 -0.00558
34.698 -0.00559
34.738 -0.00559
34.778 -0.00560
34.818 -0.00561
34.858 -0.00561
34.898 -0.00559
34.939 -0.00556
34.979 -0.00552
35.019 -0.00546
35.059 -0.00538
35.099 -0.00528
35.139 -0.00519
35.180 -0.00511
35.220 -0.00504
35.260 -0.00499
35.300 -0.00493
35.340 -0.00489
35.380 -0.00486
35.420 -0.00486
35.461 -0.00488
35.501 -0.00489
35.541 -0.00490
35.581 -0.00493
35.621 -0.00500
35.661 -0.00507
35.701 -0.00517
35.742 -0.00525
35.782 -0.00537
35.822 -0.00545
35.862 -0.00549
35.902 -0.00547
35.942 -0.00542
35.982 -0.00540
36.022 -0.00533
36.063 -0.00528
36.103 -0.00524
36.143 -0.00518
36.183 -0.00512
36.223 -0.00506
36.263 -0.00499
36.304 -0.00497
36.344 -0.00499
36.384 -0.00504
36.424 -0.00506
36.464 -0.00511
36.504 -0.00511
36.544 -0.00509
36.585 -0.00509
36.625 -0.00511
36.665 -0.00515
36.705 -0.00523
36.745 -0.00531
36.785 -0.00538
36.825 -0.00541
36.865 -0.00538
36.906 -0.00534
36.946 -0.00527
36.986 -0.00520
37.026 -0.00516
37.066 -0.00513
37.106 -0.00511
37.147 -0.00508
37.187 -0.00502
37.227 -0.00496
37.267 -0.00492
37.307 -0.00491
37.347 -0.00495
37.387 -0.00505
37.428 -0.00514
37.468 -0.00521
37.508 -0.00525
37.548 -0.00526
37.588 -0.00525
37.628 -0.00523
37.668 -0.00519
37.709 -0.00516
37.749 -0.00513
37.789 -0.00511
37.829 -0.00507
37.869 -0.00502
37.909 -0.00496
37.949 -0.00492
37.989 -0.00487
38.030 -0.00484
38.070 -0.00482
38.110 -0.00481
38.150 -0.00477
38.190 -0.00473
38.230 -0.00470
38.270 -0.00470
38.310 -0.00473
38.351 -0.00482
38.391 -0.00494
38.431 -0.00509
38.471 -0.00522
38.511 -0.00536
38.551 -0.00547
38.592 -0.00555
38.632 -0.00562
38.672 -0.00566
38.712 -0.00574
38.752 -0.00579
38.792 -0.00584
38.832 -0.00582
38.873 -0.00576
38.913 -0.00566
38.953 -0.00552
38.993 -0.00540
