1.540 -0.00002
1.621 -0.00049
1.661 -0.00074
1.701 -0.00099
1.741 -0.00120
1.821 -0.00163
1.862 -0.00186
1.902 -0.00211
1.942 -0.00236
1.982 -0.00261
2.022 -0.00285
2.062 -0.00308
2.102 -0.00329
2.143 -0.00350
2.183 -0.00373
2.223 -0.00396
2.263 -0.00418
2.303 -0.00443
2.343 -0.00467
2.384 -0.00491
2.424 -0.00513
2.464 -0.00538
2.504 -0.00563
2.544 -0.00590
2.625 -0.00639
2.665 -0.00662
2.705 -0.00685
2.745 -0.00708
2.825 -0.00751
2.865 -0.00773
2.905 -0.00798
2.946 -0.00823
2.986 -0.00846
3.026 -0.00871
3.066 -0.00896
3.106 -0.00920
3.146 -0.00943
3.186 -0.00965
3.227 -0.00989
3.267 -0.01006
3.347 -0.01046
3.387 -0.01190
3.427 -0.01274
3.468 -0.01388
3.508 -0.01431
3.548 -0.01554
3.588 -0.01573
3.628 -0.01583
3.668 1.99051
3.708 1.99036
3.748 1.99210
3.789 1.98690
3.829 1.98600
3.869 1.99157
3.909 1.99139
3.949 1.98639
3.989 1.98778
4.029 1.98979
4.070 1.98891
4.110 1.98875
4.150 1.98941
4.190 1.98922
4.230 1.99036
4.270 1.98932
4.311 1.98916
4.351 1.98833
4.391 1.98828
4.431 1.98878
4.471 1.98863
4.511 1.98847
4.552 1.98816
4.592 1.98831
4.632 1.98787
4.672 1.98783
4.712 1.98771
4.752 1.98801
4.792 1.98796
4.832 1.98806
4.873 1.98802
4.913 1.98785
4.953 1.98773
4.993 1.98753
5.033 1.98782
5.073 1.98783
5.113 1.98770
5.154 1.98791
5.194 1.98793
5.234 1.98800
5.274 1.98813
5.314 1.98798
5.354 1.98792
5.395 1.98755
5.435 1.98769
5.475 1.98750
5.515 1.98731
5.555 1.98741
5.595 1.98743
5.635 1.98724
5.676 1.98715
5.716 1.98697
5.756 1.98688
5.796 1.98679
5.836 1.98672
5.876 1.98684
5.916 1.98661
5.957 1.98646
5.997 1.98607
6.037 1.98603
6.077 1.98588
6.117 1.98563
6.157 1.98538
6.198 1.98524
6.238 1.98508
6.278 1.98493
6.318 1.98468
6.358 1.98456
6.398 1.98447
6.438 1.98428
6.479 1.98420
6.519 1.98393
6.559 1.98376
6.599 1.98354
6.639 1.98348
6.679 1.98338
6.720 1.98314
6.760 1.98304
6.800 1.98276
6.840 1.98257
6.880 1.98246
6.920 1.98225
6.960 1.98220
7.000 1.98202
7.041 1.98203
7.081 1.98189
7.121 1.98171
7.201 1.98155
7.282 1.98149
7.322 1.98139
7.402 1.98148
7.442 1.98157
7.522 1.98143
7.603 1.98135
7.643 1.98148
7.723 1.98143
7.803 1.98145
7.844 1.98149
7.924 1.98128
8.004 1.98120
8.044 1.98124
8.125 1.98122
8.205 1.98116
8.285 1.98118
8.325 1.98116
8.365 1.98126
8.406 1.98131
8.446 1.98138
8.486 1.98131
8.526 1.98128
8.566 1.98132
8.606 1.98135
8.646 1.98144
8.687 1.98142
8.727 1.98151
8.767 1.98156
8.807 1.98172
8.847 1.98179
8.887 1.98171
8.927 1.98175
8.967 1.98180
9.007 1.98191
9.048 1.98201
9.088 1.98192
9.128 1.98195
9.168 1.98206
9.208 1.98210
9.248 1.98213
9.329 1.98208
9.369 1.98220
9.409 1.98238
9.449 1.98253
9.489 1.98250
9.529 1.98265
9.570 1.98269
9.610 1.98273
9.650 1.98281
9.690 1.98276
9.730 1.98299
9.770 1.98308
9.810 1.98311
9.851 1.98309
9.891 1.98302
9.931 1.98309
9.971 1.98321
10.011 1.98329
10.051 1.98336
10.091 1.98330
10.131 1.98337
10.172 1.98342
10.212 1.98338
10.252 1.98347
10.292 1.98337
10.332 1.98344
10.372 1.98351
10.413 1.98353
10.453 1.98361
10.493 1.98348
10.533 1.98349
10.573 1.98345
10.613 1.98351
10.654 1.98355
10.694 1.98345
10.734 1.98344
10.774 1.98340
10.814 1.98333
10.854 1.98335
10.894 1.98313
10.935 1.98309
10.975 1.98305
11.015 1.98303
11.055 1.98288
11.095 1.98264
11.135 1.98268
11.175 1.98261
11.216 1.98258
11.256 1.98258
11.296 1.98241
11.336 1.98242
11.376 1.98245
11.416 1.98237
11.456 1.98232
11.497 1.98212
11.537 1.98212
11.577 1.98204
11.617 1.98198
11.657 1.98183
11.697 1.98160
11.737 1.98149
11.777 1.98138
11.817 1.98126
11.858 1.98120
11.898 1.98091
11.938 1.98083
11.978 1.98070
12.018 1.98061
12.058 1.98051
12.098 1.98022
12.138 1.98009
12.179 1.97992
12.219 1.97977
12.259 1.97959
12.299 1.97926
12.339 1.97908
12.380 1.97892
12.420 1.97880
12.460 1.97868
12.500 1.97836
12.540 1.97825
12.580 1.97816
12.620 1.97796
12.661 1.97787
12.701 1.97756
12.741 1.97739
12.781 1.97719
12.821 1.97706
12.861 1.97691
12.901 1.97656
12.941 1.97641
12.982 1.97623
13.022 1.97604
13.062 1.97590
13.102 1.97555
13.142 1.97536
13.182 1.97517
13.222 1.97509
13.263 1.97494
13.303 1.97460
13.343 1.97441
13.383 1.97424
13.423 1.97412
13.463 1.97405
13.503 1.97370
13.544 1.97354
13.584 1.97333
13.624 1.97319
13.664 1.97305
13.704 1.97267
13.744 1.97249
13.784 1.97232
13.824 1.97218
13.865 1.97196
13.905 1.97158
13.945 1.97139
13.985 1.97117
14.025 1.97094
14.065 1.97071
14.105 1.97034
14.145 1.97012
14.186 1.96985
14.226 1.96964
14.266 1.96940
14.306 1.96903
14.346 1.96879
14.386 1.96861
14.426 1.96837
14.467 1.96815
14.507 1.96775
14.547 1.96747
14.587 1.96725
14.627 1.96705
14.667 1.96684
14.707 1.96647
14.748 1.96630
14.788 1.96614
14.828 1.96595
14.868 1.96580
14.908 1.96543
14.948 1.96527
14.988 1.96511
15.029 1.96484
15.069 1.96463
15.109 1.96427
15.149 1.96410
15.189 1.96387
15.229 1.96372
15.270 1.96345
15.310 1.96309
15.350 1.96296
15.390 1.96286
15.430 1.96273
15.470 1.96253
15.511 1.96217
15.551 1.96196
15.591 1.96171
15.631 1.96160
15.671 1.96152
15.711 1.96116
15.751 1.96100
15.791 1.96077
15.832 1.96063
15.872 1.96035
15.912 1.95998
15.952 1.95980
15.992 1.95967
16.032 1.95955
16.072 1.95938
16.113 1.95898
16.153 1.95875
16.193 1.95855
16.233 1.95827
16.273 1.95802
16.313 1.95760
16.353 1.95741
16.394 1.95718
16.434 1.95694
16.474 1.95672
16.514 1.95634
16.554 1.95623
16.594 1.95609
16.634 1.95595
16.675 1.95583
16.715 1.95549
16.755 1.95533
16.795 1.95501
16.835 1.95478
16.875 1.95455
16.916 1.95415
16.956 1.95397
16.996 1.95375
17.036 1.95359
17.076 1.95341
17.116 1.95299
17.157 1.95276
17.197 1.95253
17.237 1.95238
17.277 1.95225
17.317 1.95190
17.357 1.95172
17.398 1.95160
17.438 1.95141
17.478 1.95129
17.518 1.95092
17.558 1.95072
17.598 1.95057
17.638 1.95041
17.679 1.95024
17.719 1.94987
17.759 1.94974
17.799 1.94951
17.839 1.94932
17.879 1.94913
17.919 1.94872
17.960 1.94857
18.000 1.94831
18.040 1.94816
18.080 1.94793
18.120 1.94756
18.160 1.94736
18.200 1.94698
18.281 1.94676
18.321 1.94641
18.361 1.94630
18.401 1.94588
18.441 1.94567
18.522 1.94520
18.602 1.94495
18.642 1.94474
18.722 1.94409
18.803 1.94355
18.843 1.94340
18.923 1.94277
19.003 1.94229
19.043 1.94214
19.124 1.94166
19.204 1.94146
19.284 1.94145
19.324 1.94095
19.405 1.94065
19.445 1.94054
19.525 1.94001
19.605 1.93968
19.645 1.93951
19.685 1.93913
19.726 1.93900
19.766 1.93880
19.806 1.93867
19.846 1.93845
19.886 1.93811
19.926 1.93795
19.966 1.93784
20.006 1.93772
20.047 1.93756
20.087 1.93725
20.127 1.93711
20.167 1.93699
20.207 1.93680
20.247 1.93658
20.328 1.93614
20.368 1.93599
20.408 1.93574
20.448 1.93558
20.488 1.93522
20.528 1.93498
20.569 1.93480
20.609 1.93455
20.649 1.93442
20.689 1.93409
20.729 1.93386
20.769 1.93371
20.809 1.93365
20.849 1.93360
20.890 1.93329
20.930 1.93317
20.970 1.93310
21.010 1.93296
21.050 1.93285
21.090 1.93254
21.130 1.93243
21.171 1.93235
21.211 1.93220
21.251 1.93205
21.291 1.93173
21.331 1.93167
21.371 1.93149
21.411 1.93149
21.452 1.93149
21.492 1.93119
21.532 1.93114
21.572 1.93099
21.612 1.93084
21.652 1.93072
21.692 1.93040
21.732 1.93023
21.773 1.93014
21.813 1.93003
21.853 1.92991
21.893 1.92961
21.933 1.92944
21.974 1.92935
22.014 1.92926
22.054 1.92900
22.094 1.92875
22.134 1.92860
22.175 1.92852
22.215 1.92834
22.255 1.92825
22.295 1.92794
22.335 1.92781
22.375 1.92764
22.415 1.92752
22.456 1.92738
22.496 1.92709
22.536 1.92695
22.576 1.92685
22.616 1.92675
22.656 1.92662
22.696 1.92633
22.736 1.92620
22.777 1.92599
22.817 1.92591
22.857 1.92580
22.897 1.92549
22.937 1.92543
22.977 1.92539
23.017 1.92519
23.057 1.92508
23.098 1.92477
23.138 1.92473
23.178 1.92452
23.218 1.92443
23.258 1.92433
23.298 1.92402
23.339 1.92380
23.379 1.92371
23.419 1.92349
23.459 1.92340
23.499 1.92310
23.539 1.92297
23.579 1.92286
23.620 1.92267
23.660 1.92255
23.700 1.92226
23.740 1.92215
23.780 1.92205
23.820 1.92195
23.860 1.92186
23.900 1.92156
23.941 1.92144
23.981 1.92135
24.021 1.92120
24.061 1.92109
24.101 1.92077
24.141 1.92061
24.181 1.92044
24.221 1.92025
24.262 1.91999
24.302 1.91974
24.342 1.91960
24.382 1.91948
24.422 1.91941
24.462 1.91933
24.502 1.91912
24.542 1.91897
24.583 1.91887
24.623 1.91874
24.663 1.91863
24.703 1.91840
24.743 1.91830
24.783 1.91821
24.823 1.91814
24.863 1.91804
24.904 1.91778
24.944 1.91765
24.984 1.91766
25.024 1.91757
25.064 1.91749
25.104 1.91725
25.144 1.91733
25.185 1.91731
25.225 1.91727
25.265 1.91723
25.305 1.91698
25.345 1.91694
25.385 1.91680
25.425 1.91673
25.465 1.91673
25.506 1.91656
25.546 1.91660
25.586 1.91654
25.626 1.91654
25.666 1.91652
25.706 1.91633
25.747 1.91633
25.787 1.91635
25.827 1.91629
25.867 1.91619
25.907 1.91598
25.947 1.91598
25.987 1.91584
26.027 1.91580
26.068 1.91577
26.108 1.91557
26.148 1.91551
26.188 1.91557
26.228 1.91556
26.268 1.91558
26.308 1.91542
26.349 1.91537
26.389 1.91535
26.429 1.91530
26.469 1.91533
26.509 1.91521
26.549 1.91522
26.589 1.91523
26.630 1.91518
26.670 1.91521
26.710 1.91506
26.750 1.91505
26.790 1.91501
26.830 1.91510
26.870 1.91519
26.911 1.91508
26.951 1.91516
26.991 1.91532
27.031 1.91542
27.071 1.91542
27.111 1.91530
27.152 1.91535
27.192 1.91540
27.232 1.91538
27.272 1.91538
27.312 1.91523
27.352 1.91524
27.392 1.91527
27.433 1.91533
27.473 1.91545
27.513 1.91539
27.553 1.91551
27.593 1.91573
27.633 1.91581
27.674 1.91589
27.714 1.91573
27.754 1.91575
27.794 1.91569
27.834 1.91570
27.874 1.91569
27.914 1.91552
27.954 1.91546
27.995 1.91529
28.035 1.91520
28.075 1.91512
28.115 1.91493
28.155 1.91497
28.195 1.91503
28.235 1.91511
28.276 1.91519
28.316 1.91503
28.356 1.91499
28.396 1.91493
28.436 1.91488
28.476 1.91499
28.516 1.91497
28.557 1.91506
28.597 1.91512
28.637 1.91520
28.677 1.91525
28.717 1.91514
28.757 1.91523
28.797 1.91524
28.838 1.91529
28.878 1.91533
28.918 1.91523
28.958 1.91526
28.998 1.91527
29.038 1.91533
29.078 1.91548
29.119 1.91544
29.159 1.91558
29.199 1.91561
29.239 1.91562
29.279 1.91553
29.319 1.91535
29.359 1.91529
29.400 1.91538
29.440 1.91547
29.480 1.91550
29.520 1.91542
29.560 1.91538
29.600 1.91532
29.640 1.91523
29.681 1.91522
29.721 1.91517
29.761 1.91531
29.801 1.91541
29.841 1.91555
29.881 1.91558
29.921 1.91541
30.002 1.91549
30.042 1.91560
30.122 1.91564
30.202 1.91557
30.283 1.91547
30.323 1.91539
30.403 1.91556
30.443 1.91560
30.524 1.91536
30.604 1.91534
30.644 1.91552
30.724 1.91566
30.805 1.91601
30.845 1.91618
30.925 1.91620
31.005 1.91658
31.045 1.91682
31.126 1.91702
31.166 1.91715
31.206 1.91732
31.286 1.91745
31.326 1.91776
31.366 1.91804
31.407 1.91827
31.447 1.91846
31.487 1.91843
31.527 1.91858
31.567 1.91875
31.607 1.91891
31.647 1.91912
31.688 1.91918
31.728 1.91935
31.768 1.91943
31.808 1.91948
31.848 1.91952
31.888 1.91956
31.928 1.91975
31.969 1.91997
32.009 1.92015
32.049 1.92036
32.089 1.92038
32.129 1.92044
32.169 1.92058
32.209 1.92071
32.249 1.92089
32.330 1.92121
32.370 1.92142
32.410 1.92160
32.450 1.92163
32.490 1.92156
32.530 1.92166
32.571 1.92182
32.611 1.92206
32.651 1.92225
32.691 1.92231
32.731 1.92239
32.771 1.92251
32.811 1.92256
32.851 1.92266
32.892 1.92272
32.932 1.92294
32.972 1.92315
33.012 1.92327
33.052 1.92340
33.092 1.92336
33.132 1.92339
33.172 1.92349
33.213 1.92351
33.253 1.92361
33.293 1.92360
33.333 1.92370
33.373 1.92376
33.413 1.92377
33.453 1.92379
33.493 1.92369
33.534 1.92375
33.574 1.92378
33.614 1.92388
33.654 1.92392
33.694 1.92387
33.734 1.92403
33.775 1.92401
33.815 1.92405
33.855 1.92416
33.895 1.92411
33.935 1.92415
33.975 1.92419
34.015 1.92421
34.055 1.92423
34.096 1.92412
34.136 1.92411
34.176 1.92411
34.216 1.92412
34.256 1.92418
34.296 1.92416
34.337 1.92420
34.377 1.92423
34.417 1.92422
34.457 1.92428
34.497 1.92419
34.537 1.92420
34.577 1.92422
34.618 1.92427
34.658 1.92424
34.698 1.92411
34.738 1.92407
34.778 1.92408
34.818 1.92410
34.858 1.92411
34.898 1.92402
34.939 1.92402
34.979 1.92411
35.019 1.92417
35.059 1.92411
35.099 1.92403
35.139 1.92404
35.180 1.92406
35.220 1.92412
35.260 1.92416
35.300 1.92409
35.340 1.92415
35.380 1.92421
35.420 1.92423
35.461 1.92431
35.501 1.92422
35.541 1.92431
35.581 1.92434
35.621 1.92432
35.661 1.92433
35.701 1.92426
35.742 1.92435
35.782 1.92436
35.822 1.92439
35.862 1.92439
35.902 1.92431
35.942 1.92428
35.982 1.92425
36.022 1.92424
36.063 1.92431
36.103 1.92429
36.143 1.92434
36.183 1.92442
36.223 1.92446
36.263 1.92455
36.304 1.92451
36.344 1.92451
36.384 1.92451
36.424 1.92459
36.464 1.92461
36.504 1.92455
36.544 1.92462
36.585 1.92470
36.625 1.92483
36.665 1.92490
36.705 1.92492
36.745 1.92503
36.785 1.92509
36.825 1.92521
36.865 1.92522
36.906 1.92521
36.946 1.92536
36.986 1.92555
37.026 1.92565
37.066 1.92578
37.106 1.92581
37.147 1.92598
37.187 1.92609
37.227 1.92612
37.267 1.92622
37.307 1.92629
37.347 1.92644
37.387 1.92664
37.428 1.92681
37.468 1.92703
37.508 1.92709
37.548 1.92726
37.588 1.92742
37.628 1.92758
37.668 1.92773
37.709 1.92778
37.749 1.92801
37.789 1.92822
37.829 1.92835
37.869 1.92855
37.909 1.92861
37.949 1.92878
37.989 1.92896
38.030 1.92914
38.070 1.92930
38.110 1.92936
38.150 1.92951
38.190 1.92966
38.230 1.92982
38.270 1.93005
38.310 1.93015
38.351 1.93031
38.391 1.93055
38.431 1.93082
38.471 1.93107
38.511 1.93122
38.551 1.93139
38.592 1.93157
38.632 1.93163
38.672 1.93176
38.712 1.93182
38.752 1.93196
38.792 1.93209
38.832 1.93225
38.873 1.93239
38.913 1.93246
38.953 1.93263
38.993 1.93278
