1.581 -3.33451
1.621 -3.33451
1.661 -3.33451
1.701 -3.33451
1.741 -3.33451
1.781 -3.33451
1.821 -3.33451
1.862 -3.33451
1.902 -3.33451
1.942 -3.33451
2.022 -3.33451
2.102 -3.33451
2.143 -3.33451
2.223 -3.33451
2.303 -3.33451
2.343 -3.33451
2.424 -3.33451
2.504 -3.33451
2.584 -3.33451
2.625 -3.33451
2.705 -3.33451
2.745 -3.33451
2.825 -3.33451
2.905 -3.33451
2.946 -3.33451
3.026 -3.33451
3.066 -3.33451
3.106 -3.33451
3.146 -3.33451
3.227 -3.33451
3.307 -3.33451
3.347 -3.33451
3.427 -3.33451
3.468 -3.33451
3.508 -3.33451
3.548 -3.33451
3.588 -3.33451
3.628 -3.33451
3.668 -3.33452
3.708 -3.33452
3.748 -3.33452
3.789 -3.33452
3.829 -3.33452
3.869 -3.33452
3.909 -3.33452
3.949 -3.33452
3.989 -3.33452
4.029 -3.33452
4.070 -3.33452
4.110 -3.33452
4.150 -3.33452
4.190 -3.33452
4.230 -3.33452
4.270 -3.33452
4.311 -3.33452
4.351 -3.33452
4.391 -3.33452
4.431 -3.33452
4.471 -3.33452
4.511 -3.33452
4.552 -3.33452
4.592 -3.33452
4.632 -3.33452
4.672 -3.33452
4.712 -3.33452
4.752 -3.33452
4.792 -3.33452
4.832 -3.01481
4.873 -3.01481
4.913 -3.01481
4.953 -3.01481
4.993 -3.01481
5.033 -3.01481
5.073 -3.01481
5.113 -3.01481
5.154 -3.01481
5.194 -3.01481
5.234 -3.01481
5.274 -3.01481
5.314 -3.01481
5.354 -3.01481
5.395 -3.01481
5.435 -3.01481
5.475 -3.01481
5.515 -3.01481
5.555 -3.01481
5.595 -3.01481
5.635 -3.01481
5.676 -3.01481
5.716 -3.01481
5.756 -3.01481
5.796 -3.01481
5.836 -3.01481
5.876 -3.01481
5.916 -3.01481
5.957 -3.01481
5.997 -3.01481
6.037 -3.01481
6.077 -3.01481
6.117 -3.01481
6.157 -3.01481
6.198 -3.01481
6.238 -3.01481
6.278 -3.01481
6.318 -3.01481
6.358 -3.01481
6.398 -3.01481
6.438 -3.01481
6.479 -3.01481
6.519 -3.01481
6.559 -3.01481
6.599 -3.01481
6.639 -3.01481
6.679 -3.01481
6.720 -3.01481
6.760 -3.01481
6.800 -3.01481
6.840 -3.01481
6.880 -3.01481
6.920 -3.01481
6.960 -3.01481
7.000 -3.01481
7.041 -3.01481
7.081 -3.01481
7.121 -3.01481
7.161 -3.01481
7.201 -3.01481
7.241 -3.01481
7.282 -3.01481
7.322 -3.01481
7.362 -3.01481
7.402 -3.01481
7.442 -3.01481
7.482 -3.01481
7.522 -3.01481
7.563 -3.01481
7.603 -3.01481
7.643 -3.01481
7.683 -3.01481
7.723 -3.01481
7.763 -3.01481
7.803 -3.01481
7.844 -3.01481
7.884 -3.01481
7.924 -3.01481
7.964 -3.01481
8.004 -3.01481
8.044 -3.01481
8.084 -3.01481
8.125 -3.01481
8.165 -3.01481
8.205 -3.01481
8.245 -3.01481
8.285 -3.01481
8.325 -3.01481
8.365 -3.01481
8.406 -3.01481
8.446 -3.01481
8.486 -3.01481
8.526 -3.01481
8.566 -3.01481
8.606 -3.01481
8.646 -3.01481
8.687 -3.01481
8.727 -3.01481
8.767 -3.01481
8.807 -3.01481
8.847 -3.01480
8.887 -3.01480
8.927 -3.01480
8.967 -3.01480
9.008 -3.01480
9.048 -3.01480
9.128 -3.01480
9.208 -3.01480
9.289 -3.01480
9.329 -3.01480
9.409 -3.01480
9.449 -3.01480
9.529 -3.01480
9.610 -3.01480
9.650 -3.01480
9.730 -3.01480
9.810 -3.01480
9.851 -3.01480
9.931 -3.01480
10.011 -3.01480
10.051 -3.01480
10.131 -3.01480
10.212 -3.01480
10.292 -3.01480
10.332 -3.01480
10.372 -3.01480
10.413 -3.01480
10.453 -3.01480
10.493 -3.01480
10.533 -3.01480
10.573 -3.01480
10.613 -3.01480
10.654 -3.01480
10.694 -3.01480
10.734 -3.01480
10.774 -3.01480
10.814 -3.01480
10.854 -3.01480
10.894 -3.01480
10.935 -3.01480
10.975 -3.01480
11.015 -3.01480
11.055 -3.01480
11.095 -3.01480
11.135 -3.01480
11.175 -3.01480
11.216 -3.01480
11.256 -3.01480
11.336 -3.01480
11.376 -3.01480
11.416 -3.01480
11.456 -3.01480
11.497 -3.01480
11.537 -3.01480
11.577 -3.01480
11.617 -3.01480
11.657 -3.01480
11.697 -3.01480
11.737 -3.01480
11.777 -3.01480
11.817 -3.01480
11.858 -3.01480
11.898 -3.01480
11.938 -3.01480
11.978 -3.01480
12.018 -3.01480
12.058 -3.01480
12.098 -3.01480
12.138 -3.01480
12.179 -3.01480
12.219 -3.01480
12.259 -3.01480
12.299 -3.01480
12.339 -3.01480
12.380 -3.01480
12.420 -3.01480
12.460 -3.01480
12.500 -3.01480
12.540 -3.01480
12.580 -3.01480
12.620 -3.01480
12.661 -3.01480
12.701 -3.01480
12.741 -3.01480
12.781 -3.01480
12.821 -3.01480
12.861 -3.01480
12.901 -3.01480
12.941 -3.01480
12.982 -3.01480
13.022 -3.01480
13.062 -3.01480
13.102 -3.01480
13.142 -3.01480
13.182 -3.01480
13.222 -3.01480
13.263 -3.01480
13.303 -3.01480
13.343 -3.01480
13.383 -3.01480
13.423 -3.01480
13.463 -3.01480
13.503 -3.01480
13.544 -3.01480
13.584 -3.01480
13.624 -3.01480
13.664 -3.01480
13.704 -3.01480
13.744 -3.01480
13.784 -3.01480
13.824 -3.01480
13.865 -3.01480
13.905 -3.01480
13.945 -3.01480
13.985 -3.01480
14.025 -3.01480
14.065 -3.01480
14.105 -3.01480
14.145 -3.01480
14.186 -3.01480
14.226 -3.01480
14.266 -3.01480
14.306 -3.01480
14.346 -3.01480
14.386 -3.01480
14.426 -3.01480
14.467 -3.01480
14.507 -3.01480
14.547 -3.01480
14.587 -3.01480
14.627 -3.01480
14.667 -3.01480
14.707 -3.01480
14.748 -3.01480
14.788 -3.01480
14.828 -3.01480
14.868 -3.01480
14.908 -3.01480
14.948 -3.01480
14.989 -3.01480
15.029 -3.01480
15.069 -3.01480
15.109 -3.01480
15.149 -3.01480
15.189 -3.01480
15.229 -3.01480
15.270 -3.01480
15.310 -3.01480
15.350 -3.01480
15.390 -3.01480
15.430 -3.01480
15.470 -3.01480
15.511 -3.01480
15.551 -3.01480
15.591 -3.01480
15.631 -3.01480
15.671 -3.01480
15.711 -3.01480
15.751 -3.01480
15.791 -3.01480
15.832 -3.01480
15.872 -3.01480
15.912 -3.01480
15.952 -3.01480
15.992 -3.01480
16.032 -3.01480
16.072 -3.01480
16.113 -3.01480
16.153 -3.01480
16.193 -3.01480
16.233 -3.01480
16.273 -3.01480
16.313 -3.01480
16.353 -3.01480
16.394 -3.01480
16.434 -3.01480
16.474 -3.01480
16.514 -3.01480
16.554 -3.01480
16.594 -3.01480
16.634 -3.01480
16.675 -3.01480
16.715 -3.01480
16.755 -3.01480
16.795 -3.01480
16.835 -3.01479
16.875 -3.01479
16.916 -3.01479
16.956 -3.01479
16.996 -3.01479
17.036 -3.01479
17.076 -3.01479
17.116 -3.01479
17.157 -3.01479
17.197 -3.01479
17.237 -3.01479
17.277 -3.01479
17.317 -3.01479
17.357 -3.01479
17.398 -3.01479
17.438 -3.01479
17.478 -3.01479
17.518 -3.01479
17.558 -3.01479
17.598 -3.01479
17.638 -3.01479
17.679 -3.01479
17.719 -3.01479
17.759 -3.01479
17.799 -3.01479
17.839 -3.01479
17.879 -3.01479
17.919 -3.01479
17.960 -3.01479
18.000 -3.01479
18.040 -3.01479
18.080 -3.01479
18.120 -3.01479
18.160 -3.01479
18.200 -3.01479
18.241 -3.01479
18.281 -3.01479
18.321 -3.01479
18.361 -3.01479
18.401 -3.01479
18.441 -3.01479
18.481 -3.01479
18.522 -3.01479
18.562 -3.01479
18.602 -3.01479
18.642 -3.01479
18.682 -3.01479
18.722 -3.01479
18.762 -3.01479
18.803 -3.01479
18.843 -3.01479
18.883 -3.01479
18.923 -3.01479
18.963 -3.01479
19.003 -3.01479
19.043 -3.01479
19.084 -3.01479
19.124 -3.01479
19.164 -3.01479
19.204 -3.01479
19.244 -3.01479
19.284 -3.01479
19.324 -3.01479
19.364 -3.01479
19.405 -3.01479
19.445 -3.01479
19.485 -3.01479
19.525 -3.01479
19.565 -3.01479
19.605 -3.01479
19.645 -3.01479
19.685 -3.01479
19.726 -3.01479
19.766 -3.01479
19.806 -3.01479
19.846 -3.01479
19.886 -3.01479
19.926 -3.01479
19.966 -3.01479
20.006 -3.01479
20.047 -3.01479
20.087 -3.01479
20.127 -3.01479
20.167 -3.01479
20.207 -3.01479
20.247 -3.01479
20.288 -3.01479
20.328 -3.01479
20.368 -3.01479
20.408 -3.01479
20.448 -3.01479
20.528 -3.01479
20.609 -3.01479
20.649 -3.01479
20.729 -3.01479
20.809 -3.01480
20.849 -3.01480
20.930 -3.01480
21.010 -3.01480
21.050 -3.01480
21.130 -3.01480
21.211 -3.01480
21.291 -3.01480
21.331 -3.01480
21.411 -3.01480
21.452 -3.01480
21.532 -3.01480
21.612 -3.01480
21.652 -3.01480
21.692 -3.01480
21.732 -3.01480
21.773 -3.01480
21.813 -3.01480
21.853 -3.01480
21.893 -3.01480
21.933 -3.01480
21.974 -3.01480
22.014 -3.01480
22.054 -3.01480
22.094 -3.01480
22.134 -3.01480
22.175 -3.01480
22.215 -3.01480
22.255 -3.01480
22.335 -3.01480
22.375 -3.01480
22.415 -3.01480
22.456 -3.01480
22.496 -3.01480
22.536 -3.01480
22.576 -3.01480
22.616 -3.01480
22.656 -3.01480
22.696 -3.01480
22.736 -3.01480
22.777 -3.01480
22.817 -3.01480
22.857 -3.01480
22.897 -3.01480
22.937 -3.01480
22.977 -3.01480
23.017 -3.01480
23.058 -3.01480
23.098 -3.01480
23.138 -3.01480
23.178 -3.01480
23.218 -3.01480
23.258 -3.01480
23.298 -3.01480
23.339 -3.01480
23.379 -3.01480
23.419 -3.01480
23.459 -3.01480
23.499 -3.01480
23.539 -3.01480
23.579 -3.01480
23.620 -3.01480
23.660 -3.01480
23.700 -3.01480
23.740 -3.01480
23.780 -3.01480
23.820 -3.01480
23.860 -3.01480
23.900 -3.01480
23.941 -3.01480
23.981 -3.01480
24.021 -3.01480
24.061 -3.01480
24.101 -3.01480
24.141 -3.01480
24.181 -3.01480
24.221 -3.01480
24.262 -3.01480
24.302 -3.01480
24.342 -3.01480
24.382 -3.01480
24.422 -3.01480
24.462 -3.01480
24.502 -3.01480
24.542 -3.01480
24.583 -3.01480
24.623 -3.01480
24.663 -3.01480
24.703 -3.01480
24.743 -3.01480
24.783 -3.01480
24.823 -3.01480
24.863 -3.01480
24.904 -3.01480
24.944 -3.01480
24.984 -3.01480
25.024 -3.01480
25.064 -3.01480
25.104 -3.01480
25.144 -3.01480
25.185 -3.01480
25.225 -3.01480
25.265 -3.01480
25.305 -3.01480
25.345 -3.01480
25.385 -3.01480
25.425 -3.01480
25.465 -3.01480
25.506 -3.01480
25.546 -3.01480
25.586 -3.01480
25.626 -3.01480
25.666 -3.01480
25.706 -3.01480
25.747 -3.01480
25.787 -3.01480
25.827 -3.01480
25.867 -3.01480
25.907 -3.01480
25.947 -3.01480
25.987 -3.01480
26.027 -3.01480
26.068 -3.01480
26.108 -3.01480
26.148 -3.01480
26.188 -3.01480
26.228 -3.01480
26.268 -3.01480
26.308 -3.01480
26.349 -3.01480
26.389 -3.01480
26.429 -3.01480
26.469 -3.01480
26.509 -3.01480
26.549 -3.01480
26.589 -3.01480
26.630 -3.01480
26.670 -3.01480
26.710 -3.01480
26.750 -3.01480
26.790 -3.01480
26.830 -3.01480
26.870 -3.01480
26.911 -3.01480
26.951 -3.01480
26.991 -3.01480
27.031 -3.01480
27.071 -3.01480
27.111 -3.01480
27.152 -3.01480
27.192 -3.01480
27.232 -3.01480
27.272 -3.01480
27.312 -3.01480
27.352 -3.01480
27.392 -3.01480
27.433 -3.01480
27.473 -3.01480
27.513 -3.01480
27.553 -3.01480
27.593 -3.01480
27.633 -3.01480
27.674 -3.01480
27.714 -3.01480
27.754 -3.01480
27.794 -3.01480
27.834 -3.01480
27.874 -3.01480
27.914 -3.01480
27.954 -3.01480
27.995 -3.01480
28.035 -3.01480
28.075 -3.01480
28.115 -3.01480
28.155 -3.01480
28.195 -3.01480
28.235 -3.01480
28.276 -3.01480
28.316 -3.01480
28.356 -3.01480
28.396 -3.01480
28.436 -3.01480
28.476 -3.01480
28.516 -3.01480
28.557 -3.01480
28.597 -3.01480
28.637 -3.01480
28.677 -3.01480
28.717 -3.01480
28.757 -3.01480
28.797 -3.01480
28.838 -3.01480
28.878 -3.01480
28.918 -3.01480
28.958 -3.01480
28.998 -3.01480
29.038 -3.01480
29.078 -3.01480
29.119 -3.01480
29.159 -3.01480
29.199 -3.01480
29.239 -3.01480
29.279 -3.01480
29.319 -3.01480
29.359 -3.01480
29.400 -3.01480
29.440 -3.01480
29.480 -3.01480
29.520 -3.01480
29.560 -3.01480
29.600 -3.01480
29.640 -3.01480
29.681 -3.01480
29.721 -3.01480
29.761 -3.01480
29.801 -3.01480
29.841 -3.01480
29.881 -3.01480
29.921 -3.01480
29.962 -3.01480
30.002 -3.01480
30.042 -3.01480
30.082 -3.01480
30.122 -3.01480
30.162 -3.01480
30.202 -3.01480
30.243 -3.01480
30.283 -3.01480
30.323 -3.01480
30.363 -3.01480
30.403 -3.01480
30.443 -3.01480
30.483 -3.01480
30.524 -3.01480
30.564 -3.01480
30.604 -3.01480
30.644 -3.01480
30.684 -3.01480
30.724 -3.01480
30.764 -3.01480
30.805 -3.01480
30.845 -3.01479
30.885 -3.01479
30.925 -3.01479
30.965 -3.01479
31.005 -3.01479
31.045 -3.01479
31.085 -3.01479
31.126 -3.01479
31.166 -3.01479
31.206 -3.01479
31.246 -3.01479
31.286 -3.01479
31.326 -3.01479
31.366 -3.01479
31.407 -3.01479
31.447 -3.01479
31.487 -3.01479
31.527 -3.01479
31.567 -3.01479
31.607 -3.01479
31.647 -3.01479
31.688 -3.01479
31.728 -3.01479
31.768 -3.01479
31.808 -3.01479
31.848 -3.01479
31.928 -3.01479
32.009 -3.01479
32.049 -3.01479
32.129 -3.01479
32.209 -3.01479
32.290 -3.01479
32.330 -3.01479
32.410 -3.01479
32.450 -3.01479
32.530 -3.01479
32.611 -3.01479
32.651 -3.01479
32.731 -3.01479
32.811 -3.01479
32.851 -3.01479
32.932 -3.01479
33.012 -3.01479
33.052 -3.01479
33.132 -3.01479
33.172 -3.01479
33.213 -3.01479
33.293 -3.01479
33.333 -3.01479
33.373 -3.01479
33.413 -3.01479
33.453 -3.01479
33.493 -3.01479
33.534 -3.01479
33.574 -3.01479
33.614 -3.01479
33.654 -3.01479
33.694 -3.01479
33.734 -3.01479
33.775 -3.01479
33.815 -3.01479
33.855 -3.01479
33.895 -3.01479
33.935 -3.01479
33.975 -3.01479
34.015 -3.01479
34.055 -3.01479
34.096 -3.01479
34.136 -3.01479
34.176 -3.01479
34.216 -3.01479
34.256 -3.01479
34.337 -3.01479
34.377 -3.01479
34.417 -3.01479
34.457 -3.01479
34.497 -3.01479
34.537 -3.01479
34.577 -3.01479
34.618 -3.01479
34.658 -3.01479
34.698 -3.01479
34.738 -3.01479
34.778 -3.01479
34.818 -3.01479
34.858 -3.01479
34.898 -3.01479
34.939 -3.01479
34.979 -3.01479
35.019 -3.01479
35.059 -3.01479
35.099 -3.01479
35.139 -3.01479
35.180 -3.01479
35.220 -3.01479
35.260 -3.01479
35.300 -3.01479
35.340 -3.01479
35.380 -3.01479
35.420 -3.01479
35.461 -3.01479
35.501 -3.01479
35.541 -3.01479
35.581 -3.01479
35.621 -3.01479
35.661 -3.01479
35.701 -3.01479
35.742 -3.01479
35.782 -3.01479
35.822 -3.01479
35.862 -3.01479
35.902 -3.01479
35.942 -3.01479
35.982 -3.01479
36.022 -3.01479
36.063 -3.01479
36.103 -3.01479
36.143 -3.01479
36.183 -3.01479
36.223 -3.01479
36.263 -3.01479
36.304 -3.01479
36.344 -3.01479
36.384 -3.01479
36.424 -3.01479
36.464 -3.01479
36.504 -3.01479
36.544 -3.01479
36.585 -3.01479
36.625 -3.01479
36.665 -3.01479
36.705 -3.01479
36.745 -3.01479
36.785 -3.01479
36.825 -3.01480
36.865 -3.01480
36.906 -3.01480
36.946 -3.01480
36.986 -3.01480
37.026 -3.01480
37.066 -3.01480
37.106 -3.01480
37.147 -3.01480
37.187 -3.01480
37.227 -3.01480
37.267 -3.01480
37.307 -3.01480
37.347 -3.01480
37.387 -3.01480
37.428 -3.01480
37.468 -3.01480
37.508 -3.01480
37.548 -3.01480
37.588 -3.01480
37.628 -3.01480
37.668 -3.01480
37.709 -3.01480
37.749 -3.01480
37.789 -3.01480
37.829 -3.01480
37.869 -3.01480
37.909 -3.01480
37.949 -3.01480
37.989 -3.01480
38.030 -3.01480
38.070 -3.01480
38.110 -3.01480
38.150 -3.01480
38.190 -3.01480
38.230 -3.01480
38.270 -3.01480
38.310 -3.01480
38.351 -3.01480
38.391 -3.01480
38.431 -3.01480
38.471 -3.01480
38.511 -3.01480
38.551 -3.01480
38.592 -3.01480
38.632 -3.01480
38.672 -3.01479
38.712 -3.01479
38.752 -3.01479
38.792 -3.01479
38.832 -3.01480
38.873 -3.01480
38.913 -3.01480
38.953 -3.01480
38.993 -3.01480
