1.581 1.24328
1.621 1.24332
1.661 1.24347
1.701 1.24373
1.741 1.24408
1.781 1.24452
1.821 1.24505
1.862 1.24565
1.902 1.24710
1.942 1.24794
2.022 1.24984
2.102 1.25206
2.143 1.25334
2.223 1.25645
2.303 1.26015
2.343 1.26219
2.424 1.26675
2.504 1.27192
2.584 1.27471
2.625 1.28049
2.705 1.28640
2.745 1.28948
2.825 1.29591
2.905 1.30250
2.946 1.30587
3.026 1.31291
3.066 1.31658
3.106 1.32040
3.146 1.32436
3.227 1.33257
3.307 1.33524
3.347 1.34420
3.427 1.35505
3.468 1.36019
3.508 1.36530
3.548 1.37061
3.588 1.37603
3.628 1.38164
3.668 1.38745
3.708 1.39344
3.748 1.39950
3.789 1.40563
3.829 1.41185
3.869 1.41806
3.909 1.42425
3.949 1.43039
3.989 1.43654
4.029 1.44267
4.070 1.44884
4.110 1.45509
4.150 1.46148
4.190 1.46809
4.230 1.47489
4.270 1.48192
4.311 1.48915
4.351 1.49661
4.391 1.50427
4.431 1.51208
4.471 1.52004
4.511 1.52808
4.552 1.53620
4.592 1.54436
4.632 1.55252
4.672 1.56067
4.712 1.56886
4.752 1.57709
4.792 1.58537
4.832 -171.89627
4.873 -171.88777
4.913 -171.87915
4.953 -171.87039
4.993 -171.86148
5.033 -171.85243
5.073 -171.84325
5.113 -171.83397
5.154 -171.82460
5.194 -171.81516
5.234 -171.80563
5.274 -171.79605
5.314 -171.78641
5.354 -171.77663
5.395 -171.76672
5.435 -171.75667
5.475 -171.74646
5.515 -171.73607
5.555 -171.72548
5.595 -171.71474
5.635 -171.70387
5.676 -171.69290
5.716 -171.68185
5.756 -171.67073
5.796 -171.65953
5.836 -171.64824
5.876 -171.63686
5.916 -171.62541
5.957 -171.61389
5.997 -171.60229
6.037 -171.59062
6.077 -171.57886
6.117 -171.56697
6.157 -171.55495
6.198 -171.54277
6.238 -171.53050
6.278 -171.51813
6.318 -171.50566
6.358 -171.49312
6.398 -171.48048
6.438 -171.46780
6.479 -171.45505
6.519 -171.44221
6.559 -171.42931
6.599 -171.41624
6.639 -171.40295
6.679 -171.38950
6.720 -171.37590
6.760 -171.36224
6.800 -171.34848
6.840 -171.94958
6.880 -171.93546
6.920 -171.92122
6.960 -171.90691
7.000 -171.89249
7.041 -171.87796
7.081 -171.86324
7.121 -171.84834
7.161 -171.83325
7.201 -171.81796
7.241 -171.80241
7.282 -171.78664
7.322 -171.77069
7.362 -171.75459
7.402 -171.73833
7.442 -171.72186
7.482 -171.70523
7.522 -171.68846
7.563 -171.67157
7.603 -171.65454
7.643 -171.63744
7.683 -171.62027
7.723 -171.60309
7.763 -171.58594
7.803 -171.56874
7.844 -171.55148
7.884 -171.53421
7.924 -171.51694
7.964 -171.49969
8.004 -171.48242
8.044 -171.46506
8.084 -171.44760
8.125 -171.43008
8.165 -171.41252
8.205 -171.39491
8.245 -171.37723
8.285 -171.35945
8.325 -171.34164
8.365 -171.32376
8.406 -171.30579
8.446 -171.28767
8.486 -171.26941
8.526 -171.25101
8.566 -171.23247
8.606 -171.21379
8.646 -171.19498
8.687 -171.17599
8.727 -171.15689
8.767 -171.13766
8.807 -171.11835
8.847 -171.85109
8.887 -171.83165
8.927 -171.81213
8.967 -171.79257
9.008 -171.77292
9.048 -171.73331
9.128 -171.69321
9.208 -171.65236
9.289 -171.63161
9.329 -171.58969
9.409 -171.54720
9.449 -171.52576
9.529 -171.48270
9.610 -171.43947
9.650 -171.41785
9.730 -171.37439
9.810 -171.33081
9.851 -171.30896
9.931 -171.26489
10.011 -171.22023
10.051 -171.19768
10.131 -171.15210
10.212 -171.10612
10.292 -171.08298
10.332 -171.03635
10.372 -171.01289
10.413 -170.98929
10.453 -170.96559
10.493 -170.94180
10.533 -170.91788
10.573 -170.89383
10.613 -170.86961
10.654 -170.84532
10.694 -170.82095
10.734 -170.79649
10.774 -170.77190
10.814 -171.80632
10.854 -171.78156
10.894 -171.75667
10.935 -171.73161
10.975 -171.70644
11.015 -171.68115
11.055 -171.65578
11.095 -171.63028
11.135 -171.60469
11.175 -171.57903
11.216 -171.55330
11.256 -171.52750
11.336 -171.47540
11.376 -171.44917
11.416 -171.42278
11.456 -171.39616
11.497 -171.36938
11.537 -171.34241
11.577 -171.31531
11.617 -171.28806
11.657 -171.26068
11.697 -171.23322
11.737 -171.20567
11.777 -171.17804
11.817 -171.15028
11.858 -171.12242
11.898 -171.09448
11.938 -171.06647
11.978 -171.03838
12.018 -171.01021
12.058 -170.98195
12.098 -170.95363
12.138 -170.92519
12.179 -170.89665
12.219 -170.86804
12.259 -170.83934
12.299 -170.81052
12.339 -170.78156
12.380 -170.75246
12.420 -170.72319
12.460 -170.69380
12.500 -170.66425
12.540 -170.63454
12.580 -170.60466
12.620 -170.57465
12.661 -170.54449
12.701 -170.51422
12.741 -170.48386
12.781 -170.45337
12.821 -171.75983
12.861 -171.72920
12.901 -171.69850
12.941 -171.66774
12.982 -171.63693
13.022 -171.60605
13.062 -171.57509
13.102 -171.54407
13.142 -171.51291
13.182 -171.48166
13.222 -171.45029
13.263 -171.41879
13.303 -171.38718
13.343 -171.35542
13.383 -171.32353
13.423 -171.29150
13.463 -171.25937
13.503 -171.22714
13.544 -171.19479
13.584 -171.16237
13.624 -171.12985
13.664 -171.09731
13.704 -171.06465
13.744 -171.03191
13.784 -170.99904
13.824 -170.96608
13.865 -170.93303
13.905 -170.89989
13.945 -170.86668
13.985 -170.83339
14.025 -170.80008
14.065 -170.76672
14.105 -170.73331
14.145 -170.69987
14.186 -170.66635
14.226 -170.63274
14.266 -170.59898
14.306 -170.56511
14.346 -170.53108
14.386 -170.49686
14.426 -170.46249
14.467 -170.42795
14.507 -170.39325
14.547 -170.35837
14.587 -170.32332
14.627 -170.28809
14.667 -170.25269
14.707 -170.21710
14.748 -170.18135
14.788 -170.14540
14.828 -171.84492
14.868 -171.80875
14.908 -171.77252
14.948 -171.73622
14.989 -171.69989
15.029 -171.66353
15.069 -171.62712
15.109 -171.59062
15.149 -171.55405
15.189 -171.51740
15.229 -171.48071
15.270 -171.44403
15.310 -171.40729
15.350 -171.37047
15.390 -171.33357
15.430 -171.29659
15.470 -171.25955
15.511 -171.22241
15.551 -171.18513
15.591 -171.14769
15.631 -171.11011
15.671 -171.07237
15.711 -171.03448
15.751 -170.99641
15.791 -170.95818
15.832 -170.91977
15.872 -170.88121
15.912 -170.84253
15.952 -170.80374
15.992 -170.76488
16.032 -170.72594
16.072 -170.68695
16.113 -170.64792
16.153 -170.60883
16.193 -170.56964
16.233 -170.53036
16.273 -170.49095
16.313 -170.45140
16.353 -170.41170
16.394 -170.37181
16.434 -170.33177
16.474 -170.29158
16.514 -170.25122
16.554 -170.21071
16.594 -170.17004
16.634 -170.12927
16.675 -170.08846
16.715 -170.04753
16.755 -170.00655
16.795 -169.96550
16.835 -171.45091
16.875 -171.40977
16.916 -171.36853
16.956 -171.32719
16.996 -171.28578
17.036 -171.24425
17.076 -171.20258
17.116 -171.16075
17.157 -171.11880
17.197 -171.07674
17.237 -171.03455
17.277 -170.99223
17.317 -170.94980
17.357 -170.90726
17.398 -170.86462
17.438 -170.82193
17.478 -170.77917
17.518 -170.73636
17.558 -170.69348
17.598 -170.65048
17.638 -170.60738
17.679 -170.56419
17.719 -170.52094
17.759 -170.47758
17.799 -170.43414
17.839 -170.39056
17.879 -170.34683
17.919 -170.30296
17.960 -170.25893
18.000 -170.21474
18.040 -170.17039
18.080 -170.12590
18.120 -170.08127
18.160 -170.03648
18.200 -169.99155
18.241 -169.94646
18.281 -169.90123
18.321 -169.85591
18.361 -169.81052
18.401 -169.76506
18.441 -169.71956
18.481 -169.67401
18.522 -169.62839
18.562 -169.58272
18.602 -169.53696
18.642 -169.49107
18.682 -169.44511
18.722 -169.39905
18.762 -169.35289
18.803 -169.30664
18.843 -171.81265
18.883 -171.76617
18.923 -171.71957
18.963 -171.67285
19.003 -171.62601
19.043 -171.57906
19.084 -171.53197
19.124 -171.48482
19.164 -171.43756
19.204 -171.39021
19.244 -171.34282
19.284 -171.29536
19.324 -171.24789
19.364 -171.20036
19.405 -171.15273
19.445 -171.10498
19.485 -171.05711
19.525 -171.00912
19.565 -170.96097
19.605 -170.91261
19.645 -170.86412
19.685 -170.81554
19.726 -170.76685
19.766 -170.71805
19.806 -170.66913
19.846 -170.62015
19.886 -170.57117
19.926 -170.52211
19.966 -170.47299
20.006 -170.42378
20.047 -170.37450
20.087 -170.32509
20.127 -170.27550
20.167 -170.22572
20.207 -170.17575
20.247 -170.12561
20.288 -170.07530
20.328 -170.02484
20.368 -169.97421
20.408 -169.87256
20.448 -169.82161
20.528 -169.71953
20.609 -169.61719
20.649 -169.56592
20.729 -169.46310
20.809 -171.87990
20.849 -171.82806
20.930 -171.72385
21.010 -171.61899
21.050 -171.56638
21.130 -171.46078
21.211 -171.35480
21.291 -171.30167
21.331 -171.19518
21.411 -171.08842
21.452 -171.03496
21.532 -170.92776
21.612 -170.82010
21.652 -170.76610
21.692 -170.71194
21.732 -170.65764
21.773 -170.60318
21.813 -170.54858
21.853 -170.49387
21.893 -170.43903
21.933 -170.38408
21.974 -170.32909
22.014 -170.27402
22.054 -170.21883
22.094 -170.16354
22.134 -170.10814
22.175 -170.05261
22.215 -169.99701
22.255 -169.94122
22.335 -169.82928
22.375 -169.77313
22.415 -169.71686
22.456 -169.66048
22.496 -169.60396
22.536 -169.54733
22.576 -169.49062
22.616 -169.43373
22.656 -169.37675
22.696 -169.31970
22.736 -169.26257
22.777 -169.20535
22.817 -171.95952
22.857 -171.90218
22.897 -171.84477
22.937 -171.78725
22.977 -171.72960
23.017 -171.67183
23.058 -171.61394
23.098 -171.55589
23.138 -171.49771
23.178 -171.43945
23.218 -171.38110
23.258 -171.32266
23.298 -171.26416
23.339 -171.20563
23.379 -171.14696
23.419 -171.08818
23.459 -171.02934
23.499 -170.97034
23.539 -170.91122
23.579 -170.85196
23.620 -170.79253
23.660 -170.73303
23.700 -170.67340
23.740 -170.61362
23.780 -170.55374
23.820 -170.49373
23.860 -170.43362
23.900 -170.37341
23.941 -170.31311
23.981 -170.25272
24.021 -170.19229
24.061 -170.13179
24.101 -170.07120
24.141 -170.01048
24.181 -169.94963
24.221 -169.88861
24.262 -169.82741
24.302 -169.76602
24.342 -169.70448
24.382 -169.64282
24.422 -169.58099
24.462 -169.51901
24.502 -169.45689
24.542 -169.39467
24.583 -169.33240
24.623 -169.27005
24.663 -169.20767
24.703 -169.14525
24.743 -169.08279
24.783 -169.02029
24.823 -171.75266
24.863 -171.68999
24.904 -171.62720
24.944 -171.56427
24.984 -171.50117
25.024 -171.43796
25.064 -171.37462
25.104 -171.31120
25.144 -171.24771
25.185 -171.18413
25.225 -171.12050
25.265 -171.05678
25.305 -170.99297
25.345 -170.92903
25.385 -170.86497
25.425 -170.80077
25.465 -170.73642
25.506 -170.67191
25.546 -170.60724
25.586 -170.54240
25.626 -170.47740
25.666 -170.41231
25.706 -170.34712
25.747 -170.28188
25.787 -170.21654
25.827 -170.15112
25.867 -170.08559
25.907 -170.01993
25.947 -169.95413
25.987 -169.88820
26.027 -169.82214
26.068 -169.75595
26.108 -169.68964
26.148 -169.62315
26.188 -169.55653
26.228 -169.48976
26.268 -169.42291
26.308 -169.35597
26.349 -169.28896
26.389 -169.22189
26.429 -169.15477
26.469 -169.08759
26.509 -169.02036
26.549 -168.95306
26.589 -168.88571
26.630 -168.81827
26.670 -168.75076
26.710 -168.68318
26.750 -168.61554
26.790 -168.54784
26.830 -171.84351
26.870 -171.77562
26.911 -171.70761
26.951 -171.63948
26.991 -171.57123
27.031 -171.50279
27.071 -171.43422
27.111 -171.36555
27.152 -171.29675
27.192 -171.22784
27.232 -171.15875
27.272 -171.08949
27.312 -171.02008
27.352 -170.95055
27.392 -170.88089
27.433 -170.81110
27.473 -170.74115
27.513 -170.67110
27.553 -170.60088
27.593 -170.53050
27.633 -170.46001
27.674 -170.38945
27.714 -170.31889
27.754 -170.24828
27.794 -170.17761
27.834 -170.10681
27.874 -170.03583
27.914 -169.96466
27.954 -169.89333
27.995 -169.82181
28.035 -169.75008
28.075 -169.67815
28.115 -169.60608
28.155 -169.53386
28.195 -169.46152
28.235 -169.38908
28.276 -169.31660
28.316 -169.24413
28.356 -169.17159
28.396 -169.09900
28.436 -169.02629
28.476 -168.95345
28.516 -168.88045
28.557 -168.80734
28.597 -168.73413
28.637 -168.66083
28.677 -168.58743
28.717 -168.51398
28.757 -168.44049
28.797 -168.36703
28.838 -171.88158
28.878 -171.80809
28.918 -171.73454
28.958 -171.66098
28.998 -171.58734
29.038 -171.51355
29.078 -171.43959
29.119 -171.36543
29.159 -171.29111
29.199 -171.21657
29.239 -171.14182
29.279 -171.06682
29.319 -170.99165
29.359 -170.91632
29.400 -170.84085
29.440 -170.76527
29.480 -170.68961
29.520 -170.61392
29.560 -170.53818
29.600 -170.46236
29.640 -170.38649
29.681 -170.31056
29.721 -170.23454
29.761 -170.15848
29.801 -170.08228
29.841 -170.00592
29.881 -169.92940
29.921 -169.85275
29.962 -169.77602
30.002 -169.69919
30.042 -169.62225
30.082 -169.54524
30.122 -169.46814
30.162 -169.39099
30.202 -169.31378
30.243 -169.23650
30.283 -169.15918
30.323 -169.08185
30.363 -169.00452
30.403 -168.92715
30.443 -168.84967
30.483 -168.77203
30.524 -168.69426
30.564 -168.61629
30.604 -168.53815
30.644 -168.45979
30.684 -168.38121
30.724 -168.30237
30.764 -168.22330
30.805 -168.14406
30.845 -171.79454
30.885 -171.71512
30.925 -171.63564
30.965 -171.55612
31.005 -171.47656
31.045 -171.39691
31.086 -171.31725
31.126 -171.23753
31.166 -171.15773
31.206 -171.07785
31.246 -170.99791
31.286 -170.91806
31.326 -170.83827
31.366 -170.75845
31.407 -170.67857
31.447 -170.59862
31.487 -170.51854
31.527 -170.43829
31.567 -170.35785
31.607 -170.27728
31.647 -170.19661
31.688 -170.11580
31.728 -170.03479
31.768 -169.95360
31.808 -169.87230
31.848 -169.70941
31.928 -169.54601
32.009 -169.38200
32.049 -169.29973
32.129 -169.13451
32.209 -168.96840
32.290 -168.88515
32.330 -168.71814
32.410 -168.55049
32.450 -168.46661
32.530 -168.29860
32.611 -168.13013
32.651 -168.04582
32.731 -167.87677
32.811 -171.81059
32.851 -171.72594
32.932 -171.55673
33.012 -171.38757
33.052 -171.30295
33.132 -171.13341
33.172 -171.04854
33.213 -170.96358
33.293 -170.87852
33.333 -170.70790
33.373 -170.62233
33.413 -170.53665
33.453 -170.45082
33.493 -170.36487
33.534 -170.27873
33.574 -170.19243
33.614 -170.10602
33.654 -170.01945
33.694 -169.93265
33.734 -169.84557
33.775 -169.75827
33.815 -169.67082
33.855 -169.58327
33.895 -169.49554
33.935 -169.40764
33.975 -169.31958
34.015 -169.23143
34.055 -169.14320
34.096 -169.05490
34.136 -168.96652
34.176 -168.87810
34.216 -168.78963
34.256 -168.70110
34.337 -168.52380
34.377 -168.43500
34.417 -168.34610
34.457 -168.25717
34.497 -168.16817
34.537 -168.07907
34.577 -167.98988
34.618 -167.90057
34.658 -167.81119
34.698 -167.72171
34.738 -167.63213
34.778 -167.54243
34.818 -171.86929
34.858 -171.77946
34.898 -171.68958
34.939 -171.59958
34.979 -171.50946
35.019 -171.41922
35.059 -171.32887
35.099 -171.23839
35.139 -171.14777
35.180 -171.05695
35.220 -170.96597
35.260 -170.87489
35.300 -170.78368
35.340 -170.69231
35.380 -170.60078
35.420 -170.50911
35.461 -170.41733
35.501 -170.32541
35.541 -170.23334
35.581 -170.14110
35.621 -170.04875
35.661 -169.95631
35.701 -169.86377
35.742 -169.77107
35.782 -169.67830
35.822 -169.58542
35.862 -169.49248
35.902 -169.39952
35.942 -169.30656
35.982 -169.21362
36.022 -169.12065
36.063 -169.02762
36.103 -168.93449
36.143 -168.84126
36.183 -168.74788
36.223 -168.65433
36.263 -168.56061
36.304 -168.46680
36.344 -168.37288
36.384 -168.27881
36.424 -168.18463
36.464 -168.09029
36.504 -167.99583
36.544 -167.90128
36.585 -167.80661
36.625 -167.71185
36.665 -167.61699
36.705 -167.52206
36.745 -167.42705
36.785 -167.33189
36.825 -171.65196
36.865 -171.55664
36.906 -171.46123
36.946 -171.36578
36.986 -171.27026
37.026 -171.17468
37.066 -171.07904
37.106 -170.98329
37.147 -170.88737
37.187 -170.79129
37.227 -170.69502
37.267 -170.59854
37.307 -170.50189
37.347 -170.40508
37.387 -170.30812
37.428 -170.21107
37.468 -170.11394
37.508 -170.01671
37.548 -169.91939
37.588 -169.82198
37.628 -169.72452
37.668 -169.62701
37.709 -169.52946
37.749 -169.43187
37.789 -169.33421
37.829 -169.23651
37.869 -169.13872
37.909 -169.04085
37.949 -168.94284
37.989 -168.84471
38.030 -168.74646
38.070 -168.64807
38.110 -168.54956
38.150 -168.45093
38.190 -168.35219
38.230 -168.25334
38.270 -168.15436
38.310 -168.05525
38.351 -167.95602
38.391 -167.85669
38.431 -167.75723
38.471 -167.65764
38.511 -167.55792
38.551 -167.45808
38.592 -167.35811
38.632 -167.25803
38.672 -167.15781
38.712 -167.05746
38.752 -166.95702
38.792 -166.85646
38.832 -171.81613
38.873 -171.71539
38.913 -171.61456
38.953 -171.51363
38.993 -171.41260
