1.581 47.78830 -3.33451 1.24328
1.621 47.78830 -3.33451 1.24332
1.661 47.78830 -3.33451 1.24347
1.701 47.78830 -3.33451 1.24373
1.741 47.78830 -3.33451 1.24408
1.781 47.78830 -3.33451 1.24452
1.821 47.78830 -3.33451 1.24505
1.862 47.78830 -3.33451 1.24565
1.902 47.78830 -3.33451 1.24710
1.942 47.78830 -3.33451 1.24794
2.022 47.78830 -3.33451 1.24984
2.102 47.78830 -3.33451 1.25206
2.143 47.78830 -3.33451 1.25334
2.223 47.78830 -3.33451 1.25645
2.303 47.78830 -3.33451 1.26015
2.343 47.78830 -3.33451 1.26219
2.424 47.78830 -3.33451 1.26675
2.504 47.78830 -3.33451 1.27192
2.584 47.78830 -3.33451 1.27471
2.625 47.78830 -3.33451 1.28049
2.705 47.78830 -3.33451 1.28640
2.745 47.78830 -3.33451 1.28948
2.825 47.78830 -3.33451 1.29591
2.905 47.78830 -3.33451 1.30250
2.946 47.78830 -3.33451 1.30587
3.026 47.78830 -3.33451 1.31291
3.066 47.78830 -3.33451 1.31658
3.106 47.78830 -3.33451 1.32040
3.146 47.78830 -3.33451 1.32436
3.227 47.78830 -3.33451 1.33257
3.307 47.78830 -3.33451 1.33524
3.347 47.78830 -3.33451 1.34420
3.427 47.78830 -3.33451 1.35505
3.468 47.78830 -3.33451 1.36019
3.508 47.78830 -3.33451 1.36530
3.548 47.78830 -3.33451 1.37061
3.588 47.78830 -3.33451 1.37603
3.628 47.78830 -3.33451 1.38164
3.668 47.78829 -3.33452 1.38745
3.708 47.78829 -3.33452 1.39344
3.748 47.78829 -3.33452 1.39950
3.789 47.78829 -3.33452 1.40563
3.829 47.78829 -3.33452 1.41185
3.869 47.78829 -3.33452 1.41806
3.909 47.78829 -3.33452 1.42425
3.949 47.78829 -3.33452 1.43039
3.989 47.78829 -3.33452 1.43654
4.029 47.78829 -3.33452 1.44267
4.070 47.78829 -3.33452 1.44884
4.110 47.78829 -3.33452 1.45509
4.150 47.78829 -3.33452 1.46148
4.190 47.78829 -3.33452 1.46809
4.230 47.78829 -3.33452 1.47489
4.270 47.78829 -3.33452 1.48192
4.311 47.78829 -3.33452 1.48915
4.351 47.78829 -3.33452 1.49661
4.391 47.78829 -3.33452 1.50427
4.431 47.78829 -3.33452 1.51208
4.471 47.78829 -3.33452 1.52004
4.511 47.78829 -3.33452 1.52808
4.552 47.78829 -3.33452 1.53620
4.592 47.78829 -3.33452 1.54436
4.632 47.78829 -3.33452 1.55252
4.672 47.78829 -3.33452 1.56067
4.712 47.78829 -3.33452 1.56886
4.752 47.78829 -3.33452 1.57709
4.792 47.78829 -3.33452 1.58537
4.832 48.19879 -3.01481 -171.89627
4.873 48.19879 -3.01481 -171.88777
4.913 48.19879 -3.01481 -171.87915
4.953 48.19879 -3.01481 -171.87039
4.993 48.19879 -3.01481 -171.86148
5.033 48.19879 -3.01481 -171.85243
5.073 48.19879 -3.01481 -171.84325
5.113 48.19879 -3.01481 -171.83397
5.154 48.19879 -3.01481 -171.82460
5.194 48.19879 -3.01481 -171.81516
5.234 48.19879 -3.01481 -171.80563
5.274 48.19879 -3.01481 -171.79605
5.314 48.19879 -3.01481 -171.78641
5.354 48.19879 -3.01481 -171.77663
5.395 48.19879 -3.01481 -171.76672
5.435 48.19879 -3.01481 -171.75667
5.475 48.19879 -3.01481 -171.74646
5.515 48.19879 -3.01481 -171.73607
5.555 48.19879 -3.01481 -171.72548
5.595 48.19879 -3.01481 -171.71474
5.635 48.19879 -3.01481 -171.70387
5.676 48.19879 -3.01481 -171.69290
5.716 48.19879 -3.01481 -171.68185
5.756 48.19879 -3.01481 -171.67073
5.796 48.19879 -3.01481 -171.65953
5.836 48.19879 -3.01481 -171.64824
5.876 48.19879 -3.01481 -171.63686
5.916 48.19879 -3.01481 -171.62541
5.957 48.19879 -3.01481 -171.61389
5.997 48.19879 -3.01481 -171.60229
6.037 48.19879 -3.01481 -171.59062
6.077 48.19879 -3.01481 -171.57886
6.117 48.19879 -3.01481 -171.56697
6.157 48.19879 -3.01481 -171.55495
6.198 48.19879 -3.01481 -171.54277
6.238 48.19879 -3.01481 -171.53050
6.278 48.19879 -3.01481 -171.51813
6.318 48.19879 -3.01481 -171.50566
6.358 48.19879 -3.01481 -171.49312
6.398 48.19879 -3.01481 -171.48048
6.438 48.19879 -3.01481 -171.46780
6.479 48.19879 -3.01481 -171.45505
6.519 48.19879 -3.01481 -171.44221
6.559 48.19879 -3.01481 -171.42931
6.599 48.19879 -3.01481 -171.41624
6.639 48.19879 -3.01481 -171.40295
6.679 48.19879 -3.01481 -171.38950
6.720 48.19879 -3.01481 -171.37590
6.760 48.19879 -3.01481 -171.36224
6.800 48.19879 -3.01481 -171.34848
6.840 48.19879 -3.01481 -171.94958
6.880 48.19879 -3.01481 -171.93546
6.920 48.19879 -3.01481 -171.92122
6.960 48.19879 -3.01481 -171.90691
7.000 48.19879 -3.01481 -171.89249
7.041 48.19879 -3.01481 -171.87796
7.081 48.19879 -3.01481 -171.86324
7.121 48.19879 -3.01481 -171.84834
7.161 48.19879 -3.01481 -171.83325
7.201 48.19879 -3.01481 -171.81796
7.241 48.19879 -3.01481 -171.80241
7.282 48.19879 -3.01481 -171.78664
7.322 48.19879 -3.01481 -171.77069
7.362 48.19879 -3.01481 -171.75459
7.402 48.19879 -3.01481 -171.73833
7.442 48.19879 -3.01481 -171.72186
7.482 48.19879 -3.01481 -171.70523
7.522 48.19879 -3.01481 -171.68846
7.563 48.19879 -3.01481 -171.67157
7.603 48.19879 -3.01481 -171.65454
7.643 48.19879 -3.01481 -171.63744
7.683 48.19879 -3.01481 -171.62027
7.723 48.19879 -3.01481 -171.60309
7.763 48.19879 -3.01481 -171.58594
7.803 48.19879 -3.01481 -171.56874
7.844 48.19879 -3.01481 -171.55148
7.884 48.19879 -3.01481 -171.53421
7.924 48.19879 -3.01481 -171.51694
7.964 48.19879 -3.01481 -171.49969
8.004 48.19879 -3.01481 -171.48242
8.044 48.19879 -3.01481 -171.46506
8.084 48.19879 -3.01481 -171.44760
8.125 48.19879 -3.01481 -171.43008
8.165 48.19879 -3.01481 -171.41252
8.205 48.19879 -3.01481 -171.39491
8.245 48.19879 -3.01481 -171.37723
8.285 48.19879 -3.01481 -171.35945
8.325 48.19879 -3.01481 -171.34164
8.365 48.19879 -3.01481 -171.32376
8.406 48.19879 -3.01481 -171.30579
8.446 48.19879 -3.01481 -171.28767
8.486 48.19879 -3.01481 -171.26941
8.526 48.19879 -3.01481 -171.25101
8.566 48.19879 -3.01481 -171.23247
8.606 48.19879 -3.01481 -171.21379
8.646 48.19879 -3.01481 -171.19498
8.687 48.19879 -3.01481 -171.17599
8.727 48.19879 -3.01481 -171.15689
8.767 48.19879 -3.01481 -171.13766
8.807 48.19879 -3.01481 -171.11835
8.847 48.19879 -3.01480 -171.85109
8.887 48.19879 -3.01480 -171.83165
8.927 48.19879 -3.01480 -171.81213
8.967 48.19879 -3.01480 -171.79257
9.008 48.19879 -3.01480 -171.77292
9.048 48.19879 -3.01480 -171.73331
9.128 48.19879 -3.01480 -171.69321
9.208 48.19879 -3.01480 -171.65236
9.289 48.19879 -3.01480 -171.63161
9.329 48.19879 -3.01480 -171.58969
9.409 48.19879 -3.01480 -171.54720
9.449 48.19879 -3.01480 -171.52576
9.529 48.19879 -3.01480 -171.48270
9.610 48.19879 -3.01480 -171.43947
9.650 48.19879 -3.01480 -171.41785
9.730 48.19879 -3.01480 -171.37439
9.810 48.19879 -3.01480 -171.33081
9.851 48.19879 -3.01480 -171.30896
9.931 48.19879 -3.01480 -171.26489
10.011 48.19879 -3.01480 -171.22023
10.051 48.19879 -3.01480 -171.19768
10.131 48.19879 -3.01480 -171.15210
10.212 48.19879 -3.01480 -171.10612
10.292 48.19879 -3.01480 -171.08298
10.332 48.19879 -3.01480 -171.03635
10.372 48.19879 -3.01480 -171.01289
10.413 48.19879 -3.01480 -170.98929
10.453 48.19879 -3.01480 -170.96559
10.493 48.19879 -3.01480 -170.94180
10.533 48.19879 -3.01480 -170.91788
10.573 48.19880 -3.01480 -170.89383
10.613 48.19880 -3.01480 -170.86961
10.654 48.19880 -3.01480 -170.84532
10.694 48.19880 -3.01480 -170.82095
10.734 48.19880 -3.01480 -170.79649
10.774 48.19880 -3.01480 -170.77190
10.814 48.19879 -3.01480 -171.80632
10.854 48.19879 -3.01480 -171.78156
10.894 48.19879 -3.01480 -171.75667
10.935 48.19879 -3.01480 -171.73161
10.975 48.19879 -3.01480 -171.70644
11.015 48.19879 -3.01480 -171.68115
11.055 48.19879 -3.01480 -171.65578
11.095 48.19879 -3.01480 -171.63028
11.135 48.19879 -3.01480 -171.60469
11.175 48.19879 -3.01480 -171.57903
11.216 48.19879 -3.01480 -171.55330
11.256 48.19879 -3.01480 -171.52750
11.336 48.19879 -3.01480 -171.47540
11.376 48.19879 -3.01480 -171.44917
11.416 48.19879 -3.01480 -171.42278
11.456 48.19879 -3.01480 -171.39616
11.497 48.19879 -3.01480 -171.36938
11.537 48.19879 -3.01480 -171.34241
11.577 48.19879 -3.01480 -171.31531
11.617 48.19879 -3.01480 -171.28806
11.657 48.19879 -3.01480 -171.26068
11.697 48.19879 -3.01480 -171.23322
11.737 48.19879 -3.01480 -171.20567
11.777 48.19879 -3.01480 -171.17804
11.817 48.19879 -3.01480 -171.15028
11.858 48.19879 -3.01480 -171.12242
11.898 48.19879 -3.01480 -171.09448
11.938 48.19879 -3.01480 -171.06647
11.978 48.19879 -3.01480 -171.03838
12.018 48.19879 -3.01480 -171.01021
12.058 48.19879 -3.01480 -170.98195
12.098 48.19879 -3.01480 -170.95363
12.138 48.19879 -3.01480 -170.92519
12.179 48.19880 -3.01480 -170.89665
12.219 48.19880 -3.01480 -170.86804
12.259 48.19880 -3.01480 -170.83934
12.299 48.19880 -3.01480 -170.81052
12.339 48.19880 -3.01480 -170.78156
12.380 48.19880 -3.01480 -170.75246
12.420 48.19880 -3.01480 -170.72319
12.460 48.19880 -3.01480 -170.69380
12.500 48.19880 -3.01480 -170.66425
12.540 48.19880 -3.01480 -170.63454
12.580 48.19880 -3.01480 -170.60466
12.620 48.19880 -3.01480 -170.57465
12.661 48.19880 -3.01480 -170.54449
12.701 48.19880 -3.01480 -170.51422
12.741 48.19880 -3.01480 -170.48386
12.781 48.19880 -3.01480 -170.45337
12.821 48.19879 -3.01480 -171.75983
12.861 48.19879 -3.01480 -171.72920
12.901 48.19879 -3.01480 -171.69850
12.941 48.19879 -3.01480 -171.66774
12.982 48.19879 -3.01480 -171.63693
13.022 48.19879 -3.01480 -171.60605
13.062 48.19879 -3.01480 -171.57509
13.102 48.19879 -3.01480 -171.54407
13.142 48.19879 -3.01480 -171.51291
13.182 48.19879 -3.01480 -171.48166
13.222 48.19879 -3.01480 -171.45029
13.263 48.19879 -3.01480 -171.41879
13.303 48.19879 -3.01480 -171.38718
13.343 48.19879 -3.01480 -171.35542
13.383 48.19879 -3.01480 -171.32353
13.423 48.19879 -3.01480 -171.29150
13.463 48.19879 -3.01480 -171.25937
13.503 48.19879 -3.01480 -171.22714
13.544 48.19879 -3.01480 -171.19479
13.584 48.19879 -3.01480 -171.16237
13.624 48.19879 -3.01480 -171.12985
13.664 48.19879 -3.01480 -171.09731
13.704 48.19879 -3.01480 -171.06465
13.744 48.19879 -3.01480 -171.03191
13.784 48.19879 -3.01480 -170.99904
13.824 48.19880 -3.01480 -170.96608
13.865 48.19880 -3.01480 -170.93303
13.905 48.19880 -3.01480 -170.89989
13.945 48.19880 -3.01480 -170.86668
13.985 48.19880 -3.01480 -170.83339
14.025 48.19880 -3.01480 -170.80008
14.065 48.19880 -3.01480 -170.76672
14.105 48.19880 -3.01480 -170.73331
14.145 48.19880 -3.01480 -170.69987
14.186 48.19880 -3.01480 -170.66635
14.226 48.19880 -3.01480 -170.63274
14.266 48.19880 -3.01480 -170.59898
14.306 48.19880 -3.01480 -170.56511
14.346 48.19880 -3.01480 -170.53108
14.386 48.19880 -3.01480 -170.49686
14.426 48.19880 -3.01480 -170.46249
14.467 48.19880 -3.01480 -170.42795
14.507 48.19880 -3.01480 -170.39325
14.547 48.19880 -3.01480 -170.35837
14.587 48.19880 -3.01480 -170.32332
14.627 48.19880 -3.01480 -170.28809
14.667 48.19880 -3.01480 -170.25269
14.707 48.19880 -3.01480 -170.21710
14.748 48.19880 -3.01480 -170.18135
14.788 48.19880 -3.01480 -170.14540
14.828 48.19879 -3.01480 -171.84492
14.868 48.19879 -3.01480 -171.80875
14.908 48.19879 -3.01480 -171.77252
14.948 48.19879 -3.01480 -171.73622
14.989 48.19879 -3.01480 -171.69989
15.029 48.19879 -3.01480 -171.66353
15.069 48.19879 -3.01480 -171.62712
15.109 48.19879 -3.01480 -171.59062
15.149 48.19879 -3.01480 -171.55405
15.189 48.19879 -3.01480 -171.51740
15.229 48.19879 -3.01480 -171.48071
15.270 48.19879 -3.01480 -171.44403
15.310 48.19879 -3.01480 -171.40729
15.350 48.19879 -3.01480 -171.37047
15.390 48.19879 -3.01480 -171.33357
15.430 48.19879 -3.01480 -171.29659
15.470 48.19879 -3.01480 -171.25955
15.511 48.19879 -3.01480 -171.22241
15.551 48.19879 -3.01480 -171.18513
15.591 48.19879 -3.01480 -171.14769
15.631 48.19879 -3.01480 -171.11011
15.671 48.19880 -3.01480 -171.07237
15.711 48.19880 -3.01480 -171.03448
15.751 48.19880 -3.01480 -170.99641
15.791 48.19880 -3.01480 -170.95818
15.832 48.19880 -3.01480 -170.91977
15.872 48.19880 -3.01480 -170.88121
15.912 48.19880 -3.01480 -170.84253
15.952 48.19880 -3.01480 -170.80374
15.992 48.19880 -3.01480 -170.76488
16.032 48.19880 -3.01480 -170.72594
16.072 48.19880 -3.01480 -170.68695
16.113 48.19880 -3.01480 -170.64792
16.153 48.19880 -3.01480 -170.60883
16.193 48.19880 -3.01480 -170.56964
16.233 48.19880 -3.01480 -170.53036
16.273 48.19880 -3.01480 -170.49095
16.313 48.19880 -3.01480 -170.45140
16.353 48.19880 -3.01480 -170.41170
16.394 48.19880 -3.01480 -170.37181
16.434 48.19880 -3.01480 -170.33177
16.474 48.19880 -3.01480 -170.29158
16.514 48.19880 -3.01480 -170.25122
16.554 48.19880 -3.01480 -170.21071
16.594 48.19880 -3.01480 -170.17004
16.634 48.19880 -3.01480 -170.12927
16.675 48.19880 -3.01480 -170.08846
16.715 48.19880 -3.01480 -170.04753
16.755 48.19880 -3.01480 -170.00655
16.795 48.19880 -3.01480 -169.96550
16.835 48.19879 -3.01479 -171.45091
16.875 48.19879 -3.01479 -171.40977
16.916 48.19879 -3.01479 -171.36853
16.956 48.19879 -3.01479 -171.32719
16.996 48.19879 -3.01479 -171.28578
17.036 48.19879 -3.01479 -171.24425
17.076 48.19879 -3.01479 -171.20258
17.116 48.19879 -3.01479 -171.16075
17.157 48.19879 -3.01479 -171.11880
17.197 48.19879 -3.01479 -171.07674
17.237 48.19879 -3.01479 -171.03455
17.277 48.19879 -3.01479 -170.99223
17.317 48.19879 -3.01479 -170.94980
17.357 48.19879 -3.01479 -170.90726
17.398 48.19879 -3.01479 -170.86462
17.438 48.19879 -3.01479 -170.82193
17.478 48.19880 -3.01479 -170.77917
17.518 48.19880 -3.01479 -170.73636
17.558 48.19880 -3.01479 -170.69348
17.598 48.19880 -3.01479 -170.65048
17.638 48.19880 -3.01479 -170.60738
17.679 48.19880 -3.01479 -170.56419
17.719 48.19880 -3.01479 -170.52094
17.759 48.19880 -3.01479 -170.47758
17.799 48.19880 -3.01479 -170.43414
17.839 48.19880 -3.01479 -170.39056
17.879 48.19880 -3.01479 -170.34683
17.919 48.19880 -3.01479 -170.30296
17.960 48.19880 -3.01479 -170.25893
18.000 48.19880 -3.01479 -170.21474
18.040 48.19880 -3.01479 -170.17039
18.080 48.19880 -3.01479 -170.12590
18.120 48.19880 -3.01479 -170.08127
18.160 48.19880 -3.01479 -170.03648
18.200 48.19880 -3.01479 -169.99155
18.241 48.19880 -3.01479 -169.94646
18.281 48.19880 -3.01479 -169.90123
18.321 48.19880 -3.01479 -169.85591
18.361 48.19880 -3.01479 -169.81052
18.401 48.19880 -3.01479 -169.76506
18.441 48.19880 -3.01479 -169.71956
18.481 48.19880 -3.01479 -169.67401
18.522 48.19880 -3.01479 -169.62839
18.562 48.19880 -3.01479 -169.58272
18.602 48.19880 -3.01479 -169.53696
18.642 48.19880 -3.01479 -169.49107
18.682 48.19880 -3.01479 -169.44511
18.722 48.19880 -3.01479 -169.39905
18.762 48.19880 -3.01479 -169.35289
18.803 48.19880 -3.01479 -169.30664
18.843 48.19879 -3.01479 -171.81265
18.883 48.19879 -3.01479 -171.76617
18.923 48.19879 -3.01479 -171.71957
18.963 48.19879 -3.01479 -171.67285
19.003 48.19879 -3.01479 -171.62601
19.043 48.19879 -3.01479 -171.57906
19.084 48.19879 -3.01479 -171.53197
19.124 48.19879 -3.01479 -171.48482
19.164 48.19879 -3.01479 -171.43756
19.204 48.19879 -3.01479 -171.39021
19.244 48.19879 -3.01479 -171.34282
19.284 48.19879 -3.01479 -171.29536
19.324 48.19879 -3.01479 -171.24789
19.364 48.19879 -3.01479 -171.20036
19.405 48.19879 -3.01479 -171.15273
19.445 48.19880 -3.01479 -171.10498
19.485 48.19880 -3.01479 -171.05711
19.525 48.19880 -3.01479 -171.00912
19.565 48.19880 -3.01479 -170.96097
19.605 48.19880 -3.01479 -170.91261
19.645 48.19880 -3.01479 -170.86412
19.685 48.19880 -3.01479 -170.81554
19.726 48.19880 -3.01479 -170.76685
19.766 48.19880 -3.01479 -170.71805
19.806 48.19880 -3.01479 -170.66913
19.846 48.19880 -3.01479 -170.62015
19.886 48.19880 -3.01479 -170.57117
19.926 48.19880 -3.01479 -170.52211
19.966 48.19880 -3.01479 -170.47299
20.006 48.19880 -3.01479 -170.42378
20.047 48.19880 -3.01479 -170.37450
20.087 48.19880 -3.01479 -170.32509
20.127 48.19880 -3.01479 -170.27550
20.167 48.19880 -3.01479 -170.22572
20.207 48.19880 -3.01479 -170.17575
20.247 48.19880 -3.01479 -170.12561
20.288 48.19880 -3.01479 -170.07530
20.328 48.19880 -3.01479 -170.02484
20.368 48.19880 -3.01479 -169.97421
20.408 48.19880 -3.01479 -169.87256
20.448 48.19880 -3.01479 -169.82161
20.528 48.19880 -3.01479 -169.71953
20.609 48.19880 -3.01479 -169.61719
20.649 48.19881 -3.01479 -169.56592
20.729 48.19881 -3.01479 -169.46310
20.809 48.19879 -3.01480 -171.87990
20.849 48.19879 -3.01480 -171.82806
20.930 48.19879 -3.01480 -171.72385
21.010 48.19879 -3.01480 -171.61899
21.050 48.19879 -3.01480 -171.56638
21.130 48.19879 -3.01480 -171.46078
21.211 48.19879 -3.01480 -171.35480
21.291 48.19879 -3.01480 -171.30167
21.331 48.19879 -3.01480 -171.19518
21.411 48.19880 -3.01480 -171.08842
21.452 48.19880 -3.01480 -171.03496
21.532 48.19880 -3.01480 -170.92776
21.612 48.19880 -3.01480 -170.82010
21.652 48.19880 -3.01480 -170.76610
21.692 48.19880 -3.01480 -170.71194
21.732 48.19880 -3.01480 -170.65764
21.773 48.19880 -3.01480 -170.60318
21.813 48.19880 -3.01480 -170.54858
21.853 48.19880 -3.01480 -170.49387
21.893 48.19880 -3.01480 -170.43903
21.933 48.19880 -3.01480 -170.38408
21.974 48.19880 -3.01480 -170.32909
22.014 48.19880 -3.01480 -170.27402
22.054 48.19880 -3.01480 -170.21883
22.094 48.19880 -3.01480 -170.16354
22.134 48.19880 -3.01480 -170.10814
22.175 48.19880 -3.01480 -170.05261
22.215 48.19880 -3.01480 -169.99701
22.255 48.19880 -3.01480 -169.94122
22.335 48.19880 -3.01480 -169.82928
22.375 48.19880 -3.01480 -169.77313
22.415 48.19880 -3.01480 -169.71686
22.456 48.19880 -3.01480 -169.66048
22.496 48.19880 -3.01480 -169.60396
22.536 48.19881 -3.01480 -169.54733
22.576 48.19881 -3.01480 -169.49062
22.616 48.19881 -3.01480 -169.43373
22.656 48.19881 -3.01480 -169.37675
22.696 48.19881 -3.01480 -169.31970
22.736 48.19881 -3.01480 -169.26257
22.777 48.19881 -3.01480 -169.20535
22.817 48.19879 -3.01480 -171.95952
22.857 48.19879 -3.01480 -171.90218
22.897 48.19879 -3.01480 -171.84477
22.937 48.19879 -3.01480 -171.78725
22.977 48.19879 -3.01480 -171.72960
23.017 48.19879 -3.01480 -171.67183
23.058 48.19879 -3.01480 -171.61394
23.098 48.19879 -3.01480 -171.55589
23.138 48.19879 -3.01480 -171.49771
23.178 48.19879 -3.01480 -171.43945
23.218 48.19879 -3.01480 -171.38110
23.258 48.19879 -3.01480 -171.32266
23.298 48.19879 -3.01480 -171.26416
23.339 48.19880 -3.01480 -171.20563
23.379 48.19880 -3.01480 -171.14696
23.419 48.19880 -3.01480 -171.08818
23.459 48.19880 -3.01480 -171.02934
23.499 48.19880 -3.01480 -170.97034
23.539 48.19880 -3.01480 -170.91122
23.579 48.19880 -3.01480 -170.85196
23.620 48.19880 -3.01480 -170.79253
23.660 48.19880 -3.01480 -170.73303
23.700 48.19880 -3.01480 -170.67340
23.740 48.19880 -3.01480 -170.61362
23.780 48.19880 -3.01480 -170.55374
23.820 48.19880 -3.01480 -170.49373
23.860 48.19880 -3.01480 -170.43362
23.900 48.19880 -3.01480 -170.37341
23.941 48.19880 -3.01480 -170.31311
23.981 48.19880 -3.01480 -170.25272
24.021 48.19880 -3.01480 -170.19229
24.061 48.19880 -3.01480 -170.13179
24.101 48.19880 -3.01480 -170.07120
24.141 48.19880 -3.01480 -170.01048
24.181 48.19880 -3.01480 -169.94963
24.221 48.19880 -3.01480 -169.88861
24.262 48.19880 -3.01480 -169.82741
24.302 48.19880 -3.01480 -169.76602
24.342 48.19880 -3.01480 -169.70448
24.382 48.19881 -3.01480 -169.64282
24.422 48.19881 -3.01480 -169.58099
24.462 48.19881 -3.01480 -169.51901
24.502 48.19881 -3.01480 -169.45689
24.542 48.19881 -3.01480 -169.39467
24.583 48.19881 -3.01480 -169.33240
24.623 48.19881 -3.01480 -169.27005
24.663 48.19881 -3.01480 -169.20767
24.703 48.19881 -3.01480 -169.14525
24.743 48.19881 -3.01480 -169.08279
24.783 48.19881 -3.01480 -169.02029
24.823 48.19879 -3.01480 -171.75266
24.863 48.19879 -3.01480 -171.68999
24.904 48.19879 -3.01480 -171.62720
24.944 48.19879 -3.01480 -171.56427
24.984 48.19879 -3.01480 -171.50117
25.024 48.19879 -3.01480 -171.43796
25.064 48.19879 -3.01480 -171.37462
25.104 48.19879 -3.01480 -171.31120
25.144 48.19879 -3.01480 -171.24771
25.185 48.19879 -3.01480 -171.18413
25.225 48.19880 -3.01480 -171.12050
25.265 48.19880 -3.01480 -171.05678
25.305 48.19880 -3.01480 -170.99297
25.345 48.19880 -3.01480 -170.92903
25.385 48.19880 -3.01480 -170.86497
25.425 48.19880 -3.01480 -170.80077
25.465 48.19880 -3.01480 -170.73642
25.506 48.19880 -3.01480 -170.67191
25.546 48.19880 -3.01480 -170.60724
25.586 48.19880 -3.01480 -170.54240
25.626 48.19880 -3.01480 -170.47740
25.666 48.19880 -3.01480 -170.41231
25.706 48.19880 -3.01480 -170.34712
25.747 48.19880 -3.01480 -170.28188
25.787 48.19880 -3.01480 -170.21654
25.827 48.19880 -3.01480 -170.15112
25.867 48.19880 -3.01480 -170.08559
25.907 48.19880 -3.01480 -170.01993
25.947 48.19880 -3.01480 -169.95413
25.987 48.19880 -3.01480 -169.88820
26.027 48.19880 -3.01480 -169.82214
26.068 48.19880 -3.01480 -169.75595
26.108 48.19880 -3.01480 -169.68964
26.148 48.19880 -3.01480 -169.62315
26.188 48.19880 -3.01480 -169.55653
26.228 48.19881 -3.01480 -169.48976
26.268 48.19881 -3.01480 -169.42291
26.308 48.19881 -3.01480 -169.35597
26.349 48.19881 -3.01480 -169.28896
26.389 48.19881 -3.01480 -169.22189
26.429 48.19881 -3.01480 -169.15477
26.469 48.19881 -3.01480 -169.08759
26.509 48.19881 -3.01480 -169.02036
26.549 48.19881 -3.01480 -168.95306
26.589 48.19881 -3.01480 -168.88571
26.630 48.19881 -3.01480 -168.81827
26.670 48.19881 -3.01480 -168.75076
26.710 48.19881 -3.01480 -168.68318
26.750 48.19881 -3.01480 -168.61554
26.790 48.19881 -3.01480 -168.54784
26.830 48.19879 -3.01480 -171.84351
26.870 48.19879 -3.01480 -171.77562
26.911 48.19879 -3.01480 -171.70761
26.951 48.19879 -3.01480 -171.63948
26.991 48.19879 -3.01480 -171.57123
27.031 48.19879 -3.01480 -171.50279
27.071 48.19879 -3.01480 -171.43422
27.111 48.19879 -3.01480 -171.36555
27.152 48.19879 -3.01480 -171.29675
27.192 48.19879 -3.01480 -171.22784
27.232 48.19879 -3.01480 -171.15875
27.272 48.19879 -3.01480 -171.08949
27.312 48.19880 -3.01480 -171.02008
27.352 48.19880 -3.01480 -170.95055
27.392 48.19880 -3.01480 -170.88089
27.433 48.19880 -3.01480 -170.81110
27.473 48.19880 -3.01480 -170.74115
27.513 48.19880 -3.01480 -170.67110
27.553 48.19880 -3.01480 -170.60088
27.593 48.19880 -3.01480 -170.53050
27.633 48.19880 -3.01480 -170.46001
27.674 48.19880 -3.01480 -170.38945
27.714 48.19880 -3.01480 -170.31889
27.754 48.19880 -3.01480 -170.24828
27.794 48.19880 -3.01480 -170.17761
27.834 48.19880 -3.01480 -170.10681
27.874 48.19880 -3.01480 -170.03583
27.914 48.19880 -3.01480 -169.96466
27.954 48.19880 -3.01480 -169.89333
27.995 48.19880 -3.01480 -169.82181
28.035 48.19880 -3.01480 -169.75008
28.075 48.19880 -3.01480 -169.67815
28.115 48.19880 -3.01480 -169.60608
28.155 48.19880 -3.01480 -169.53386
28.195 48.19880 -3.01480 -169.46152
28.235 48.19881 -3.01480 -169.38908
28.276 48.19881 -3.01480 -169.31660
28.316 48.19881 -3.01480 -169.24413
28.356 48.19881 -3.01480 -169.17159
28.396 48.19881 -3.01480 -169.09900
28.436 48.19881 -3.01480 -169.02629
28.476 48.19881 -3.01480 -168.95345
28.516 48.19881 -3.01480 -168.88045
28.557 48.19881 -3.01480 -168.80734
28.597 48.19881 -3.01480 -168.73413
28.637 48.19881 -3.01480 -168.66083
28.677 48.19881 -3.01480 -168.58743
28.717 48.19881 -3.01480 -168.51398
28.757 48.19881 -3.01480 -168.44049
28.797 48.19881 -3.01480 -168.36703
28.838 48.19879 -3.01480 -171.88158
28.878 48.19879 -3.01480 -171.80809
28.918 48.19879 -3.01480 -171.73454
28.958 48.19879 -3.01480 -171.66098
28.998 48.19879 -3.01480 -171.58734
29.038 48.19879 -3.01480 -171.51355
29.078 48.19879 -3.01480 -171.43959
29.119 48.19879 -3.01480 -171.36543
29.159 48.19879 -3.01480 -171.29111
29.199 48.19879 -3.01480 -171.21657
29.239 48.19879 -3.01480 -171.14182
29.279 48.19880 -3.01480 -171.06682
29.319 48.19880 -3.01480 -170.99165
29.359 48.19880 -3.01480 -170.91632
29.400 48.19880 -3.01480 -170.84085
29.440 48.19880 -3.01480 -170.76527
29.480 48.19880 -3.01480 -170.68961
29.520 48.19880 -3.01480 -170.61392
29.560 48.19880 -3.01480 -170.53818
29.600 48.19880 -3.01480 -170.46236
29.640 48.19880 -3.01480 -170.38649
29.681 48.19880 -3.01480 -170.31056
29.721 48.19880 -3.01480 -170.23454
29.761 48.19880 -3.01480 -170.15848
29.801 48.19880 -3.01480 -170.08228
29.841 48.19880 -3.01480 -170.00592
29.881 48.19880 -3.01480 -169.92940
29.921 48.19880 -3.01480 -169.85275
29.962 48.19880 -3.01480 -169.77602
30.002 48.19880 -3.01480 -169.69919
30.042 48.19880 -3.01480 -169.62225
30.082 48.19880 -3.01480 -169.54524
30.122 48.19880 -3.01480 -169.46814
30.162 48.19881 -3.01480 -169.39099
30.202 48.19881 -3.01480 -169.31378
30.243 48.19881 -3.01480 -169.23650
30.283 48.19881 -3.01480 -169.15918
30.323 48.19881 -3.01480 -169.08185
30.363 48.19881 -3.01480 -169.00452
30.403 48.19881 -3.01480 -168.92715
30.443 48.19881 -3.01480 -168.84967
30.483 48.19881 -3.01480 -168.77203
30.524 48.19881 -3.01480 -168.69426
30.564 48.19881 -3.01480 -168.61629
30.604 48.19881 -3.01480 -168.53815
30.644 48.19881 -3.01480 -168.45979
30.684 48.19881 -3.01480 -168.38121
30.724 48.19881 -3.01480 -168.30237
30.764 48.19881 -3.01480 -168.22330
30.805 48.19881 -3.01480 -168.14406
30.845 48.19879 -3.01479 -171.79454
30.885 48.19879 -3.01479 -171.71512
30.925 48.19879 -3.01479 -171.63564
30.965 48.19879 -3.01479 -171.55612
31.005 48.19879 -3.01479 -171.47656
31.045 48.19879 -3.01479 -171.39691
31.126 48.19879 -3.01479 -171.23753
31.166 48.19879 -3.01479 -171.15773
31.206 48.19879 -3.01479 -171.07785
31.246 48.19880 -3.01479 -170.99791
31.286 48.19880 -3.01479 -170.91806
31.326 48.19880 -3.01479 -170.83827
31.366 48.19880 -3.01479 -170.75845
31.407 48.19880 -3.01479 -170.67857
31.447 48.19880 -3.01479 -170.59862
31.487 48.19880 -3.01479 -170.51854
31.527 48.19880 -3.01479 -170.43829
31.567 48.19880 -3.01479 -170.35785
31.607 48.19880 -3.01479 -170.27728
31.647 48.19880 -3.01479 -170.19661
31.688 48.19880 -3.01479 -170.11580
31.728 48.19880 -3.01479 -170.03479
31.768 48.19880 -3.01479 -169.95360
31.808 48.19880 -3.01479 -169.87230
31.848 48.19880 -3.01479 -169.70941
31.928 48.19880 -3.01479 -169.54601
32.009 48.19880 -3.01479 -169.38200
32.049 48.19881 -3.01479 -169.29973
32.129 48.19881 -3.01479 -169.13451
32.209 48.19881 -3.01479 -168.96840
32.290 48.19881 -3.01479 -168.88515
32.330 48.19881 -3.01479 -168.71814
32.410 48.19881 -3.01479 -168.55049
32.450 48.19881 -3.01479 -168.46661
32.530 48.19881 -3.01479 -168.29860
32.611 48.19881 -3.01479 -168.13013
32.651 48.19881 -3.01479 -168.04582
32.731 48.19881 -3.01479 -167.87677
32.811 48.19879 -3.01479 -171.81059
32.851 48.19879 -3.01479 -171.72594
32.932 48.19879 -3.01479 -171.55673
33.012 48.19879 -3.01479 -171.38757
33.052 48.19879 -3.01479 -171.30295
33.132 48.19879 -3.01479 -171.13341
33.172 48.19879 -3.01479 -171.04854
33.213 48.19879 -3.01479 -170.96358
33.293 48.19880 -3.01479 -170.87852
33.333 48.19880 -3.01479 -170.70790
33.373 48.19880 -3.01479 -170.62233
33.413 48.19880 -3.01479 -170.53665
33.453 48.19880 -3.01479 -170.45082
33.493 48.19880 -3.01479 -170.36487
33.534 48.19880 -3.01479 -170.27873
33.574 48.19880 -3.01479 -170.19243
33.614 48.19880 -3.01479 -170.10602
33.654 48.19880 -3.01479 -170.01945
33.694 48.19880 -3.01479 -169.93265
33.734 48.19880 -3.01479 -169.84557
33.775 48.19880 -3.01479 -169.75827
33.815 48.19880 -3.01479 -169.67082
33.855 48.19880 -3.01479 -169.58327
33.895 48.19880 -3.01479 -169.49554
33.935 48.19880 -3.01479 -169.40764
33.975 48.19880 -3.01479 -169.31958
34.015 48.19880 -3.01479 -169.23143
34.055 48.19881 -3.01479 -169.14320
34.096 48.19881 -3.01479 -169.05490
34.136 48.19881 -3.01479 -168.96652
34.176 48.19881 -3.01479 -168.87810
34.216 48.19881 -3.01479 -168.78963
34.256 48.19881 -3.01479 -168.70110
34.337 48.19881 -3.01479 -168.52380
34.377 48.19881 -3.01479 -168.43500
34.417 48.19881 -3.01479 -168.34610
34.457 48.19881 -3.01479 -168.25717
34.497 48.19881 -3.01479 -168.16817
34.537 48.19881 -3.01479 -168.07907
34.577 48.19881 -3.01479 -167.98988
34.618 48.19881 -3.01479 -167.90057
34.658 48.19881 -3.01479 -167.81119
34.698 48.19881 -3.01479 -167.72171
34.738 48.19881 -3.01479 -167.63213
34.778 48.19881 -3.01479 -167.54243
34.818 48.19879 -3.01479 -171.86929
34.858 48.19879 -3.01479 -171.77946
34.898 48.19879 -3.01479 -171.68958
34.939 48.19879 -3.01479 -171.59958
34.979 48.19879 -3.01479 -171.50946
35.019 48.19879 -3.01479 -171.41922
35.059 48.19879 -3.01479 -171.32887
35.099 48.19879 -3.01479 -171.23839
35.139 48.19879 -3.01479 -171.14777
35.180 48.19879 -3.01479 -171.05695
35.220 48.19879 -3.01479 -170.96597
35.260 48.19879 -3.01479 -170.87489
35.300 48.19880 -3.01479 -170.78368
35.340 48.19880 -3.01479 -170.69231
35.380 48.19880 -3.01479 -170.60078
35.420 48.19880 -3.01479 -170.50911
35.461 48.19880 -3.01479 -170.41733
35.501 48.19880 -3.01479 -170.32541
35.541 48.19880 -3.01479 -170.23334
35.581 48.19880 -3.01479 -170.14110
35.621 48.19880 -3.01479 -170.04875
35.661 48.19880 -3.01479 -169.95631
35.701 48.19880 -3.01479 -169.86377
35.742 48.19880 -3.01479 -169.77107
35.782 48.19880 -3.01479 -169.67830
35.822 48.19880 -3.01479 -169.58542
35.862 48.19880 -3.01479 -169.49248
35.902 48.19880 -3.01479 -169.39952
35.942 48.19880 -3.01479 -169.30656
35.982 48.19880 -3.01479 -169.21362
36.022 48.19880 -3.01479 -169.12065
36.063 48.19881 -3.01479 -169.02762
36.103 48.19881 -3.01479 -168.93449
36.143 48.19881 -3.01479 -168.84126
36.183 48.19881 -3.01479 -168.74788
36.223 48.19881 -3.01479 -168.65433
36.263 48.19881 -3.01479 -168.56061
36.304 48.19881 -3.01479 -168.46680
36.344 48.19881 -3.01479 -168.37288
36.384 48.19881 -3.01479 -168.27881
36.424 48.19881 -3.01479 -168.18463
36.464 48.19881 -3.01479 -168.09029
36.504 48.19881 -3.01479 -167.99583
36.544 48.19881 -3.01479 -167.90128
36.585 48.19881 -3.01479 -167.80661
36.625 48.19881 -3.01479 -167.71185
36.665 48.19881 -3.01479 -167.61699
36.705 48.19881 -3.01479 -167.52206
36.745 48.19881 -3.01479 -167.42705
36.785 48.19881 -3.01479 -167.33189
36.825 48.19879 -3.01480 -171.65196
36.865 48.19879 -3.01480 -171.55664
36.906 48.19879 -3.01480 -171.46123
36.946 48.19879 -3.01480 -171.36578
36.986 48.19879 -3.01480 -171.27026
37.026 48.19879 -3.01480 -171.17468
37.066 48.19880 -3.01480 -171.07904
37.106 48.19880 -3.01480 -170.98329
37.147 48.19880 -3.01480 -170.88737
37.187 48.19880 -3.01480 -170.79129
37.227 48.19880 -3.01480 -170.69502
37.267 48.19880 -3.01480 -170.59854
37.307 48.19880 -3.01480 -170.50189
37.347 48.19880 -3.01480 -170.40508
37.387 48.19880 -3.01480 -170.30812
37.428 48.19880 -3.01480 -170.21107
37.468 48.19880 -3.01480 -170.11394
37.508 48.19880 -3.01480 -170.01671
37.548 48.19880 -3.01480 -169.91939
37.588 48.19880 -3.01480 -169.82198
37.628 48.19880 -3.01480 -169.72452
37.668 48.19880 -3.01480 -169.62701
37.709 48.19880 -3.01480 -169.52946
37.749 48.19880 -3.01480 -169.43187
37.789 48.19880 -3.01480 -169.33421
37.829 48.19881 -3.01480 -169.23651
37.869 48.19881 -3.01480 -169.13872
37.909 48.19881 -3.01480 -169.04085
37.949 48.19881 -3.01480 -168.94284
37.989 48.19881 -3.01480 -168.84471
38.030 48.19881 -3.01480 -168.74646
38.070 48.19881 -3.01480 -168.64807
38.110 48.19881 -3.01480 -168.54956
38.150 48.19881 -3.01480 -168.45093
38.190 48.19881 -3.01480 -168.35219
38.230 48.19881 -3.01480 -168.25334
38.270 48.19881 -3.01480 -168.15436
38.310 48.19881 -3.01480 -168.05525
38.351 48.19881 -3.01480 -167.95602
38.391 48.19881 -3.01480 -167.85669
38.431 48.19881 -3.01480 -167.75723
38.471 48.19881 -3.01480 -167.65764
38.511 48.19881 -3.01480 -167.55792
38.551 48.19882 -3.01480 -167.45808
38.592 48.19882 -3.01480 -167.35811
38.632 48.19882 -3.01480 -167.25803
38.672 48.19882 -3.01479 -167.15781
38.712 48.19882 -3.01479 -167.05746
38.752 48.19882 -3.01479 -166.95702
38.792 48.19882 -3.01479 -166.85646
38.832 48.19879 -3.01480 -171.81613
38.873 48.19879 -3.01480 -171.71539
38.913 48.19879 -3.01480 -171.61456
38.953 48.19879 -3.01480 -171.51363
38.993 48.19879 -3.01480 -171.41260
