0.738 172.410
1.738 172.421
2.738 172.363
3.738 172.381
4.738 172.350
5.738 172.285
6.738 172.407
7.738 172.455
8.738 172.314
9.738 172.305
10.738 172.273
11.738 172.367
12.738 172.231
13.738 172.089
14.739 172.320
15.739 172.416
16.739 171.930
17.738 172.404
18.738 172.296
19.738 172.530
20.738 172.367
21.738 172.389
23.738 172.338
24.738 172.248
25.738 172.458
26.738 172.343
27.738 172.302
28.738 172.386
29.738 172.288
30.738 172.303
31.738 172.248
32.739 172.323
33.739 172.400
34.739 172.385
35.739 172.307
36.739 172.172
37.739 172.426
38.739 172.340
