1.540 -0.08613
1.621 -0.08631
1.661 -0.08639
1.701 -0.08647
1.741 -0.08653
1.821 -0.08677
1.862 -0.08693
1.902 -0.08711
1.942 -0.08731
1.982 -0.08755
2.022 -0.08782
2.062 -0.08810
2.102 -0.08838
2.143 -0.08866
2.183 -0.08888
2.223 -0.08903
2.263 -0.08917
2.303 -0.08933
2.343 -0.08950
2.384 -0.08960
2.424 -0.08965
2.464 -0.08967
2.504 -0.08969
2.544 -0.08970
2.625 -0.08976
2.665 -0.08989
2.705 -0.09006
2.745 -0.09021
2.825 -0.09052
2.865 -0.09077
2.905 -0.09106
2.946 -0.09137
2.986 -0.09164
3.026 -0.09194
3.066 -0.09227
3.106 -0.09254
3.146 -0.09273
3.186 -0.09297
3.227 -0.09326
3.267 -0.09341
3.347 -0.09372
3.387 -0.08882
3.427 -0.08793
3.468 -0.08730
3.508 -0.08746
3.548 -0.08748
3.588 -0.08767
3.628 -0.08777
3.668 -0.08783
3.708 -0.08771
3.748 -0.08769
3.789 -0.08759
3.829 -0.08737
3.869 -0.08727
3.909 -0.08719
3.949 -0.08727
3.989 -0.08733
4.029 -0.08749
4.070 -0.08779
4.110 -0.08822
4.150 -0.08862
4.190 -0.08893
4.230 -0.08925
4.270 -0.08946
4.311 -0.08962
4.351 -0.08963
4.391 -0.08958
4.431 -0.08950
4.471 -0.08936
4.511 -0.08917
4.552 -0.08900
4.592 -0.08885
4.632 -0.08877
4.672 -0.08881
4.712 -0.08887
4.752 -0.08898
4.792 -0.08919
4.832 -0.08940
4.873 -0.08961
4.913 -0.08980
4.953 -0.08999
4.993 -0.09016
5.033 -0.09028
5.073 -0.09039
5.113 -0.09048
5.154 -0.09060
5.194 -0.09077
5.234 -0.09095
5.274 -0.09115
5.314 -0.09138
5.354 -0.09160
5.394 -0.09179
5.435 -0.09194
5.475 -0.09207
5.515 -0.09216
5.555 -0.09202
5.595 -0.09184
5.635 -0.09174
5.676 -0.09157
5.716 -0.09140
5.756 -0.09127
5.796 -0.09117
5.836 -0.09108
5.876 -0.09105
5.916 -0.09106
5.957 -0.09107
5.997 -0.09109
6.037 -0.09114
6.077 -0.09127
6.117 -0.09136
6.157 -0.09145
6.198 -0.09154
6.238 -0.09161
6.278 -0.09171
6.318 -0.09181
6.358 -0.09187
6.398 -0.09199
6.438 -0.09217
6.478 -0.09228
6.519 -0.09241
6.559 -0.09261
6.599 -0.09279
6.639 -0.09286
6.679 -0.09287
6.720 -0.09285
6.760 -0.09287
6.800 -0.09293
6.840 -0.09294
6.880 -0.09289
6.920 -0.09291
6.960 -0.09299
7.000 -0.09310
7.041 -0.09321
7.081 -0.09322
7.121 -0.09314
7.201 -0.09283
7.282 -0.09256
7.322 -0.09187
7.402 -0.09100
7.442 -0.09046
7.522 -0.08923
7.603 -0.08762
7.643 -0.08684
7.723 -0.08548
7.803 -0.08428
7.844 -0.08377
7.924 -0.08301
8.004 -0.08261
8.044 -0.08245
8.125 -0.08235
8.205 -0.08242
8.285 -0.08250
8.325 -0.08284
8.365 -0.08302
8.406 -0.08322
8.446 -0.08341
8.486 -0.08360
8.526 -0.08377
8.566 -0.08389
8.606 -0.08401
8.646 -0.08412
8.687 -0.08418
8.727 -0.08417
8.767 -0.08420
8.807 -0.08434
8.847 -0.08450
8.887 -0.08466
8.927 -0.08486
8.967 -0.08511
9.007 -0.08534
9.048 -0.08554
9.088 -0.08572
9.128 -0.08591
9.168 -0.08606
9.208 -0.08609
9.248 -0.08605
9.329 -0.08599
9.369 -0.08591
9.409 -0.08580
9.449 -0.08566
9.489 -0.08558
9.529 -0.08537
9.570 -0.08507
9.610 -0.08484
9.650 -0.08472
9.690 -0.08462
9.730 -0.08456
9.770 -0.08454
9.810 -0.08462
9.851 -0.08477
9.891 -0.08491
9.931 -0.08503
9.971 -0.08516
10.011 -0.08535
10.051 -0.08548
10.091 -0.08552
10.131 -0.08561
10.172 -0.08574
10.212 -0.08584
10.252 -0.08590
10.292 -0.08598
10.332 -0.08606
10.372 -0.08619
10.413 -0.08626
10.453 -0.08634
10.493 -0.08642
10.533 -0.08653
10.573 -0.08663
10.613 -0.08665
10.654 -0.08670
10.694 -0.08674
10.734 -0.08682
10.774 -0.08686
10.814 -0.08691
10.854 -0.08710
10.894 -0.08731
10.935 -0.08745
10.975 -0.08755
11.015 -0.08769
11.055 -0.08790
11.095 -0.08810
11.135 -0.08829
11.175 -0.08851
11.216 -0.08882
11.256 -0.08915
11.296 -0.08939
11.336 -0.08958
11.376 -0.08980
11.416 -0.08999
11.456 -0.09010
11.497 -0.09009
11.537 -0.08998
11.577 -0.08979
11.617 -0.08953
11.657 -0.08927
11.697 -0.08900
11.737 -0.08877
11.777 -0.08856
11.817 -0.08832
11.858 -0.08808
11.898 -0.08790
11.938 -0.08775
11.978 -0.08757
12.018 -0.08741
12.058 -0.08732
12.098 -0.08727
12.138 -0.08724
12.179 -0.08720
12.219 -0.08721
12.259 -0.08724
12.299 -0.08725
12.339 -0.08723
12.380 -0.08722
12.420 -0.08717
12.460 -0.08713
12.500 -0.08705
12.540 -0.08693
12.580 -0.08683
12.620 -0.08666
12.661 -0.08645
12.701 -0.08625
12.741 -0.08606
12.781 -0.08584
12.821 -0.08568
12.861 -0.08560
12.901 -0.08557
12.941 -0.08556
12.982 -0.08557
13.022 -0.08561
13.062 -0.08570
13.102 -0.08583
13.142 -0.08594
13.182 -0.08606
13.222 -0.08617
13.263 -0.08627
13.303 -0.08637
13.343 -0.08645
13.383 -0.08650
13.423 -0.08657
13.463 -0.08661
13.503 -0.08667
13.544 -0.08663
13.584 -0.08648
13.624 -0.08641
13.664 -0.08638
13.704 -0.08631
13.744 -0.08631
13.784 -0.08628
13.824 -0.08620
13.865 -0.08613
13.905 -0.08606
13.945 -0.08594
13.985 -0.08585
14.025 -0.08584
14.065 -0.08587
14.105 -0.08595
14.145 -0.08611
14.186 -0.08629
14.226 -0.08648
14.266 -0.08673
14.306 -0.08695
14.346 -0.08720
14.386 -0.08743
14.426 -0.08766
14.467 -0.08781
14.507 -0.08793
14.547 -0.08803
14.587 -0.08802
14.627 -0.08796
14.667 -0.08788
14.707 -0.08776
14.748 -0.08755
14.788 -0.08726
14.828 -0.08698
14.868 -0.08676
14.908 -0.08655
14.948 -0.08637
14.988 -0.08623
15.029 -0.08615
15.069 -0.08614
15.109 -0.08611
15.149 -0.08609
15.189 -0.08610
15.229 -0.08617
15.270 -0.08633
15.310 -0.08652
15.350 -0.08674
15.390 -0.08697
15.430 -0.08723
15.470 -0.08753
15.511 -0.08781
15.551 -0.08799
15.591 -0.08800
15.631 -0.08804
15.671 -0.08802
15.711 -0.08800
15.751 -0.08796
15.791 -0.08788
15.832 -0.08778
15.872 -0.08764
15.912 -0.08749
15.952 -0.08735
15.992 -0.08721
16.032 -0.08710
16.072 -0.08701
16.113 -0.08693
16.153 -0.08688
16.193 -0.08685
16.233 -0.08681
16.273 -0.08678
16.313 -0.08677
16.353 -0.08673
16.394 -0.08665
16.434 -0.08656
16.474 -0.08646
16.514 -0.08632
16.554 -0.08610
16.594 -0.08587
16.634 -0.08567
16.675 -0.08550
16.715 -0.08531
16.755 -0.08517
16.795 -0.08504
16.835 -0.08499
16.875 -0.08504
16.916 -0.08508
16.956 -0.08511
16.996 -0.08518
17.036 -0.08528
17.076 -0.08535
17.116 -0.08538
17.157 -0.08541
17.197 -0.08543
17.237 -0.08548
17.277 -0.08550
17.317 -0.08550
17.357 -0.08555
17.398 -0.08562
17.438 -0.08572
17.478 -0.08585
17.518 -0.08603
17.558 -0.08615
17.598 -0.08613
17.638 -0.08613
17.679 -0.08615
17.719 -0.08617
17.759 -0.08622
17.799 -0.08627
17.839 -0.08622
17.879 -0.08617
17.919 -0.08613
17.960 -0.08602
18.000 -0.08588
18.040 -0.08572
18.080 -0.08557
18.120 -0.08539
18.160 -0.08521
18.200 -0.08474
18.281 -0.08450
18.321 -0.08426
18.361 -0.08403
18.401 -0.08371
18.441 -0.08359
18.522 -0.08351
18.602 -0.08344
18.642 -0.08344
18.722 -0.08352
18.803 -0.08371
18.843 -0.08382
18.923 -0.08402
19.003 -0.08411
19.043 -0.08412
19.124 -0.08421
19.204 -0.08435
19.284 -0.08447
19.324 -0.08491
19.405 -0.08531
19.445 -0.08549
19.525 -0.08570
19.605 -0.08546
19.645 -0.08538
19.685 -0.08528
19.726 -0.08519
19.766 -0.08503
19.806 -0.08495
19.846 -0.08496
19.886 -0.08494
19.926 -0.08500
19.966 -0.08504
20.006 -0.08515
20.047 -0.08525
20.087 -0.08533
20.127 -0.08533
20.167 -0.08528
20.207 -0.08523
20.247 -0.08513
20.328 -0.08483
20.368 -0.08469
20.408 -0.08455
20.448 -0.08444
20.488 -0.08439
20.528 -0.08439
20.569 -0.08441
20.609 -0.08446
20.649 -0.08457
20.689 -0.08469
20.729 -0.08477
20.769 -0.08487
20.809 -0.08497
20.849 -0.08508
20.890 -0.08513
20.930 -0.08512
20.970 -0.08505
21.010 -0.08497
21.050 -0.08491
21.090 -0.08484
21.130 -0.08476
21.171 -0.08472
21.211 -0.08469
21.251 -0.08468
21.291 -0.08468
21.331 -0.08472
21.371 -0.08477
21.411 -0.08488
21.451 -0.08501
21.492 -0.08518
21.532 -0.08525
21.572 -0.08520
21.612 -0.08520
21.652 -0.08522
21.692 -0.08517
21.732 -0.08511
21.773 -0.08506
21.813 -0.08495
21.853 -0.08485
21.893 -0.08475
21.933 -0.08462
21.974 -0.08458
22.014 -0.08446
22.054 -0.08448
22.094 -0.08448
22.134 -0.08438
22.175 -0.08440
22.215 -0.08444
22.255 -0.08435
22.295 -0.08428
22.335 -0.08425
22.375 -0.08416
22.415 -0.08412
22.456 -0.08407
22.496 -0.08400
22.536 -0.08395
22.576 -0.08392
22.616 -0.08378
22.656 -0.08367
22.696 -0.08359
22.736 -0.08350
22.777 -0.08344
22.817 -0.08345
22.857 -0.08358
22.897 -0.08374
22.937 -0.08386
22.977 -0.08394
23.017 -0.08401
23.057 -0.08410
23.098 -0.08415
23.138 -0.08416
23.178 -0.08419
23.218 -0.08426
23.258 -0.08436
23.298 -0.08446
23.339 -0.08464
23.379 -0.08476
23.419 -0.08490
23.459 -0.08504
23.499 -0.08514
23.539 -0.08523
23.579 -0.08520
23.620 -0.08507
23.660 -0.08507
23.700 -0.08502
23.740 -0.08501
23.780 -0.08498
23.820 -0.08485
23.860 -0.08483
23.900 -0.08475
23.941 -0.08464
23.981 -0.08457
24.021 -0.08460
24.061 -0.08466
24.101 -0.08472
24.141 -0.08480
24.181 -0.08487
24.221 -0.08490
24.262 -0.08492
24.302 -0.08486
24.342 -0.08478
24.382 -0.08470
24.422 -0.08459
24.462 -0.08438
24.502 -0.08418
24.542 -0.08399
24.583 -0.08383
24.623 -0.08367
24.663 -0.08357
24.703 -0.08351
24.743 -0.08353
24.783 -0.08359
24.823 -0.08368
24.863 -0.08382
24.904 -0.08394
24.944 -0.08403
24.984 -0.08406
25.024 -0.08408
25.064 -0.08409
25.104 -0.08412
25.144 -0.08415
25.185 -0.08421
25.225 -0.08434
25.265 -0.08449
25.305 -0.08462
25.345 -0.08474
25.385 -0.08486
25.425 -0.08497
25.465 -0.08505
25.506 -0.08513
25.546 -0.08513
25.586 -0.08501
25.626 -0.08481
25.666 -0.08465
25.706 -0.08451
25.747 -0.08439
25.787 -0.08432
25.827 -0.08424
25.867 -0.08418
25.907 -0.08412
25.947 -0.08403
25.987 -0.08389
26.027 -0.08376
26.068 -0.08360
26.108 -0.08343
26.148 -0.08324
26.188 -0.08299
26.228 -0.08273
26.268 -0.08245
26.308 -0.08218
26.349 -0.08199
26.389 -0.08182
26.429 -0.08167
26.469 -0.08160
26.509 -0.08158
26.549 -0.08154
26.589 -0.08157
26.630 -0.08165
26.670 -0.08174
26.710 -0.08184
26.750 -0.08202
26.790 -0.08226
26.830 -0.08254
26.870 -0.08281
26.911 -0.08306
26.951 -0.08328
26.991 -0.08349
27.031 -0.08362
27.071 -0.08372
27.111 -0.08383
27.152 -0.08395
27.192 -0.08407
27.232 -0.08411
27.272 -0.08408
27.312 -0.08405
27.352 -0.08407
27.392 -0.08408
27.433 -0.08404
27.473 -0.08402
27.513 -0.08399
27.553 -0.08388
27.593 -0.08366
27.633 -0.08339
27.673 -0.08320
27.714 -0.08306
27.754 -0.08300
27.794 -0.08301
27.834 -0.08300
27.874 -0.08294
27.914 -0.08286
27.954 -0.08271
27.995 -0.08255
28.035 -0.08227
28.075 -0.08195
28.115 -0.08166
28.155 -0.08133
28.195 -0.08098
28.235 -0.08061
28.276 -0.08025
28.316 -0.07999
28.356 -0.07977
28.396 -0.07963
28.436 -0.07950
28.476 -0.07935
28.516 -0.07913
28.557 -0.07891
28.597 -0.07867
28.637 -0.07847
28.677 -0.07829
28.717 -0.07815
28.757 -0.07807
28.797 -0.07808
28.838 -0.07818
28.878 -0.07835
28.918 -0.07854
28.958 -0.07879
28.998 -0.07909
29.038 -0.07940
29.078 -0.07963
29.119 -0.07981
29.159 -0.07995
29.199 -0.08008
29.239 -0.08009
29.279 -0.08003
29.319 -0.07992
29.359 -0.07976
29.400 -0.07958
29.440 -0.07939
29.480 -0.07919
29.520 -0.07905
29.560 -0.07891
29.600 -0.07871
29.640 -0.07856
29.681 -0.07837
29.721 -0.07824
29.761 -0.07817
29.801 -0.07807
29.841 -0.07800
29.881 -0.07786
29.921 -0.07760
30.002 -0.07732
30.042 -0.07721
30.122 -0.07709
30.202 -0.07707
30.283 -0.07713
30.323 -0.07757
30.403 -0.07820
30.443 -0.07847
30.524 -0.07882
30.604 -0.07912
30.644 -0.07911
30.724 -0.07881
30.805 -0.07833
30.845 -0.07816
30.925 -0.07802
31.005 -0.07803
31.045 -0.07811
31.126 -0.07839
31.166 -0.07852
31.206 -0.07864
31.286 -0.07894
31.326 -0.07984
31.366 -0.08027
31.407 -0.08075
31.447 -0.08126
31.487 -0.08171
31.527 -0.08201
31.567 -0.08230
31.607 -0.08264
31.647 -0.08296
31.688 -0.08310
31.728 -0.08317
31.768 -0.08333
31.808 -0.08352
31.848 -0.08373
31.888 -0.08387
31.928 -0.08399
31.969 -0.08410
32.009 -0.08415
32.049 -0.08411
32.089 -0.08411
32.129 -0.08401
32.169 -0.08383
32.209 -0.08365
32.249 -0.08346
32.330 -0.08300
32.370 -0.08262
32.410 -0.08225
32.450 -0.08195
32.490 -0.08176
32.530 -0.08149
32.571 -0.08118
32.611 -0.08094
32.651 -0.08076
32.691 -0.08050
32.731 -0.08027
32.771 -0.08004
32.811 -0.07990
32.851 -0.07991
32.892 -0.08003
32.932 -0.08020
32.972 -0.08045
33.012 -0.08083
33.052 -0.08119
33.092 -0.08153
33.132 -0.08193
33.172 -0.08236
33.213 -0.08279
33.253 -0.08329
33.293 -0.08376
33.333 -0.08411
33.373 -0.08443
33.413 -0.08475
33.453 -0.08505
33.493 -0.08537
33.534 -0.08552
33.574 -0.08565
33.614 -0.08578
33.654 -0.08587
33.694 -0.08591
33.734 -0.08578
33.775 -0.08554
33.815 -0.08532
33.855 -0.08513
33.895 -0.08490
33.935 -0.08458
33.975 -0.08429
34.015 -0.08405
34.055 -0.08380
34.096 -0.08354
34.136 -0.08332
34.176 -0.08317
34.216 -0.08310
34.256 -0.08303
34.296 -0.08297
34.337 -0.08295
34.377 -0.08294
34.417 -0.08291
34.457 -0.08291
34.497 -0.08292
34.537 -0.08295
34.577 -0.08295
34.618 -0.08294
34.658 -0.08296
34.698 -0.08303
34.738 -0.08310
34.778 -0.08315
34.818 -0.08326
34.858 -0.08345
34.898 -0.08367
34.939 -0.08388
34.979 -0.08406
35.019 -0.08425
35.059 -0.08443
35.099 -0.08460
35.139 -0.08473
35.180 -0.08480
35.220 -0.08482
35.260 -0.08484
35.300 -0.08483
35.340 -0.08477
35.380 -0.08469
35.420 -0.08458
35.461 -0.08447
35.501 -0.08431
35.541 -0.08408
35.581 -0.08373
35.621 -0.08342
35.661 -0.08313
35.701 -0.08287
35.742 -0.08260
35.782 -0.08238
35.822 -0.08212
35.862 -0.08189
35.902 -0.08174
35.942 -0.08166
35.982 -0.08166
36.022 -0.08171
36.063 -0.08178
36.103 -0.08189
36.143 -0.08198
36.183 -0.08206
36.223 -0.08205
36.263 -0.08203
36.304 -0.08210
36.344 -0.08213
36.384 -0.08215
36.424 -0.08216
36.464 -0.08215
36.504 -0.08213
36.544 -0.08210
36.585 -0.08205
36.625 -0.08200
36.665 -0.08196
36.705 -0.08197
36.745 -0.08196
36.785 -0.08192
36.825 -0.08193
36.865 -0.08199
36.906 -0.08207
36.946 -0.08221
36.986 -0.08237
37.026 -0.08259
37.066 -0.08285
37.106 -0.08310
37.147 -0.08329
37.187 -0.08345
37.227 -0.08351
37.267 -0.08348
37.307 -0.08340
37.347 -0.08328
37.387 -0.08312
37.428 -0.08297
37.468 -0.08284
37.508 -0.08272
37.548 -0.08256
37.588 -0.08234
37.628 -0.08216
37.668 -0.08205
37.709 -0.08199
37.749 -0.08199
37.789 -0.08198
37.829 -0.08204
37.869 -0.08218
37.909 -0.08231
37.949 -0.08243
37.989 -0.08255
38.030 -0.08268
38.070 -0.08278
38.110 -0.08288
38.150 -0.08297
38.190 -0.08306
38.230 -0.08316
38.270 -0.08325
38.310 -0.08328
38.351 -0.08336
38.391 -0.08344
38.431 -0.08349
38.471 -0.08348
38.511 -0.08344
38.551 -0.08338
38.592 -0.08335
38.632 -0.08328
38.672 -0.08319
38.712 -0.08310
38.752 -0.08299
38.792 -0.08289
38.832 -0.08283
38.873 -0.08278
38.913 -0.08272
38.953 -0.08269
38.993 -0.08263
