0.793 224.00000
1.298 224.00000
1.803 224.00000
2.307 223.00000
2.811 223.00000
3.316 223.00000
3.820 223.00000
4.325 222.00000
4.830 223.00000
5.334 223.00000
5.839 225.00000
6.343 226.00000
6.848 3.00000
7.353 237.00000
7.857 232.00000
8.362 228.00000
8.867 225.00000
9.371 216.00000
9.876 215.00000
10.381 214.00000
10.885 227.00000
11.390 227.00000
11.894 233.00000
12.399 233.00000
12.903 233.00000
13.408 227.00000
13.913 227.00000
14.418 227.00000
14.922 228.00000
15.427 237.00000
15.932 236.00000
16.437 215.00000
16.941 215.00000
17.446 22.00000
17.950 225.00000
18.455 219.00000
18.960 226.00000
19.464 223.00000
19.969 222.00000
20.473 222.00000
20.978 230.00000
21.483 231.00000
21.987 232.00000
22.491 222.00000
22.996 222.00000
23.500 223.00000
24.005 224.00000
24.509 214.00000
25.014 226.00000
25.519 227.00000
26.023 227.00000
26.528 228.00000
27.032 229.00000
27.537 229.00000
28.041 29.00000
28.546 231.00000
29.050 230.00000
29.555 229.00000
30.059 229.00000
30.564 225.00000
31.068 228.00000
31.573 226.00000
32.077 227.00000
32.582 227.00000
33.086 230.00000
33.591 229.00000
34.096 228.00000
34.600 227.00000
35.105 227.00000
35.610 221.00000
36.114 221.00000
36.618 233.00000
37.123 234.00000
37.627 224.00000
38.131 223.00000
38.636 22.00000
