0.759 48.19715 -3.01569
0.799 48.19715 -3.01569
0.839 48.19715 -3.01569
1.674 48.19716 -3.01570
1.677 48.19716 -3.01570
1.716 48.19716 -3.01570
1.755 48.19716 -3.01570
1.795 48.19716 -3.01570
2.548 48.19717 -3.01569
2.677 48.19717 -3.01569
2.716 48.19717 -3.01569
2.722 48.19717 -3.01569
2.759 48.19717 -3.01569
3.720 48.19717 -3.01570
3.724 48.19717 -3.01570
3.760 48.19717 -3.01570
3.800 48.19717 -3.01570
3.840 48.19717 -3.01570
4.680 48.19718 -3.01570
4.719 48.19718 -3.01570
4.722 48.19718 -3.01570
4.761 48.19718 -3.01570
4.801 48.19718 -3.01570
5.548 48.19719 -3.01572
5.724 48.19719 -3.01572
5.728 48.19719 -3.01572
5.765 48.19719 -3.01572
5.805 48.19719 -3.01572
6.681 48.19719 -3.01572
6.718 48.19719 -3.01572
6.721 48.19719 -3.01572
6.761 48.19719 -3.01572
6.801 48.19719 -3.01572
7.680 48.19720 -3.01573
7.716 48.19720 -3.01573
7.720 48.19720 -3.01573
7.760 48.19720 -3.01573
7.800 48.19720 -3.01573
8.548 48.19720 -3.01574
8.676 48.19720 -3.01574
8.717 48.19720 -3.01574
8.723 48.19720 -3.01574
8.757 48.19720 -3.01574
9.680 48.19720 -3.01574
9.716 48.19720 -3.01574
9.720 48.19720 -3.01574
9.760 48.19720 -3.01574
9.800 48.19720 -3.01574
10.548 48.19721 -3.01577
10.680 48.19721 -3.01577
10.719 48.19721 -3.01577
10.725 48.19721 -3.01577
10.762 48.19721 -3.01577
11.550 48.19721 -3.01575
11.722 48.19721 -3.01575
11.725 48.19721 -3.01575
11.763 48.19721 -3.01575
11.803 48.19721 -3.01575
12.682 48.19723 -3.01579
12.716 48.19723 -3.01579
12.722 48.19723 -3.01579
12.762 48.19723 -3.01579
12.802 48.19723 -3.01579
13.677 48.19723 -3.01580
13.717 48.19723 -3.01580
13.720 48.19723 -3.01580
13.758 48.19723 -3.01580
13.798 48.19723 -3.01580
14.550 48.19723 -3.01580
14.671 48.19723 -3.01580
14.674 48.19723 -3.01580
14.712 48.19723 -3.01580
14.752 48.19723 -3.01580
15.547 48.19723 -3.01579
15.671 48.19723 -3.01579
15.674 48.19723 -3.01579
15.712 48.19723 -3.01579
15.752 48.19723 -3.01579
16.547 48.19723 -3.01580
16.664 48.19723 -3.01580
16.668 48.19723 -3.01580
16.706 48.19723 -3.01580
16.746 48.19723 -3.01580
17.547 48.19723 -3.01583
17.664 48.19723 -3.01583
17.667 48.19723 -3.01583
17.706 48.19723 -3.01583
17.746 48.19723 -3.01583
18.548 48.19723 -3.01583
18.662 48.19723 -3.01583
18.665 48.19723 -3.01583
18.704 48.19723 -3.01583
18.744 48.19723 -3.01583
19.667 48.19723 -3.01585
19.670 48.19723 -3.01585
19.708 48.19723 -3.01585
19.748 48.19723 -3.01585
19.788 48.19723 -3.01585
20.548 48.19723 -3.01587
20.672 48.19723 -3.01587
20.675 48.19723 -3.01587
20.715 48.19723 -3.01587
20.754 48.19723 -3.01587
21.668 48.19723 -3.01586
21.672 48.19723 -3.01586
21.709 48.19723 -3.01586
21.749 48.19723 -3.01586
21.789 48.19723 -3.01586
22.548 48.19723 -3.01589
22.664 48.19723 -3.01589
22.668 48.19723 -3.01589
22.705 48.19723 -3.01589
22.746 48.19723 -3.01589
23.548 48.19723 -3.01590
23.664 48.19723 -3.01590
23.668 48.19723 -3.01590
23.705 48.19723 -3.01590
23.746 48.19723 -3.01590
24.665 48.19723 -3.01591
24.668 48.19723 -3.01591
24.705 48.19723 -3.01591
24.746 48.19723 -3.01591
24.786 48.19723 -3.01591
25.548 48.19723 -3.01592
25.666 48.19723 -3.01592
25.669 48.19723 -3.01592
25.707 48.19723 -3.01592
25.747 48.19723 -3.01592
26.548 48.19722 -3.01593
26.664 48.19722 -3.01593
26.668 48.19722 -3.01593
26.705 48.19722 -3.01593
26.745 48.19722 -3.01593
27.666 48.19722 -3.01594
27.669 48.19722 -3.01594
27.706 48.19722 -3.01594
27.747 48.19722 -3.01594
27.787 48.19722 -3.01594
28.667 48.19721 -3.01595
28.670 48.19721 -3.01595
28.707 48.19721 -3.01595
28.747 48.19721 -3.01595
28.788 48.19721 -3.01595
29.548 48.19721 -3.01596
29.665 48.19721 -3.01596
29.668 48.19721 -3.01596
29.706 48.19721 -3.01596
29.746 48.19721 -3.01596
30.548 48.19720 -3.01597
30.666 48.19720 -3.01597
30.670 48.19720 -3.01597
30.707 48.19720 -3.01597
30.747 48.19720 -3.01597
31.666 48.19719 -3.01597
31.670 48.19719 -3.01597
31.706 48.19719 -3.01597
31.746 48.19719 -3.01597
31.787 48.19719 -3.01597
32.548 48.19719 -3.01598
32.672 48.19719 -3.01598
32.676 48.19719 -3.01598
32.716 48.19719 -3.01598
32.754 48.19719 -3.01598
33.548 48.19718 -3.01597
33.666 48.19718 -3.01597
33.669 48.19718 -3.01597
33.707 48.19718 -3.01597
33.747 48.19718 -3.01597
34.671 48.19718 -3.01599
34.674 48.19718 -3.01599
34.711 48.19718 -3.01599
34.751 48.19718 -3.01599
34.791 48.19718 -3.01599
35.549 48.19717 -3.01598
35.675 48.19717 -3.01598
35.717 48.19717 -3.01598
35.723 48.19717 -3.01598
35.758 48.19717 -3.01598
36.549 48.19716 -3.01598
36.667 48.19716 -3.01598
36.670 48.19716 -3.01598
36.708 48.19716 -3.01598
36.748 48.19716 -3.01598
37.670 48.19716 -3.01600
37.674 48.19716 -3.01600
37.710 48.19716 -3.01600
37.750 48.19716 -3.01600
37.790 48.19716 -3.01600
38.549 48.19715 -3.01600
38.669 48.19715 -3.01600
38.672 48.19715 -3.01600
38.710 48.19715 -3.01600
38.750 48.19715 -3.01600
39.672 48.19714 -3.01601
39.675 48.19714 -3.01601
39.712 48.19714 -3.01601
39.752 48.19714 -3.01601
39.792 48.19714 -3.01601
40.549 48.19713 -3.01601
40.671 48.19713 -3.01601
40.674 48.19713 -3.01601
40.712 48.19713 -3.01601
40.752 48.19713 -3.01601
41.549 48.19713 -3.01601
41.669 48.19713 -3.01601
41.673 48.19713 -3.01601
41.710 48.19713 -3.01601
41.750 48.19713 -3.01601
42.670 48.19712 -3.01599
42.674 48.19712 -3.01599
42.716 48.19712 -3.01599
42.752 48.19712 -3.01599
42.792 48.19712 -3.01599
43.548 48.19712 -3.01600
43.666 48.19712 -3.01600
43.669 48.19712 -3.01600
43.708 48.19712 -3.01600
43.748 48.19712 -3.01600
44.549 48.19711 -3.01602
44.669 48.19711 -3.01602
44.672 48.19711 -3.01602
44.711 48.19711 -3.01602
44.751 48.19711 -3.01602
45.548 48.19711 -3.01601
45.670 48.19711 -3.01601
45.673 48.19711 -3.01601
45.711 48.19711 -3.01601
45.752 48.19711 -3.01601
46.670 48.19710 -3.01600
46.673 48.19710 -3.01600
46.711 48.19710 -3.01600
46.751 48.19710 -3.01600
46.791 48.19710 -3.01600
47.548 48.19709 -3.01600
47.669 48.19709 -3.01600
47.672 48.19709 -3.01600
47.710 48.19709 -3.01600
47.751 48.19709 -3.01600
48.668 48.19709 -3.01601
48.672 48.19709 -3.01601
48.709 48.19709 -3.01601
48.749 48.19709 -3.01601
48.789 48.19709 -3.01601
49.667 48.19709 -3.01602
49.670 48.19709 -3.01602
49.707 48.19709 -3.01602
49.748 48.19709 -3.01602
49.788 48.19709 -3.01602
50.548 48.19709 -3.01603
50.670 48.19709 -3.01603
50.673 48.19709 -3.01603
50.711 48.19709 -3.01603
50.751 48.19709 -3.01603
51.666 48.19709 -3.01604
51.670 48.19709 -3.01604
51.706 48.19709 -3.01604
51.747 48.19709 -3.01604
51.787 48.19709 -3.01604
52.672 48.19708 -3.01604
52.675 48.19708 -3.01604
52.712 48.19708 -3.01604
52.753 48.19708 -3.01604
52.793 48.19708 -3.01604
53.548 48.19708 -3.01605
53.669 48.19708 -3.01605
53.672 48.19708 -3.01605
53.710 48.19708 -3.01605
53.750 48.19708 -3.01605
54.670 48.19708 -3.01607
54.673 48.19708 -3.01607
54.710 48.19708 -3.01607
54.751 48.19708 -3.01607
54.791 48.19708 -3.01607
55.549 48.19708 -3.01607
55.673 48.19708 -3.01607
55.677 48.19708 -3.01607
55.720 48.19708 -3.01607
55.755 48.19708 -3.01607
56.549 48.19707 -3.01608
56.669 48.19707 -3.01608
56.672 48.19707 -3.01608
56.710 48.19707 -3.01608
56.750 48.19707 -3.01608
57.549 48.19707 -3.01609
57.668 48.19707 -3.01609
57.671 48.19707 -3.01609
57.709 48.19707 -3.01609
57.749 48.19707 -3.01609
58.549 48.19707 -3.01609
58.668 48.19707 -3.01609
58.671 48.19707 -3.01609
58.709 48.19707 -3.01609
58.749 48.19707 -3.01609
59.549 48.19707 -3.01611
59.668 48.19707 -3.01611
59.671 48.19707 -3.01611
59.709 48.19707 -3.01611
59.749 48.19707 -3.01611
60.549 48.19707 -3.01613
60.671 48.19707 -3.01613
60.674 48.19707 -3.01613
60.720 48.19707 -3.01613
60.753 48.19707 -3.01613
61.549 48.19707 -3.01615
61.668 48.19707 -3.01615
61.672 48.19707 -3.01615
61.709 48.19707 -3.01615
61.749 48.19707 -3.01615
62.549 48.19707 -3.01616
62.671 48.19707 -3.01616
62.674 48.19707 -3.01616
62.712 48.19707 -3.01616
62.752 48.19707 -3.01616
63.549 48.19707 -3.01615
63.667 48.19707 -3.01615
63.671 48.19707 -3.01615
63.708 48.19707 -3.01615
63.748 48.19707 -3.01615
64.550 48.19707 -3.01617
64.671 48.19707 -3.01617
64.675 48.19707 -3.01617
64.712 48.19707 -3.01617
64.752 48.19707 -3.01617
65.549 48.19706 -3.01618
65.678 48.19706 -3.01618
65.716 48.19706 -3.01618
65.722 48.19706 -3.01618
65.760 48.19706 -3.01618
66.549 48.19706 -3.01620
66.669 48.19706 -3.01620
66.672 48.19706 -3.01620
66.710 48.19706 -3.01620
66.750 48.19706 -3.01620
67.676 48.19707 -3.01621
67.679 48.19707 -3.01621
67.718 48.19707 -3.01621
67.756 48.19707 -3.01621
67.797 48.19707 -3.01621
68.549 48.19707 -3.01622
68.674 48.19707 -3.01622
68.677 48.19707 -3.01622
68.721 48.19707 -3.01622
68.756 48.19707 -3.01622
69.550 48.19707 -3.01622
69.672 48.19707 -3.01622
69.675 48.19707 -3.01622
69.713 48.19707 -3.01622
69.753 48.19707 -3.01622
70.549 48.19708 -3.01623
70.672 48.19708 -3.01623
70.675 48.19708 -3.01623
70.714 48.19708 -3.01623
70.754 48.19708 -3.01623
71.548 48.19708 -3.01625
71.669 48.19708 -3.01625
71.672 48.19708 -3.01625
71.711 48.19708 -3.01625
71.751 48.19708 -3.01625
72.549 48.19708 -3.01625
72.668 48.19708 -3.01625
72.672 48.19708 -3.01625
72.710 48.19708 -3.01625
72.750 48.19708 -3.01625
73.669 48.19709 -3.01626
73.672 48.19709 -3.01626
73.710 48.19709 -3.01626
73.750 48.19709 -3.01626
73.790 48.19709 -3.01626
74.550 48.19709 -3.01627
74.669 48.19709 -3.01627
74.672 48.19709 -3.01627
74.710 48.19709 -3.01627
74.751 48.19709 -3.01627
75.549 48.19709 -3.01628
75.673 48.19709 -3.01628
75.677 48.19709 -3.01628
75.720 48.19709 -3.01628
75.755 48.19709 -3.01628
76.680 48.19709 -3.01628
76.717 48.19709 -3.01628
76.721 48.19709 -3.01628
76.761 48.19709 -3.01628
76.801 48.19709 -3.01628
77.549 48.19710 -3.01629
77.676 48.19710 -3.01629
77.717 48.19710 -3.01629
77.724 48.19710 -3.01629
77.758 48.19710 -3.01629
78.549 48.19710 -3.01630
78.675 48.19710 -3.01630
78.678 48.19710 -3.01630
78.720 48.19710 -3.01630
78.757 48.19710 -3.01630
79.677 48.19711 -3.01630
79.717 48.19711 -3.01630
79.721 48.19711 -3.01630
79.758 48.19711 -3.01630
79.798 48.19711 -3.01630
80.549 48.19712 -3.01630
80.671 48.19712 -3.01630
80.674 48.19712 -3.01630
80.712 48.19712 -3.01630
80.752 48.19712 -3.01630
81.668 48.19712 -3.01629
81.671 48.19712 -3.01629
81.708 48.19712 -3.01629
81.749 48.19712 -3.01629
81.789 48.19712 -3.01629
82.669 48.19713 -3.01631
82.673 48.19713 -3.01631
82.709 48.19713 -3.01631
82.749 48.19713 -3.01631
82.790 48.19713 -3.01631
83.549 48.19713 -3.01632
83.665 48.19713 -3.01632
83.668 48.19713 -3.01632
83.706 48.19713 -3.01632
83.747 48.19713 -3.01632
84.671 48.19714 -3.01633
84.674 48.19714 -3.01633
84.711 48.19714 -3.01633
84.751 48.19714 -3.01633
84.792 48.19714 -3.01633
85.646 48.19715 -3.01633
85.649 48.19715 -3.01633
85.686 48.19715 -3.01633
85.726 48.19715 -3.01633
85.767 48.19715 -3.01633
86.640 48.19715 -3.01631
86.643 48.19715 -3.01631
86.680 48.19715 -3.01631
86.720 48.19715 -3.01631
86.760 48.19715 -3.01631
87.645 48.19716 -3.01631
87.648 48.19716 -3.01631
87.685 48.19716 -3.01631
87.725 48.19716 -3.01631
87.765 48.19716 -3.01631
88.642 48.19716 -3.01631
88.646 48.19716 -3.01631
88.682 48.19716 -3.01631
88.722 48.19716 -3.01631
88.762 48.19716 -3.01631
89.640 48.19717 -3.01632
89.643 48.19717 -3.01632
89.680 48.19717 -3.01632
89.720 48.19717 -3.01632
89.760 48.19717 -3.01632
90.648 48.19718 -3.01632
90.651 48.19718 -3.01632
90.688 48.19718 -3.01632
90.728 48.19718 -3.01632
90.768 48.19718 -3.01632
91.644 48.19719 -3.01633
91.647 48.19719 -3.01633
91.684 48.19719 -3.01633
91.724 48.19719 -3.01633
91.764 48.19719 -3.01633
92.644 48.19719 -3.01634
92.647 48.19719 -3.01634
92.684 48.19719 -3.01634
92.724 48.19719 -3.01634
92.764 48.19719 -3.01634
93.651 48.19719 -3.01635
93.655 48.19719 -3.01635
93.691 48.19719 -3.01635
93.731 48.19719 -3.01635
93.771 48.19719 -3.01635
94.648 48.19720 -3.01634
94.651 48.19720 -3.01634
94.688 48.19720 -3.01634
94.728 48.19720 -3.01634
94.769 48.19720 -3.01634
95.652 48.19721 -3.01636
95.655 48.19721 -3.01636
95.692 48.19721 -3.01636
95.732 48.19721 -3.01636
95.772 48.19721 -3.01636
96.651 48.19721 -3.01636
96.654 48.19721 -3.01636
96.691 48.19721 -3.01636
96.731 48.19721 -3.01636
96.771 48.19721 -3.01636
97.647 48.19722 -3.01637
97.650 48.19722 -3.01637
97.688 48.19722 -3.01637
97.728 48.19722 -3.01637
97.768 48.19722 -3.01637
98.643 48.19723 -3.01638
98.646 48.19723 -3.01638
98.684 48.19723 -3.01638
98.724 48.19723 -3.01638
98.764 48.19723 -3.01638
99.644 48.19723 -3.01638
99.648 48.19723 -3.01638
99.685 48.19723 -3.01638
99.725 48.19723 -3.01638
99.765 48.19723 -3.01638
100.647 48.19723 -3.01639
100.650 48.19723 -3.01639
100.688 48.19723 -3.01639
100.728 48.19723 -3.01639
100.768 48.19723 -3.01639
101.640 48.19724 -3.01639
101.644 48.19724 -3.01639
101.681 48.19724 -3.01639
101.721 48.19724 -3.01639
101.761 48.19724 -3.01639
102.644 48.19724 -3.01639
102.648 48.19724 -3.01639
102.685 48.19724 -3.01639
102.725 48.19724 -3.01639
102.765 48.19724 -3.01639
103.643 48.19725 -3.01640
103.647 48.19725 -3.01640
103.684 48.19725 -3.01640
103.724 48.19725 -3.01640
103.764 48.19725 -3.01640
104.643 48.19726 -3.01640
104.647 48.19726 -3.01640
104.684 48.19726 -3.01640
104.724 48.19726 -3.01640
104.764 48.19726 -3.01640
105.651 48.19726 -3.01641
105.654 48.19726 -3.01641
105.691 48.19726 -3.01641
105.732 48.19726 -3.01641
105.772 48.19726 -3.01641
106.647 48.19727 -3.01642
106.650 48.19727 -3.01642
106.687 48.19727 -3.01642
106.728 48.19727 -3.01642
106.768 48.19727 -3.01642
107.646 48.19728 -3.01642
107.650 48.19728 -3.01642
107.686 48.19728 -3.01642
107.726 48.19728 -3.01642
107.767 48.19728 -3.01642
108.645 48.19729 -3.01641
108.648 48.19729 -3.01641
108.685 48.19729 -3.01641
108.725 48.19729 -3.01641
108.766 48.19729 -3.01641
109.644 48.19729 -3.01641
109.647 48.19729 -3.01641
109.684 48.19729 -3.01641
109.725 48.19729 -3.01641
109.765 48.19729 -3.01641
110.645 48.19730 -3.01641
110.648 48.19730 -3.01641
110.685 48.19730 -3.01641
110.725 48.19730 -3.01641
110.766 48.19730 -3.01641
111.646 48.19731 -3.01640
111.649 48.19731 -3.01640
111.686 48.19731 -3.01640
111.726 48.19731 -3.01640
111.767 48.19731 -3.01640
112.642 48.19731 -3.01640
112.645 48.19731 -3.01640
112.682 48.19731 -3.01640
112.722 48.19731 -3.01640
112.762 48.19731 -3.01640
113.640 48.19732 -3.01639
113.643 48.19732 -3.01639
113.680 48.19732 -3.01639
113.720 48.19732 -3.01639
113.760 48.19732 -3.01639
114.645 48.19732 -3.01639
114.648 48.19732 -3.01639
114.685 48.19732 -3.01639
114.725 48.19732 -3.01639
114.765 48.19732 -3.01639
115.648 48.19733 -3.01638
115.651 48.19733 -3.01638
115.688 48.19733 -3.01638
115.728 48.19733 -3.01638
115.768 48.19733 -3.01638
116.645 48.19733 -3.01637
116.648 48.19733 -3.01637
116.685 48.19733 -3.01637
116.725 48.19733 -3.01637
116.765 48.19733 -3.01637
117.648 48.19734 -3.01636
117.651 48.19734 -3.01636
117.688 48.19734 -3.01636
117.728 48.19734 -3.01636
117.768 48.19734 -3.01636
118.641 48.19735 -3.01636
118.644 48.19735 -3.01636
118.681 48.19735 -3.01636
118.721 48.19735 -3.01636
118.761 48.19735 -3.01636
119.642 48.19735 -3.01634
119.645 48.19735 -3.01634
119.682 48.19735 -3.01634
119.722 48.19735 -3.01634
119.762 48.19735 -3.01634
120.647 48.19735 -3.01633
120.650 48.19735 -3.01633
120.687 48.19735 -3.01633
120.727 48.19735 -3.01633
120.767 48.19735 -3.01633
121.643 48.19736 -3.01632
121.646 48.19736 -3.01632
121.683 48.19736 -3.01632
121.723 48.19736 -3.01632
121.763 48.19736 -3.01632
122.637 48.19736 -3.01630
122.640 48.19736 -3.01630
122.677 48.19736 -3.01630
122.717 48.19736 -3.01630
122.757 48.19736 -3.01630
123.643 48.19736 -3.01629
123.646 48.19736 -3.01629
123.683 48.19736 -3.01629
123.723 48.19736 -3.01629
123.763 48.19736 -3.01629
124.635 48.19736 -3.01629
124.642 48.19736 -3.01629
124.676 48.19736 -3.01629
124.716 48.19736 -3.01629
124.756 48.19736 -3.01629
125.638 48.19736 -3.01628
125.641 48.19736 -3.01628
125.679 48.19736 -3.01628
125.719 48.19736 -3.01628
125.759 48.19736 -3.01628
126.637 48.19736 -3.01627
126.641 48.19736 -3.01627
126.678 48.19736 -3.01627
126.718 48.19736 -3.01627
126.758 48.19736 -3.01627
127.637 48.19737 -3.01627
127.640 48.19737 -3.01627
127.678 48.19737 -3.01627
127.718 48.19737 -3.01627
127.758 48.19737 -3.01627
128.637 48.19737 -3.01626
128.640 48.19737 -3.01626
128.678 48.19737 -3.01626
128.718 48.19737 -3.01626
128.758 48.19737 -3.01626
129.646 48.19737 -3.01624
129.649 48.19737 -3.01624
129.687 48.19737 -3.01624
129.727 48.19737 -3.01624
129.767 48.19737 -3.01624
130.647 48.19737 -3.01623
130.650 48.19737 -3.01623
130.688 48.19737 -3.01623
130.728 48.19737 -3.01623
130.768 48.19737 -3.01623
131.644 48.19737 -3.01621
131.647 48.19737 -3.01621
131.685 48.19737 -3.01621
131.725 48.19737 -3.01621
131.765 48.19737 -3.01621
132.648 48.19737 -3.01620
132.652 48.19737 -3.01620
132.688 48.19737 -3.01620
132.729 48.19737 -3.01620
132.769 48.19737 -3.01620
133.646 48.19737 -3.01620
133.649 48.19737 -3.01620
133.686 48.19737 -3.01620
133.727 48.19737 -3.01620
133.767 48.19737 -3.01620
134.647 48.19737 -3.01618
134.650 48.19737 -3.01618
134.687 48.19737 -3.01618
134.728 48.19737 -3.01618
134.768 48.19737 -3.01618
135.653 48.19737 -3.01617
135.656 48.19737 -3.01617
135.693 48.19737 -3.01617
135.734 48.19737 -3.01617
135.774 48.19737 -3.01617
136.648 48.19737 -3.01616
136.651 48.19737 -3.01616
136.688 48.19737 -3.01616
136.729 48.19737 -3.01616
136.769 48.19737 -3.01616
137.648 48.19737 -3.01615
137.651 48.19737 -3.01615
137.688 48.19737 -3.01615
137.729 48.19737 -3.01615
137.769 48.19737 -3.01615
138.650 48.19737 -3.01614
138.653 48.19737 -3.01614
138.690 48.19737 -3.01614
138.730 48.19737 -3.01614
138.771 48.19737 -3.01614
139.648 48.19737 -3.01612
139.651 48.19737 -3.01612
139.688 48.19737 -3.01612
139.728 48.19737 -3.01612
139.769 48.19737 -3.01612
140.652 48.19737 -3.01611
140.655 48.19737 -3.01611
140.692 48.19737 -3.01611
140.732 48.19737 -3.01611
140.773 48.19737 -3.01611
141.649 48.19737 -3.01610
141.652 48.19737 -3.01610
141.689 48.19737 -3.01610
141.729 48.19737 -3.01610
141.769 48.19737 -3.01610
142.639 48.19737 -3.01608
142.642 48.19737 -3.01608
142.679 48.19737 -3.01608
142.719 48.19737 -3.01608
142.759 48.19737 -3.01608
143.633 48.19738 -3.01607
143.636 48.19738 -3.01607
143.673 48.19738 -3.01607
143.713 48.19738 -3.01607
143.753 48.19738 -3.01607
144.633 48.19738 -3.01606
144.636 48.19738 -3.01606
144.673 48.19738 -3.01606
144.713 48.19738 -3.01606
144.753 48.19738 -3.01606
145.641 48.19737 -3.01605
145.645 48.19737 -3.01605
145.681 48.19737 -3.01605
145.721 48.19737 -3.01605
145.761 48.19737 -3.01605
146.638 48.19737 -3.01604
146.642 48.19737 -3.01604
146.678 48.19737 -3.01604
146.718 48.19737 -3.01604
146.758 48.19737 -3.01604
147.636 48.19738 -3.01603
147.639 48.19738 -3.01603
147.676 48.19738 -3.01603
147.716 48.19738 -3.01603
147.756 48.19738 -3.01603
148.641 48.19737 -3.01602
148.644 48.19737 -3.01602
148.681 48.19737 -3.01602
148.721 48.19737 -3.01602
148.761 48.19737 -3.01602
149.639 48.19737 -3.01601
149.643 48.19737 -3.01601
149.679 48.19737 -3.01601
149.719 48.19737 -3.01601
149.759 48.19737 -3.01601
150.644 48.19737 -3.01599
150.647 48.19737 -3.01599
150.684 48.19737 -3.01599
150.724 48.19737 -3.01599
150.764 48.19737 -3.01599
151.641 48.19737 -3.01598
151.644 48.19737 -3.01598
151.681 48.19737 -3.01598
151.721 48.19737 -3.01598
151.761 48.19737 -3.01598
152.640 48.19736 -3.01597
152.643 48.19736 -3.01597
152.681 48.19736 -3.01597
152.721 48.19736 -3.01597
152.761 48.19736 -3.01597
153.641 48.19736 -3.01596
153.644 48.19736 -3.01596
153.682 48.19736 -3.01596
153.722 48.19736 -3.01596
153.762 48.19736 -3.01596
