0.759 48.19715
0.799 48.19715
0.839 48.19715
1.674 48.19716
1.677 48.19716
1.716 48.19716
1.755 48.19716
1.795 48.19716
2.548 48.19717
2.677 48.19717
2.716 48.19717
2.722 48.19717
2.759 48.19717
3.720 48.19717
3.724 48.19717
3.760 48.19717
3.800 48.19717
3.840 48.19717
4.680 48.19718
4.719 48.19718
4.722 48.19718
4.761 48.19718
4.801 48.19718
5.548 48.19719
5.724 48.19719
5.728 48.19719
5.765 48.19719
5.805 48.19719
6.681 48.19719
6.718 48.19719
6.721 48.19719
6.761 48.19719
6.801 48.19719
7.680 48.19720
7.716 48.19720
7.720 48.19720
7.760 48.19720
7.800 48.19720
8.548 48.19720
8.676 48.19720
8.717 48.19720
8.723 48.19720
8.757 48.19720
9.680 48.19720
9.716 48.19720
9.720 48.19720
9.760 48.19720
9.800 48.19720
10.548 48.19721
10.680 48.19721
10.719 48.19721
10.725 48.19721
10.762 48.19721
11.550 48.19721
11.722 48.19721
11.725 48.19721
11.763 48.19721
11.803 48.19721
12.682 48.19723
12.716 48.19723
12.722 48.19723
12.762 48.19723
12.802 48.19723
13.677 48.19723
13.717 48.19723
13.720 48.19723
13.758 48.19723
13.798 48.19723
14.550 48.19723
14.671 48.19723
14.674 48.19723
14.712 48.19723
14.752 48.19723
15.547 48.19723
15.671 48.19723
15.674 48.19723
15.712 48.19723
15.752 48.19723
16.547 48.19723
16.664 48.19723
16.668 48.19723
16.706 48.19723
16.746 48.19723
17.547 48.19723
17.664 48.19723
17.667 48.19723
17.706 48.19723
17.746 48.19723
18.548 48.19723
18.662 48.19723
18.665 48.19723
18.704 48.19723
18.744 48.19723
19.667 48.19723
19.670 48.19723
19.708 48.19723
19.748 48.19723
19.788 48.19723
20.548 48.19723
20.672 48.19723
20.675 48.19723
20.715 48.19723
20.754 48.19723
21.668 48.19723
21.672 48.19723
21.709 48.19723
21.749 48.19723
21.789 48.19723
22.548 48.19723
22.664 48.19723
22.668 48.19723
22.705 48.19723
22.746 48.19723
23.548 48.19723
23.664 48.19723
23.668 48.19723
23.705 48.19723
23.746 48.19723
24.665 48.19723
24.668 48.19723
24.705 48.19723
24.746 48.19723
24.786 48.19723
25.548 48.19723
25.666 48.19723
25.669 48.19723
25.707 48.19723
25.747 48.19723
26.548 48.19722
26.664 48.19722
26.668 48.19722
26.705 48.19722
26.745 48.19722
27.666 48.19722
27.669 48.19722
27.706 48.19722
27.747 48.19722
27.787 48.19722
28.667 48.19721
28.670 48.19721
28.707 48.19721
28.747 48.19721
28.788 48.19721
29.548 48.19721
29.665 48.19721
29.668 48.19721
29.706 48.19721
29.746 48.19721
30.548 48.19720
30.666 48.19720
30.670 48.19720
30.707 48.19720
30.747 48.19720
31.666 48.19719
31.670 48.19719
31.706 48.19719
31.746 48.19719
31.787 48.19719
32.548 48.19719
32.672 48.19719
32.676 48.19719
32.716 48.19719
32.754 48.19719
33.548 48.19718
33.666 48.19718
33.669 48.19718
33.707 48.19718
33.747 48.19718
34.671 48.19718
34.674 48.19718
34.711 48.19718
34.751 48.19718
34.791 48.19718
35.549 48.19717
35.675 48.19717
35.717 48.19717
35.723 48.19717
35.758 48.19717
36.549 48.19716
36.667 48.19716
36.670 48.19716
36.708 48.19716
36.748 48.19716
37.670 48.19716
37.674 48.19716
37.710 48.19716
37.750 48.19716
37.790 48.19716
38.549 48.19715
38.669 48.19715
38.672 48.19715
38.710 48.19715
38.750 48.19715
39.672 48.19714
39.675 48.19714
39.712 48.19714
39.752 48.19714
39.792 48.19714
40.549 48.19713
40.671 48.19713
40.674 48.19713
40.712 48.19713
40.752 48.19713
41.549 48.19713
41.669 48.19713
41.673 48.19713
41.710 48.19713
41.750 48.19713
42.670 48.19712
42.674 48.19712
42.716 48.19712
42.752 48.19712
42.792 48.19712
43.548 48.19712
43.666 48.19712
43.669 48.19712
43.708 48.19712
43.748 48.19712
44.549 48.19711
44.669 48.19711
44.672 48.19711
44.711 48.19711
44.751 48.19711
45.548 48.19711
45.670 48.19711
45.673 48.19711
45.711 48.19711
45.752 48.19711
46.670 48.19710
46.673 48.19710
46.711 48.19710
46.751 48.19710
46.791 48.19710
47.548 48.19709
47.669 48.19709
47.672 48.19709
47.710 48.19709
47.751 48.19709
48.668 48.19709
48.672 48.19709
48.709 48.19709
48.749 48.19709
48.789 48.19709
49.667 48.19709
49.670 48.19709
49.707 48.19709
49.748 48.19709
49.788 48.19709
50.548 48.19709
50.670 48.19709
50.673 48.19709
50.711 48.19709
50.751 48.19709
51.666 48.19709
51.670 48.19709
51.706 48.19709
51.747 48.19709
51.787 48.19709
52.672 48.19708
52.675 48.19708
52.712 48.19708
52.753 48.19708
52.793 48.19708
53.548 48.19708
53.669 48.19708
53.672 48.19708
53.710 48.19708
53.750 48.19708
54.670 48.19708
54.673 48.19708
54.710 48.19708
54.751 48.19708
54.791 48.19708
55.549 48.19708
55.673 48.19708
55.677 48.19708
55.720 48.19708
55.755 48.19708
56.549 48.19707
56.669 48.19707
56.672 48.19707
56.710 48.19707
56.750 48.19707
57.549 48.19707
57.668 48.19707
57.671 48.19707
57.709 48.19707
57.749 48.19707
58.549 48.19707
58.668 48.19707
58.671 48.19707
58.709 48.19707
58.749 48.19707
59.549 48.19707
59.668 48.19707
59.671 48.19707
59.709 48.19707
59.749 48.19707
60.549 48.19707
60.671 48.19707
60.674 48.19707
60.720 48.19707
60.753 48.19707
61.549 48.19707
61.668 48.19707
61.672 48.19707
61.709 48.19707
61.749 48.19707
62.549 48.19707
62.671 48.19707
62.674 48.19707
62.712 48.19707
62.752 48.19707
63.549 48.19707
63.667 48.19707
63.671 48.19707
63.708 48.19707
63.748 48.19707
64.550 48.19707
64.671 48.19707
64.675 48.19707
64.712 48.19707
64.752 48.19707
65.549 48.19706
65.678 48.19706
65.716 48.19706
65.722 48.19706
65.760 48.19706
66.549 48.19706
66.669 48.19706
66.672 48.19706
66.710 48.19706
66.750 48.19706
67.676 48.19707
67.679 48.19707
67.718 48.19707
67.756 48.19707
67.797 48.19707
68.549 48.19707
68.674 48.19707
68.677 48.19707
68.721 48.19707
68.756 48.19707
69.550 48.19707
69.672 48.19707
69.675 48.19707
69.713 48.19707
69.753 48.19707
70.549 48.19708
70.672 48.19708
70.675 48.19708
70.714 48.19708
70.754 48.19708
71.548 48.19708
71.669 48.19708
71.672 48.19708
71.711 48.19708
71.751 48.19708
72.549 48.19708
72.668 48.19708
72.672 48.19708
72.710 48.19708
72.750 48.19708
73.669 48.19709
73.672 48.19709
73.710 48.19709
73.750 48.19709
73.790 48.19709
74.550 48.19709
74.669 48.19709
74.672 48.19709
74.710 48.19709
74.751 48.19709
75.549 48.19709
75.673 48.19709
75.677 48.19709
75.720 48.19709
75.755 48.19709
76.680 48.19709
76.717 48.19709
76.721 48.19709
76.761 48.19709
76.801 48.19709
77.549 48.19710
77.676 48.19710
77.717 48.19710
77.724 48.19710
77.758 48.19710
78.549 48.19710
78.675 48.19710
78.678 48.19710
78.720 48.19710
78.757 48.19710
79.677 48.19711
79.717 48.19711
79.721 48.19711
79.758 48.19711
79.798 48.19711
80.549 48.19712
80.671 48.19712
80.674 48.19712
80.712 48.19712
80.752 48.19712
81.668 48.19712
81.671 48.19712
81.708 48.19712
81.749 48.19712
81.789 48.19712
82.669 48.19713
82.673 48.19713
82.709 48.19713
82.749 48.19713
82.790 48.19713
83.549 48.19713
83.665 48.19713
83.668 48.19713
83.706 48.19713
83.747 48.19713
84.671 48.19714
84.674 48.19714
84.711 48.19714
84.751 48.19714
84.792 48.19714
85.646 48.19715
85.649 48.19715
85.686 48.19715
85.726 48.19715
85.767 48.19715
86.640 48.19715
86.643 48.19715
86.680 48.19715
86.720 48.19715
86.760 48.19715
87.645 48.19716
87.648 48.19716
87.685 48.19716
87.725 48.19716
87.765 48.19716
88.642 48.19716
88.646 48.19716
88.682 48.19716
88.722 48.19716
88.762 48.19716
89.640 48.19717
89.643 48.19717
89.680 48.19717
89.720 48.19717
89.760 48.19717
90.648 48.19718
90.651 48.19718
90.688 48.19718
90.728 48.19718
90.768 48.19718
91.644 48.19719
91.647 48.19719
91.684 48.19719
91.724 48.19719
91.764 48.19719
92.644 48.19719
92.647 48.19719
92.684 48.19719
92.724 48.19719
92.764 48.19719
93.651 48.19719
93.655 48.19719
93.691 48.19719
93.731 48.19719
93.771 48.19719
94.648 48.19720
94.651 48.19720
94.688 48.19720
94.728 48.19720
94.769 48.19720
95.652 48.19721
95.655 48.19721
95.692 48.19721
95.732 48.19721
95.772 48.19721
96.651 48.19721
96.654 48.19721
96.691 48.19721
96.731 48.19721
96.771 48.19721
97.647 48.19722
97.650 48.19722
97.688 48.19722
97.728 48.19722
97.768 48.19722
98.643 48.19723
98.646 48.19723
98.684 48.19723
98.724 48.19723
98.764 48.19723
99.644 48.19723
99.648 48.19723
99.685 48.19723
99.725 48.19723
99.765 48.19723
100.647 48.19723
100.650 48.19723
100.688 48.19723
100.728 48.19723
100.768 48.19723
101.640 48.19724
101.644 48.19724
101.681 48.19724
101.721 48.19724
101.761 48.19724
102.644 48.19724
102.648 48.19724
102.685 48.19724
102.725 48.19724
102.765 48.19724
103.643 48.19725
103.647 48.19725
103.684 48.19725
103.724 48.19725
103.764 48.19725
104.643 48.19726
104.647 48.19726
104.684 48.19726
104.724 48.19726
104.764 48.19726
105.651 48.19726
105.654 48.19726
105.691 48.19726
105.732 48.19726
105.772 48.19726
106.647 48.19727
106.650 48.19727
106.687 48.19727
106.728 48.19727
106.768 48.19727
107.646 48.19728
107.650 48.19728
107.686 48.19728
107.726 48.19728
107.767 48.19728
108.645 48.19729
108.648 48.19729
108.685 48.19729
108.725 48.19729
108.766 48.19729
109.644 48.19729
109.647 48.19729
109.684 48.19729
109.725 48.19729
109.765 48.19729
110.645 48.19730
110.648 48.19730
110.685 48.19730
110.725 48.19730
110.766 48.19730
111.646 48.19731
111.649 48.19731
111.686 48.19731
111.726 48.19731
111.767 48.19731
112.642 48.19731
112.645 48.19731
112.682 48.19731
112.722 48.19731
112.762 48.19731
113.640 48.19732
113.643 48.19732
113.680 48.19732
113.720 48.19732
113.760 48.19732
114.645 48.19732
114.648 48.19732
114.685 48.19732
114.725 48.19732
114.765 48.19732
115.648 48.19733
115.651 48.19733
115.688 48.19733
115.728 48.19733
115.768 48.19733
116.645 48.19733
116.648 48.19733
116.685 48.19733
116.725 48.19733
116.765 48.19733
117.648 48.19734
117.651 48.19734
117.688 48.19734
117.728 48.19734
117.768 48.19734
118.641 48.19735
118.644 48.19735
118.681 48.19735
118.721 48.19735
118.761 48.19735
119.642 48.19735
119.645 48.19735
119.682 48.19735
119.722 48.19735
119.762 48.19735
120.647 48.19735
120.650 48.19735
120.687 48.19735
120.727 48.19735
120.767 48.19735
121.643 48.19736
121.646 48.19736
121.683 48.19736
121.723 48.19736
121.763 48.19736
122.637 48.19736
122.640 48.19736
122.677 48.19736
122.717 48.19736
122.757 48.19736
123.643 48.19736
123.646 48.19736
123.683 48.19736
123.723 48.19736
123.763 48.19736
124.635 48.19736
124.642 48.19736
124.676 48.19736
124.716 48.19736
124.756 48.19736
125.638 48.19736
125.641 48.19736
125.679 48.19736
125.719 48.19736
125.759 48.19736
126.637 48.19736
126.641 48.19736
126.678 48.19736
126.718 48.19736
126.758 48.19736
127.637 48.19737
127.640 48.19737
127.678 48.19737
127.718 48.19737
127.758 48.19737
128.637 48.19737
128.640 48.19737
128.678 48.19737
128.718 48.19737
128.758 48.19737
129.646 48.19737
129.649 48.19737
129.687 48.19737
129.727 48.19737
129.767 48.19737
130.647 48.19737
130.650 48.19737
130.688 48.19737
130.728 48.19737
130.768 48.19737
131.644 48.19737
131.647 48.19737
131.685 48.19737
131.725 48.19737
131.765 48.19737
132.648 48.19737
132.652 48.19737
132.688 48.19737
132.729 48.19737
132.769 48.19737
133.646 48.19737
133.649 48.19737
133.686 48.19737
133.727 48.19737
133.767 48.19737
134.647 48.19737
134.650 48.19737
134.687 48.19737
134.728 48.19737
134.768 48.19737
135.653 48.19737
135.656 48.19737
135.693 48.19737
135.734 48.19737
135.774 48.19737
136.648 48.19737
136.651 48.19737
136.688 48.19737
136.729 48.19737
136.769 48.19737
137.648 48.19737
137.651 48.19737
137.688 48.19737
137.729 48.19737
137.769 48.19737
138.650 48.19737
138.653 48.19737
138.690 48.19737
138.730 48.19737
138.771 48.19737
139.648 48.19737
139.651 48.19737
139.688 48.19737
139.728 48.19737
139.769 48.19737
140.652 48.19737
140.655 48.19737
140.692 48.19737
140.732 48.19737
140.773 48.19737
141.649 48.19737
141.652 48.19737
141.689 48.19737
141.729 48.19737
141.769 48.19737
142.639 48.19737
142.642 48.19737
142.679 48.19737
142.719 48.19737
142.759 48.19737
143.633 48.19738
143.636 48.19738
143.673 48.19738
143.713 48.19738
143.753 48.19738
144.633 48.19738
144.636 48.19738
144.673 48.19738
144.713 48.19738
144.753 48.19738
145.641 48.19737
145.645 48.19737
145.681 48.19737
145.721 48.19737
145.761 48.19737
146.638 48.19737
146.642 48.19737
146.678 48.19737
146.718 48.19737
146.758 48.19737
147.636 48.19738
147.639 48.19738
147.676 48.19738
147.716 48.19738
147.756 48.19738
148.641 48.19737
148.644 48.19737
148.681 48.19737
148.721 48.19737
148.761 48.19737
149.639 48.19737
149.643 48.19737
149.679 48.19737
149.719 48.19737
149.759 48.19737
150.644 48.19737
150.647 48.19737
150.684 48.19737
150.724 48.19737
150.764 48.19737
151.641 48.19737
151.644 48.19737
151.681 48.19737
151.721 48.19737
151.761 48.19737
152.640 48.19736
152.643 48.19736
152.681 48.19736
152.721 48.19736
152.761 48.19736
153.641 48.19736
153.644 48.19736
153.682 48.19736
153.722 48.19736
153.762 48.19736
