0.759 -3.01569
0.799 -3.01569
0.839 -3.01569
1.674 -3.01570
1.677 -3.01570
1.716 -3.01570
1.755 -3.01570
1.795 -3.01570
2.548 -3.01569
2.677 -3.01569
2.716 -3.01569
2.722 -3.01569
2.759 -3.01569
3.720 -3.01570
3.724 -3.01570
3.760 -3.01570
3.800 -3.01570
3.840 -3.01570
4.680 -3.01570
4.719 -3.01570
4.722 -3.01570
4.761 -3.01570
4.801 -3.01570
5.548 -3.01572
5.724 -3.01572
5.728 -3.01572
5.765 -3.01572
5.805 -3.01572
6.681 -3.01572
6.718 -3.01572
6.721 -3.01572
6.761 -3.01572
6.801 -3.01572
7.680 -3.01573
7.716 -3.01573
7.720 -3.01573
7.760 -3.01573
7.800 -3.01573
8.548 -3.01574
8.676 -3.01574
8.717 -3.01574
8.723 -3.01574
8.757 -3.01574
9.680 -3.01574
9.716 -3.01574
9.720 -3.01574
9.760 -3.01574
9.800 -3.01574
10.548 -3.01577
10.680 -3.01577
10.719 -3.01577
10.725 -3.01577
10.762 -3.01577
11.550 -3.01575
11.722 -3.01575
11.725 -3.01575
11.763 -3.01575
11.803 -3.01575
12.682 -3.01579
12.716 -3.01579
12.722 -3.01579
12.762 -3.01579
12.802 -3.01579
13.677 -3.01580
13.717 -3.01580
13.720 -3.01580
13.758 -3.01580
13.798 -3.01580
14.550 -3.01580
14.671 -3.01580
14.674 -3.01580
14.712 -3.01580
14.752 -3.01580
15.547 -3.01579
15.671 -3.01579
15.674 -3.01579
15.712 -3.01579
15.752 -3.01579
16.547 -3.01580
16.664 -3.01580
16.668 -3.01580
16.706 -3.01580
16.746 -3.01580
17.547 -3.01583
17.664 -3.01583
17.667 -3.01583
17.706 -3.01583
17.746 -3.01583
18.548 -3.01583
18.662 -3.01583
18.665 -3.01583
18.704 -3.01583
18.744 -3.01583
19.667 -3.01585
19.670 -3.01585
19.708 -3.01585
19.748 -3.01585
19.788 -3.01585
20.548 -3.01587
20.672 -3.01587
20.675 -3.01587
20.715 -3.01587
20.754 -3.01587
21.668 -3.01586
21.672 -3.01586
21.709 -3.01586
21.749 -3.01586
21.789 -3.01586
22.548 -3.01589
22.664 -3.01589
22.668 -3.01589
22.705 -3.01589
22.746 -3.01589
23.548 -3.01590
23.664 -3.01590
23.668 -3.01590
23.705 -3.01590
23.746 -3.01590
24.665 -3.01591
24.668 -3.01591
24.705 -3.01591
24.746 -3.01591
24.786 -3.01591
25.548 -3.01592
25.666 -3.01592
25.669 -3.01592
25.707 -3.01592
25.747 -3.01592
26.548 -3.01593
26.664 -3.01593
26.668 -3.01593
26.705 -3.01593
26.745 -3.01593
27.666 -3.01594
27.669 -3.01594
27.706 -3.01594
27.747 -3.01594
27.787 -3.01594
28.667 -3.01595
28.670 -3.01595
28.707 -3.01595
28.747 -3.01595
28.788 -3.01595
29.548 -3.01596
29.665 -3.01596
29.668 -3.01596
29.706 -3.01596
29.746 -3.01596
30.548 -3.01597
30.666 -3.01597
30.670 -3.01597
30.707 -3.01597
30.747 -3.01597
31.666 -3.01597
31.670 -3.01597
31.706 -3.01597
31.746 -3.01597
31.787 -3.01597
32.548 -3.01598
32.672 -3.01598
32.676 -3.01598
32.716 -3.01598
32.754 -3.01598
33.548 -3.01597
33.666 -3.01597
33.669 -3.01597
33.707 -3.01597
33.747 -3.01597
34.671 -3.01599
34.674 -3.01599
34.711 -3.01599
34.751 -3.01599
34.791 -3.01599
35.549 -3.01598
35.675 -3.01598
35.717 -3.01598
35.723 -3.01598
35.758 -3.01598
36.549 -3.01598
36.667 -3.01598
36.670 -3.01598
36.708 -3.01598
36.748 -3.01598
37.670 -3.01600
37.674 -3.01600
37.710 -3.01600
37.750 -3.01600
37.790 -3.01600
38.549 -3.01600
38.669 -3.01600
38.672 -3.01600
38.710 -3.01600
38.750 -3.01600
39.672 -3.01601
39.675 -3.01601
39.712 -3.01601
39.752 -3.01601
39.792 -3.01601
40.549 -3.01601
40.671 -3.01601
40.674 -3.01601
40.712 -3.01601
40.752 -3.01601
41.549 -3.01601
41.669 -3.01601
41.673 -3.01601
41.710 -3.01601
41.750 -3.01601
42.670 -3.01599
42.674 -3.01599
42.716 -3.01599
42.752 -3.01599
42.792 -3.01599
43.548 -3.01600
43.666 -3.01600
43.669 -3.01600
43.708 -3.01600
43.748 -3.01600
44.549 -3.01602
44.669 -3.01602
44.672 -3.01602
44.711 -3.01602
44.751 -3.01602
45.548 -3.01601
45.670 -3.01601
45.673 -3.01601
45.711 -3.01601
45.752 -3.01601
46.670 -3.01600
46.673 -3.01600
46.711 -3.01600
46.751 -3.01600
46.791 -3.01600
47.548 -3.01600
47.669 -3.01600
47.672 -3.01600
47.710 -3.01600
47.751 -3.01600
48.668 -3.01601
48.672 -3.01601
48.709 -3.01601
48.749 -3.01601
48.789 -3.01601
49.667 -3.01602
49.670 -3.01602
49.707 -3.01602
49.748 -3.01602
49.788 -3.01602
50.548 -3.01603
50.670 -3.01603
50.673 -3.01603
50.711 -3.01603
50.751 -3.01603
51.666 -3.01604
51.670 -3.01604
51.706 -3.01604
51.747 -3.01604
51.787 -3.01604
52.672 -3.01604
52.675 -3.01604
52.712 -3.01604
52.753 -3.01604
52.793 -3.01604
53.548 -3.01605
53.669 -3.01605
53.672 -3.01605
53.710 -3.01605
53.750 -3.01605
54.670 -3.01607
54.673 -3.01607
54.710 -3.01607
54.751 -3.01607
54.791 -3.01607
55.549 -3.01607
55.673 -3.01607
55.677 -3.01607
55.720 -3.01607
55.755 -3.01607
56.549 -3.01608
56.669 -3.01608
56.672 -3.01608
56.710 -3.01608
56.750 -3.01608
57.549 -3.01609
57.668 -3.01609
57.671 -3.01609
57.709 -3.01609
57.749 -3.01609
58.549 -3.01609
58.668 -3.01609
58.671 -3.01609
58.709 -3.01609
58.749 -3.01609
59.549 -3.01611
59.668 -3.01611
59.671 -3.01611
59.709 -3.01611
59.749 -3.01611
60.549 -3.01613
60.671 -3.01613
60.674 -3.01613
60.720 -3.01613
60.753 -3.01613
61.549 -3.01615
61.668 -3.01615
61.672 -3.01615
61.709 -3.01615
61.749 -3.01615
62.549 -3.01616
62.671 -3.01616
62.674 -3.01616
62.712 -3.01616
62.752 -3.01616
63.549 -3.01615
63.667 -3.01615
63.671 -3.01615
63.708 -3.01615
63.748 -3.01615
64.550 -3.01617
64.671 -3.01617
64.675 -3.01617
64.712 -3.01617
64.752 -3.01617
65.549 -3.01618
65.678 -3.01618
65.716 -3.01618
65.722 -3.01618
65.760 -3.01618
66.549 -3.01620
66.669 -3.01620
66.672 -3.01620
66.710 -3.01620
66.750 -3.01620
67.676 -3.01621
67.679 -3.01621
67.718 -3.01621
67.756 -3.01621
67.797 -3.01621
68.549 -3.01622
68.674 -3.01622
68.677 -3.01622
68.721 -3.01622
68.756 -3.01622
69.550 -3.01622
69.672 -3.01622
69.675 -3.01622
69.713 -3.01622
69.753 -3.01622
70.549 -3.01623
70.672 -3.01623
70.675 -3.01623
70.714 -3.01623
70.754 -3.01623
71.548 -3.01625
71.669 -3.01625
71.672 -3.01625
71.711 -3.01625
71.751 -3.01625
72.549 -3.01625
72.668 -3.01625
72.672 -3.01625
72.710 -3.01625
72.750 -3.01625
73.669 -3.01626
73.672 -3.01626
73.710 -3.01626
73.750 -3.01626
73.790 -3.01626
74.550 -3.01627
74.669 -3.01627
74.672 -3.01627
74.710 -3.01627
74.751 -3.01627
75.549 -3.01628
75.673 -3.01628
75.677 -3.01628
75.720 -3.01628
75.755 -3.01628
76.680 -3.01628
76.717 -3.01628
76.721 -3.01628
76.761 -3.01628
76.801 -3.01628
77.549 -3.01629
77.676 -3.01629
77.717 -3.01629
77.724 -3.01629
77.758 -3.01629
78.549 -3.01630
78.675 -3.01630
78.678 -3.01630
78.720 -3.01630
78.757 -3.01630
79.677 -3.01630
79.717 -3.01630
79.721 -3.01630
79.758 -3.01630
79.798 -3.01630
80.549 -3.01630
80.671 -3.01630
80.674 -3.01630
80.712 -3.01630
80.752 -3.01630
81.668 -3.01629
81.671 -3.01629
81.708 -3.01629
81.749 -3.01629
81.789 -3.01629
82.669 -3.01631
82.673 -3.01631
82.709 -3.01631
82.749 -3.01631
82.790 -3.01631
83.549 -3.01632
83.665 -3.01632
83.668 -3.01632
83.706 -3.01632
83.747 -3.01632
84.671 -3.01633
84.674 -3.01633
84.711 -3.01633
84.751 -3.01633
84.792 -3.01633
85.646 -3.01633
85.649 -3.01633
85.686 -3.01633
85.726 -3.01633
85.767 -3.01633
86.640 -3.01631
86.643 -3.01631
86.680 -3.01631
86.720 -3.01631
86.760 -3.01631
87.645 -3.01631
87.648 -3.01631
87.685 -3.01631
87.725 -3.01631
87.765 -3.01631
88.642 -3.01631
88.646 -3.01631
88.682 -3.01631
88.722 -3.01631
88.762 -3.01631
89.640 -3.01632
89.643 -3.01632
89.680 -3.01632
89.720 -3.01632
89.760 -3.01632
90.648 -3.01632
90.651 -3.01632
90.688 -3.01632
90.728 -3.01632
90.768 -3.01632
91.644 -3.01633
91.647 -3.01633
91.684 -3.01633
91.724 -3.01633
91.764 -3.01633
92.644 -3.01634
92.647 -3.01634
92.684 -3.01634
92.724 -3.01634
92.764 -3.01634
93.651 -3.01635
93.655 -3.01635
93.691 -3.01635
93.731 -3.01635
93.771 -3.01635
94.648 -3.01634
94.651 -3.01634
94.688 -3.01634
94.728 -3.01634
94.769 -3.01634
95.652 -3.01636
95.655 -3.01636
95.692 -3.01636
95.732 -3.01636
95.772 -3.01636
96.651 -3.01636
96.654 -3.01636
96.691 -3.01636
96.731 -3.01636
96.771 -3.01636
97.647 -3.01637
97.650 -3.01637
97.688 -3.01637
97.728 -3.01637
97.768 -3.01637
98.643 -3.01638
98.646 -3.01638
98.684 -3.01638
98.724 -3.01638
98.764 -3.01638
99.644 -3.01638
99.648 -3.01638
99.685 -3.01638
99.725 -3.01638
99.765 -3.01638
100.647 -3.01639
100.650 -3.01639
100.688 -3.01639
100.728 -3.01639
100.768 -3.01639
101.640 -3.01639
101.644 -3.01639
101.681 -3.01639
101.721 -3.01639
101.761 -3.01639
102.644 -3.01639
102.648 -3.01639
102.685 -3.01639
102.725 -3.01639
102.765 -3.01639
103.643 -3.01640
103.647 -3.01640
103.684 -3.01640
103.724 -3.01640
103.764 -3.01640
104.643 -3.01640
104.647 -3.01640
104.684 -3.01640
104.724 -3.01640
104.764 -3.01640
105.651 -3.01641
105.654 -3.01641
105.691 -3.01641
105.732 -3.01641
105.772 -3.01641
106.647 -3.01642
106.650 -3.01642
106.687 -3.01642
106.728 -3.01642
106.768 -3.01642
107.646 -3.01642
107.650 -3.01642
107.686 -3.01642
107.726 -3.01642
107.767 -3.01642
108.645 -3.01641
108.648 -3.01641
108.685 -3.01641
108.725 -3.01641
108.766 -3.01641
109.644 -3.01641
109.647 -3.01641
109.684 -3.01641
109.725 -3.01641
109.765 -3.01641
110.645 -3.01641
110.648 -3.01641
110.685 -3.01641
110.725 -3.01641
110.766 -3.01641
111.646 -3.01640
111.649 -3.01640
111.686 -3.01640
111.726 -3.01640
111.767 -3.01640
112.642 -3.01640
112.645 -3.01640
112.682 -3.01640
112.722 -3.01640
112.762 -3.01640
113.640 -3.01639
113.643 -3.01639
113.680 -3.01639
113.720 -3.01639
113.760 -3.01639
114.645 -3.01639
114.648 -3.01639
114.685 -3.01639
114.725 -3.01639
114.765 -3.01639
115.648 -3.01638
115.651 -3.01638
115.688 -3.01638
115.728 -3.01638
115.768 -3.01638
116.645 -3.01637
116.648 -3.01637
116.685 -3.01637
116.725 -3.01637
116.765 -3.01637
117.648 -3.01636
117.651 -3.01636
117.688 -3.01636
117.728 -3.01636
117.768 -3.01636
118.641 -3.01636
118.644 -3.01636
118.681 -3.01636
118.721 -3.01636
118.761 -3.01636
119.642 -3.01634
119.645 -3.01634
119.682 -3.01634
119.722 -3.01634
119.762 -3.01634
120.647 -3.01633
120.650 -3.01633
120.687 -3.01633
120.727 -3.01633
120.767 -3.01633
121.643 -3.01632
121.646 -3.01632
121.683 -3.01632
121.723 -3.01632
121.763 -3.01632
122.637 -3.01630
122.640 -3.01630
122.677 -3.01630
122.717 -3.01630
122.757 -3.01630
123.643 -3.01629
123.646 -3.01629
123.683 -3.01629
123.723 -3.01629
123.763 -3.01629
124.635 -3.01629
124.642 -3.01629
124.676 -3.01629
124.716 -3.01629
124.756 -3.01629
125.638 -3.01628
125.641 -3.01628
125.679 -3.01628
125.719 -3.01628
125.759 -3.01628
126.637 -3.01627
126.641 -3.01627
126.678 -3.01627
126.718 -3.01627
126.758 -3.01627
127.637 -3.01627
127.640 -3.01627
127.678 -3.01627
127.718 -3.01627
127.758 -3.01627
128.637 -3.01626
128.640 -3.01626
128.678 -3.01626
128.718 -3.01626
128.758 -3.01626
129.646 -3.01624
129.649 -3.01624
129.687 -3.01624
129.727 -3.01624
129.767 -3.01624
130.647 -3.01623
130.650 -3.01623
130.688 -3.01623
130.728 -3.01623
130.768 -3.01623
131.644 -3.01621
131.647 -3.01621
131.685 -3.01621
131.725 -3.01621
131.765 -3.01621
132.648 -3.01620
132.652 -3.01620
132.688 -3.01620
132.729 -3.01620
132.769 -3.01620
133.646 -3.01620
133.649 -3.01620
133.686 -3.01620
133.727 -3.01620
133.767 -3.01620
134.647 -3.01618
134.650 -3.01618
134.687 -3.01618
134.728 -3.01618
134.768 -3.01618
135.653 -3.01617
135.656 -3.01617
135.693 -3.01617
135.734 -3.01617
135.774 -3.01617
136.648 -3.01616
136.651 -3.01616
136.688 -3.01616
136.729 -3.01616
136.769 -3.01616
137.648 -3.01615
137.651 -3.01615
137.688 -3.01615
137.729 -3.01615
137.769 -3.01615
138.650 -3.01614
138.653 -3.01614
138.690 -3.01614
138.730 -3.01614
138.771 -3.01614
139.648 -3.01612
139.651 -3.01612
139.688 -3.01612
139.728 -3.01612
139.769 -3.01612
140.652 -3.01611
140.655 -3.01611
140.692 -3.01611
140.732 -3.01611
140.773 -3.01611
141.649 -3.01610
141.652 -3.01610
141.689 -3.01610
141.729 -3.01610
141.769 -3.01610
142.639 -3.01608
142.642 -3.01608
142.679 -3.01608
142.719 -3.01608
142.759 -3.01608
143.633 -3.01607
143.636 -3.01607
143.673 -3.01607
143.713 -3.01607
143.753 -3.01607
144.633 -3.01606
144.636 -3.01606
144.673 -3.01606
144.713 -3.01606
144.753 -3.01606
145.641 -3.01605
145.645 -3.01605
145.681 -3.01605
145.721 -3.01605
145.761 -3.01605
146.638 -3.01604
146.642 -3.01604
146.678 -3.01604
146.718 -3.01604
146.758 -3.01604
147.636 -3.01603
147.639 -3.01603
147.676 -3.01603
147.716 -3.01603
147.756 -3.01603
148.641 -3.01602
148.644 -3.01602
148.681 -3.01602
148.721 -3.01602
148.761 -3.01602
149.639 -3.01601
149.643 -3.01601
149.679 -3.01601
149.719 -3.01601
149.759 -3.01601
150.644 -3.01599
150.647 -3.01599
150.684 -3.01599
150.724 -3.01599
150.764 -3.01599
151.641 -3.01598
151.644 -3.01598
151.681 -3.01598
151.721 -3.01598
151.761 -3.01598
152.640 -3.01597
152.643 -3.01597
152.681 -3.01597
152.721 -3.01597
152.761 -3.01597
153.641 -3.01596
153.644 -3.01596
153.682 -3.01596
153.722 -3.01596
153.762 -3.01596
