0.678 0.00000
0.718 306.00000
0.759 306.00000
0.799 306.00000
0.839 306.00000
1.674 306.00000
1.677 308.70001
1.716 308.70001
1.755 308.70001
1.795 308.70001
2.548 308.70001
2.677 311.20001
2.716 311.20001
2.722 311.20001
2.759 311.20001
3.720 311.20001
3.724 314.00000
3.760 314.00000
3.800 314.00000
3.840 314.00000
4.680 314.00000
4.719 316.29999
4.722 316.29999
4.761 316.29999
4.801 316.29999
5.548 316.29999
5.724 317.89999
5.728 317.89999
5.765 317.89999
5.805 317.89999
6.681 317.89999
6.718 319.29999
6.721 319.29999
6.761 319.29999
6.801 319.29999
7.680 319.29999
7.716 319.79999
7.720 319.79999
7.760 319.79999
7.800 319.79999
8.548 319.79999
8.676 319.70001
8.717 319.70001
8.723 319.70001
8.757 319.70001
9.680 319.70001
9.716 319.10001
9.720 319.10001
9.760 319.10001
9.800 319.10001
10.548 319.10001
10.680 317.79999
10.719 317.79999
10.725 317.79999
10.762 317.79999
11.550 317.79999
11.722 316.10001
11.725 316.10001
11.763 316.10001
11.803 316.10001
12.682 316.10001
12.716 313.60001
12.722 313.60001
12.762 313.60001
12.802 313.60001
13.677 313.60001
13.717 311.10001
13.720 311.10001
13.758 311.10001
13.798 311.10001
14.550 311.10001
14.671 308.70001
14.674 308.70001
14.712 308.70001
14.752 308.70001
15.547 308.70001
15.671 305.60001
15.674 305.60001
15.712 305.60001
15.752 305.60001
16.547 305.60001
16.664 301.79999
16.668 301.79999
16.706 301.79999
16.746 301.79999
17.547 301.79999
17.664 298.70001
17.667 298.70001
17.706 298.70001
17.746 298.70001
18.548 298.70001
18.662 295.10001
18.665 295.10001
18.704 295.10001
18.744 295.10001
19.667 295.10001
19.670 291.10001
19.708 291.10001
19.748 291.10001
19.788 291.10001
20.548 291.10001
20.672 287.60001
20.675 287.60001
20.715 287.60001
20.754 287.60001
21.668 287.60001
21.672 283.89999
21.709 283.89999
21.749 283.89999
21.789 283.89999
22.548 283.89999
22.664 280.60001
22.668 280.60001
22.705 280.60001
22.746 280.60001
23.548 280.60001
23.664 276.79999
23.668 276.79999
23.705 276.79999
23.746 276.79999
24.665 276.79999
24.668 272.60001
24.705 272.60001
24.746 272.60001
24.786 272.60001
25.548 272.60001
25.666 269.29999
25.669 269.29999
25.707 269.29999
25.747 269.29999
26.548 269.29999
26.664 265.60001
26.668 265.60001
26.705 265.60001
26.745 265.60001
27.666 265.60001
27.669 261.50000
27.706 261.50000
27.747 261.50000
27.787 261.50000
28.667 261.50000
28.670 257.50000
28.707 257.50000
28.747 257.50000
28.788 257.50000
29.548 257.50000
29.665 254.00000
29.668 254.00000
29.706 254.00000
29.746 254.00000
30.548 254.00000
30.666 250.00000
30.670 250.00000
30.707 250.00000
30.747 250.00000
31.666 250.00000
31.670 245.60001
31.706 245.60001
31.746 245.60001
31.787 245.60001
32.548 245.60001
32.672 242.00000
32.676 242.00000
32.716 242.00000
32.754 242.00000
33.548 242.00000
33.666 237.89999
33.669 237.89999
33.707 237.89999
33.747 237.89999
34.671 237.89999
34.674 233.50000
34.711 233.50000
34.751 233.50000
34.791 233.50000
35.549 233.50000
35.675 230.00000
35.717 230.00000
35.723 230.00000
35.758 230.00000
36.549 230.00000
36.667 226.00000
36.670 226.00000
36.708 226.00000
36.748 226.00000
37.670 226.00000
37.674 222.50000
37.710 222.50000
37.750 222.50000
37.790 222.50000
38.549 222.50000
38.669 219.80000
38.672 219.80000
38.710 219.80000
38.750 219.80000
39.672 219.80000
39.675 216.89999
39.712 216.89999
39.752 216.89999
39.792 216.89999
40.549 216.89999
40.671 214.80000
40.674 214.80000
40.712 214.80000
40.752 214.80000
41.549 214.80000
41.669 213.10001
41.673 213.10001
41.710 213.10001
41.750 213.10001
42.670 213.10001
42.674 211.70000
42.716 211.70000
42.752 211.70000
42.792 211.70000
43.548 211.70000
43.666 211.00000
43.669 211.00000
43.708 211.00000
43.748 211.00000
44.549 211.00000
44.669 210.89999
44.672 210.89999
44.711 210.89999
44.751 210.89999
45.548 210.89999
45.670 211.20000
45.673 211.20000
45.711 211.20000
45.752 211.20000
46.670 211.20000
46.673 212.10001
46.711 212.10001
46.751 212.10001
46.791 212.10001
47.548 212.10001
47.669 213.50000
47.672 213.50000
47.710 213.50000
47.751 213.50000
48.668 213.50000
48.672 215.70000
48.709 215.70000
48.749 215.70000
48.789 215.70000
49.667 215.70000
49.670 218.10001
49.707 218.10001
49.748 218.10001
49.788 218.10001
50.548 218.10001
50.670 220.89999
50.673 220.89999
50.711 220.89999
50.751 220.89999
51.666 220.89999
51.670 224.70000
51.706 224.70000
51.747 224.70000
51.787 224.70000
52.672 224.70000
52.675 228.30000
52.712 228.30000
52.753 228.30000
52.793 228.30000
53.548 228.30000
53.669 231.50000
53.672 231.50000
53.710 231.50000
53.750 231.50000
54.670 231.50000
54.673 235.39999
54.710 235.39999
54.751 235.39999
54.791 235.39999
55.549 235.39999
55.673 238.39999
55.677 238.39999
55.720 238.39999
55.755 238.39999
56.549 238.39999
56.669 241.30000
56.672 241.30000
56.710 241.30000
56.750 241.30000
57.549 241.30000
57.668 243.89999
57.671 243.89999
57.709 243.89999
57.749 243.89999
58.549 243.89999
58.668 246.10001
58.671 246.10001
58.709 246.10001
58.749 246.10001
59.549 246.10001
59.668 248.20000
59.671 248.20000
59.709 248.20000
59.749 248.20000
60.549 248.20000
60.671 250.10001
60.674 250.10001
60.720 250.10001
60.753 250.10001
61.549 250.10001
61.668 251.89999
61.672 251.89999
61.709 251.89999
61.749 251.89999
62.549 251.89999
62.671 253.70000
62.674 253.70000
62.712 253.70000
62.752 253.70000
63.549 253.70000
63.667 255.70000
63.671 255.70000
63.708 255.70000
63.748 255.70000
64.550 255.70000
64.671 257.70001
64.675 257.70001
64.712 257.70001
64.752 257.70001
65.549 257.70001
65.678 259.89999
65.716 259.89999
65.722 259.89999
65.760 259.89999
66.549 259.89999
66.669 262.50000
66.672 262.50000
66.710 262.50000
66.750 262.50000
67.676 262.50000
67.679 265.50000
67.718 265.50000
67.756 265.50000
67.797 265.50000
68.549 265.50000
68.674 268.10001
68.677 268.10001
68.721 268.10001
68.756 268.10001
69.550 268.10001
69.672 271.50000
69.675 271.50000
69.713 271.50000
69.753 271.50000
70.549 271.50000
70.672 274.00000
70.675 274.00000
70.714 274.00000
70.754 274.00000
71.548 274.00000
71.669 277.10001
71.672 277.10001
71.711 277.10001
71.751 277.10001
72.549 277.10001
72.668 279.89999
72.672 279.89999
72.710 279.89999
72.750 279.89999
73.669 279.89999
73.672 282.60001
73.710 282.60001
73.750 282.60001
73.790 282.60001
74.550 282.60001
74.669 285.20001
74.672 285.20001
74.710 285.20001
74.751 285.20001
75.549 285.20001
75.673 287.70001
75.677 287.70001
75.720 287.70001
75.755 287.70001
76.680 287.70001
76.717 290.89999
76.721 290.89999
76.761 290.89999
76.801 290.89999
77.549 290.89999
77.676 293.60001
77.717 293.60001
77.724 293.60001
77.758 293.60001
78.549 293.60001
78.675 296.89999
78.678 296.89999
78.720 296.89999
78.757 296.89999
79.677 296.89999
79.717 300.20001
79.721 300.20001
79.758 300.20001
79.798 300.20001
80.549 300.20001
80.671 303.10001
80.674 303.10001
80.712 303.10001
80.752 303.10001
81.668 303.10001
81.671 307.29999
81.708 307.29999
81.749 307.29999
81.789 307.29999
82.669 307.29999
82.673 311.10001
82.709 311.10001
82.749 311.10001
82.790 311.10001
83.549 311.10001
83.665 314.29999
83.668 314.29999
83.706 314.29999
83.747 314.29999
84.671 314.29999
84.674 318.60001
84.711 318.60001
84.751 318.60001
84.792 318.60001
85.646 318.60001
85.649 321.70001
85.686 321.70001
85.726 321.70001
85.767 321.70001
86.640 321.70001
86.643 324.79999
86.680 324.79999
86.720 324.79999
86.760 324.79999
87.645 324.79999
87.648 327.10001
87.685 327.10001
87.725 327.10001
87.765 327.10001
88.642 327.10001
88.646 328.89999
88.682 328.89999
88.722 328.89999
88.762 328.89999
89.640 328.89999
89.643 329.79999
89.680 329.79999
89.720 329.79999
89.760 329.79999
90.648 329.79999
90.651 330.10001
90.688 330.10001
90.728 330.10001
90.768 330.10001
91.644 330.10001
91.647 330.10001
91.684 330.10001
91.724 330.10001
91.764 330.10001
92.644 330.10001
92.647 329.50000
92.684 329.50000
92.724 329.50000
92.764 329.50000
93.651 329.50000
93.655 328.89999
93.691 328.89999
93.731 328.89999
93.771 328.89999
94.648 328.89999
94.651 327.79999
94.688 327.79999
94.728 327.79999
94.769 327.79999
95.652 327.79999
95.655 326.89999
95.692 326.89999
95.732 326.89999
95.772 326.89999
96.651 326.89999
96.653 326.10001
96.691 326.10001
96.731 326.10001
96.771 326.10001
97.647 326.10001
97.650 325.39999
97.688 325.39999
97.728 325.39999
97.768 325.39999
98.643 325.39999
98.646 325.10001
98.684 325.10001
98.724 325.10001
98.764 325.10001
99.644 325.10001
99.648 325.20001
99.685 325.20001
99.725 325.20001
99.765 325.20001
100.647 325.20001
100.650 325.39999
100.688 325.39999
100.728 325.39999
100.768 325.39999
101.640 325.39999
101.644 326.20001
101.681 326.20001
101.721 326.20001
101.761 326.20001
102.644 326.20001
102.648 327.50000
102.685 327.50000
102.725 327.50000
102.765 327.50000
103.643 327.50000
103.647 329.20001
103.684 329.20001
103.724 329.20001
103.764 329.20001
104.643 329.20001
104.647 331.20001
104.684 331.20001
104.724 331.20001
104.764 331.20001
105.651 331.20001
105.654 333.60001
105.691 333.60001
105.732 333.60001
105.772 333.60001
106.647 333.60001
106.650 336.50000
106.687 336.50000
106.728 336.50000
106.768 336.50000
107.646 336.50000
107.650 339.39999
107.686 339.39999
107.726 339.39999
107.767 339.39999
108.645 339.39999
108.648 342.39999
108.685 342.39999
108.725 342.39999
108.766 342.39999
109.644 342.39999
109.647 346.20001
109.684 346.20001
109.725 346.20001
109.765 346.20001
110.645 346.20001
110.648 349.79999
110.685 349.79999
110.725 349.79999
110.766 349.79999
111.646 349.79999
111.649 353.79999
111.686 353.79999
111.726 353.79999
111.767 353.79999
112.642 353.79999
112.645 357.89999
112.682 357.89999
112.722 357.89999
112.762 357.89999
113.640 357.89999
113.643 2.10000
113.680 2.10000
113.720 2.10000
113.760 2.10000
114.645 2.10000
114.648 6.30000
114.685 6.30000
114.725 6.30000
114.765 6.30000
115.648 6.30000
115.651 10.40000
115.688 10.40000
115.728 10.40000
115.768 10.40000
116.645 10.40000
116.648 14.70000
116.685 14.70000
116.725 14.70000
116.765 14.70000
117.648 14.70000
117.651 19.00000
117.688 19.00000
117.728 19.00000
117.768 19.00000
118.641 19.00000
118.644 23.40000
118.681 23.40000
118.721 23.40000
118.761 23.40000
119.642 23.40000
119.645 27.60000
119.682 27.60000
119.722 27.60000
119.762 27.60000
120.647 27.60000
120.650 32.00000
120.687 32.00000
120.727 32.00000
120.767 32.00000
121.643 32.00000
121.646 36.40000
121.683 36.40000
121.723 36.40000
121.763 36.40000
122.637 36.40000
122.640 40.90000
122.677 40.90000
122.717 40.90000
122.757 40.90000
123.643 40.90000
123.646 45.20000
123.683 45.20000
123.723 45.20000
123.763 45.20000
124.635 45.20000
124.642 49.30000
124.676 49.30000
124.716 49.30000
124.756 49.30000
125.638 49.30000
125.641 53.20000
125.679 53.20000
125.719 53.20000
125.759 53.20000
126.637 53.20000
126.641 56.90000
126.678 56.90000
126.718 56.90000
126.758 56.90000
127.637 56.90000
127.640 60.30000
127.678 60.30000
127.718 60.30000
127.758 60.30000
128.637 60.30000
128.640 63.60000
128.678 63.60000
128.718 63.60000
128.758 63.60000
129.646 63.60000
129.649 66.70000
129.687 66.70000
129.727 66.70000
129.767 66.70000
130.647 66.70000
130.650 69.70000
130.688 69.70000
130.728 69.70000
130.768 69.70000
131.644 69.70000
131.647 72.60000
131.685 72.60000
131.725 72.60000
131.765 72.60000
132.648 72.60000
132.652 75.10000
132.688 75.10000
132.729 75.10000
132.769 75.10000
133.646 75.10000
133.649 77.40000
133.686 77.40000
133.727 77.40000
133.767 77.40000
134.647 77.40000
134.650 79.40000
134.687 79.40000
134.728 79.40000
134.768 79.40000
135.653 79.40000
135.656 81.00000
135.693 81.00000
135.734 81.00000
135.774 81.00000
136.648 81.00000
136.651 82.40000
136.688 82.40000
136.729 82.40000
136.769 82.40000
137.648 82.40000
137.651 83.40000
137.688 83.40000
137.729 83.40000
137.769 83.40000
138.650 83.40000
138.653 84.10000
138.690 84.10000
138.730 84.10000
138.771 84.10000
139.648 84.10000
139.651 84.50000
139.688 84.50000
139.728 84.50000
139.769 84.50000
140.652 84.50000
140.655 84.90000
140.692 84.90000
140.732 84.90000
140.773 84.90000
141.649 84.90000
141.652 85.00000
141.689 85.00000
141.729 85.00000
141.769 85.00000
142.639 85.00000
142.642 85.10000
142.679 85.10000
142.719 85.10000
142.759 85.10000
143.633 85.10000
143.636 85.40000
143.673 85.40000
143.713 85.40000
143.753 85.40000
144.633 85.40000
144.636 85.60000
144.673 85.60000
144.713 85.60000
144.753 85.60000
145.641 85.60000
145.645 86.10000
145.681 86.10000
145.721 86.10000
145.761 86.10000
146.638 86.10000
146.642 86.70000
146.678 86.70000
146.718 86.70000
146.758 86.70000
147.636 86.70000
147.639 87.70000
147.676 87.70000
147.716 87.70000
147.756 87.70000
148.641 87.70000
148.644 88.80000
148.681 88.80000
148.721 88.80000
148.761 88.80000
149.639 88.80000
149.643 90.20000
149.679 90.20000
149.719 90.20000
149.759 90.20000
150.644 90.20000
150.647 91.70000
150.684 91.70000
150.724 91.70000
150.764 91.70000
151.641 91.70000
151.644 93.10000
151.681 93.10000
151.721 93.10000
151.761 93.10000
152.640 93.10000
152.643 94.40000
152.681 94.40000
152.721 94.40000
152.761 94.40000
153.641 94.40000
153.644 95.70000
153.682 95.70000
153.722 95.70000
153.762 95.70000
