0.678 5
1.674 5
2.548 5
3.720 5
4.680 5
5.548 5
6.681 5
7.680 5
8.548 5
9.680 5
10.548 5
11.550 5
12.682 5
13.677 5
14.550 5
15.547 5
16.547 5
17.547 5
18.548 5
19.667 5
20.548 5
21.668 5
22.548 5
23.548 5
24.665 5
25.548 5
26.548 5
27.666 5
28.667 5
29.548 5
30.548 5
31.666 5
32.548 5
33.548 5
34.671 5
35.549 5
36.549 5
37.670 5
38.549 5
39.672 5
40.549 5
41.549 5
42.670 5
43.548 5
44.549 5
45.548 5
46.670 5
47.548 5
48.668 5
49.667 5
50.548 5
51.666 5
52.672 5
53.548 5
54.670 5
55.549 5
56.549 5
57.549 5
58.549 5
59.549 5
60.549 5
61.549 5
62.549 5
63.549 5
64.550 5
65.549 5
66.549 5
67.676 5
68.549 5
69.550 5
70.548 5
71.548 5
72.549 5
73.669 5
74.550 5
75.549 5
76.680 5
77.549 5
78.549 5
79.677 5
80.549 5
81.668 5
82.669 5
83.549 5
84.671 5
85.646 5
86.640 5
87.645 5
88.642 5
89.640 5
90.648 5
91.644 5
92.644 5
93.651 5
94.648 5
95.651 5
96.651 5
97.647 5
98.643 5
99.644 5
100.647 5
101.640 5
102.644 5
103.643 5
104.643 5
105.651 5
106.647 5
107.646 5
108.645 5
109.644 5
110.645 5
111.646 5
112.642 5
113.640 5
114.645 5
115.648 5
116.645 5
117.648 5
118.641 5
119.642 5
120.647 5
121.643 5
122.637 5
123.643 5
124.635 5
125.638 5
126.637 5
127.637 5
128.637 5
129.646 5
130.647 5
131.644 5
132.648 5
133.646 5
134.647 5
135.653 5
136.648 5
137.648 5
138.650 5
139.648 5
140.652 5
141.649 5
142.639 5
143.633 5
144.633 5
145.641 5
146.638 5
147.636 5
148.641 5
149.639 5
150.644 5
151.640 5
152.640 5
153.641 5
