0.794 3538.00000
1.299 3507.00000
1.803 3511.00000
2.308 3519.00000
2.813 3529.00000
3.317 3512.00000
3.822 3502.00000
4.326 5.00000
4.831 3488.00000
5.335 3510.00000
5.840 3504.00000
6.344 3496.00000
6.849 349.00000
7.353 3522.00000
7.858 3491.00000
8.362 3492.00000
8.867 3485.00000
9.371 3491.00000
9.876 3481.00000
10.380 3482.00000
10.885 3491.00000
11.389 3478.00000
11.894 3481.00000
12.399 3487.00000
12.903 3485.00000
13.408 3486.00000
13.912 3485.00000
14.417 3477.00000
14.922 483.00000
15.426 3478.00000
15.931 3490.00000
16.435 3487.00000
16.940 3481.00000
17.444 347.00000
17.949 3478.00000
18.454 3486.00000
18.958 3483.00000
19.463 3480.00000
19.968 3477.00000
20.472 3471.00000
20.976 3478.00000
21.481 3478.00000
21.985 3469.00000
22.490 3472.00000
22.994 3475.00000
23.499 3479.00000
24.003 3471.00000
24.509 3475.00000
25.013 3474.00000
25.518 3459.00000
26.022 3443.00000
26.526 3476.00000
27.031 3441.00000
27.538 3491.00000
28.042 0.00000
28.547 3408.00000
29.052 3423.00000
29.556 3437.00000
30.063 3421.00000
30.567 3403.00000
31.072 3414.00000
31.576 3403.00000
32.080 3386.00000
32.585 3384.00000
33.089 3404.00000
33.594 3392.00000
34.098 3375.00000
34.602 3391.00000
35.107 3383.00000
35.612 3357.00000
36.116 3352.00000
36.621 3356.00000
37.125 3371.00000
37.630 3323.00000
38.134 3335.00000
38.638 336.00000
39.143 3301.00000
39.647 3293.00000
40.151 175.00000
40.656 3291.00000
41.160 62.00000
41.665 3259.00000
42.169 3266.00000
42.673 3241.00000
43.178 3237.00000
43.683 325.00000
44.188 3227.00000
44.692 3215.00000
45.197 3197.00000
45.701 3187.00000
46.206 3186.00000
46.710 3181.00000
47.215 3205.00000
47.719 3200.00000
48.224 3221.00000
48.728 3163.00000
49.233 3195.00000
49.738 3181.00000
50.242 3158.00000
50.746 3156.00000
51.251 3164.00000
51.756 151.00000
52.260 3109.00000
52.764 3110.00000
53.269 3129.00000
53.773 3089.00000
54.278 0.00000
54.782 3086.00000
55.287 3077.00000
55.791 3063.00000
56.296 3066.00000
56.800 305.00000
57.304 3041.00000
57.809 3037.00000
58.313 3021.00000
58.818 3004.00000
59.322 3006.00000
59.827 2997.00000
60.331 2991.00000
60.835 2983.00000
61.340 3001.00000
61.844 2979.00000
62.349 2985.00000
62.853 2983.00000
63.358 2980.00000
63.862 2967.00000
64.367 2950.00000
64.871 2958.00000
65.376 3000.00000
65.881 2963.00000
66.386 2944.00000
66.891 2974.00000
67.395 7.00000
67.900 2967.00000
68.405 2958.00000
68.909 2920.00000
69.413 2945.00000
69.918 2925.00000
70.422 2936.00000
70.927 2902.00000
71.431 2908.00000
71.936 2914.00000
72.440 2918.00000
72.945 2938.00000
73.449 2931.00000
73.954 2922.00000
74.459 2941.00000
74.963 3007.00000
75.468 2916.00000
75.972 2929.00000
76.477 2906.00000
76.982 2898.00000
77.486 2907.00000
77.990 957.00000
78.495 2898.00000
78.999 2911.00000
79.504 2990.00000
80.008 2937.00000
80.513 2.00000
81.018 2907.00000
81.522 2956.00000
82.026 2941.00000
82.531 2941.00000
83.035 2934.00000
83.539 2947.00000
84.044 3008.00000
84.549 2971.00000
85.053 2966.00000
85.557 2989.00000
86.062 2983.00000
86.566 3078.00000
87.071 3008.00000
87.575 3083.00000
88.079 3050.00000
88.583 3049.00000
89.087 3057.00000
89.592 3147.00000
90.096 3072.00000
90.601 3089.00000
91.105 3102.00000
91.610 3151.00000
92.114 3138.00000
92.619 3153.00000
93.123 3126.00000
93.628 62.00000
94.132 3130.00000
94.637 3158.00000
95.142 3159.00000
95.646 3175.00000
96.150 316.00000
96.655 3195.00000
97.159 3214.00000
97.664 3178.00000
98.168 3172.00000
98.672 3204.00000
99.177 3206.00000
99.682 3210.00000
100.186 3222.00000
100.691 3246.00000
101.195 3231.00000
101.700 3277.00000
102.204 3253.00000
102.709 3265.00000
103.213 3284.00000
103.718 3275.00000
104.223 266.00000
104.727 3273.00000
105.231 3284.00000
105.736 3287.00000
106.240 3298.00000
106.745 1.00000
107.249 3334.00000
107.754 3310.00000
108.259 3339.00000
108.764 3323.00000
109.268 3327.00000
109.773 0.00000
110.277 3343.00000
110.782 3353.00000
111.287 3351.00000
111.791 3371.00000
112.296 3373.00000
112.800 3389.00000
113.305 0.00000
113.809 3369.00000
114.314 3389.00000
114.818 3362.00000
115.323 3374.00000
115.827 3357.00000
116.332 3381.00000
116.836 3386.00000
117.341 90.00000
117.845 3441.00000
118.350 3377.00000
118.855 3413.00000
119.359 3448.00000
119.864 342.00000
120.368 3447.00000
120.873 3440.00000
121.377 3429.00000
121.882 3448.00000
122.386 3447.00000
122.891 3461.00000
123.395 3460.00000
123.900 3462.00000
124.404 3440.00000
124.909 3445.00000
125.413 3466.00000
125.918 3458.00000
126.422 3449.00000
126.927 3447.00000
127.431 3449.00000
127.936 3453.00000
128.440 3479.00000
128.945 3449.00000
129.449 3455.00000
129.954 3455.00000
130.458 64.00000
130.962 3460.00000
131.467 3461.00000
131.972 3477.00000
132.476 3458.00000
132.981 3461.00000
133.485 3482.00000
133.990 3462.00000
134.495 3465.00000
134.999 3471.00000
135.504 3466.00000
136.009 3471.00000
136.513 3469.00000
137.018 3468.00000
137.523 3465.00000
138.027 3475.00000
138.532 3496.00000
139.037 3480.00000
139.542 3468.00000
140.046 3471.00000
140.551 3479.00000
141.056 5.00000
141.561 3484.00000
142.065 3479.00000
142.570 3470.00000
143.074 3488.00000
143.579 3477.00000
144.084 3477.00000
144.589 3475.00000
145.093 3478.00000
145.598 3485.00000
146.102 3483.00000
146.607 3484.00000
147.111 3483.00000
147.616 3485.00000
148.121 3485.00000
148.625 3491.00000
149.130 3492.00000
149.634 3478.00000
150.139 3495.00000
150.644 3480.00000
151.148 3490.00000
151.652 81.00000
152.157 3503.00000
152.661 3495.00000
153.166 3486.00000
153.670 3483.00000
154.174 0.00000
154.679 3487.00000
155.183 3489.00000
155.688 3492.00000
156.192 3489.00000
156.697 3491.00000
157.202 3491.00000
157.706 3498.00000
158.211 3515.00000
158.715 3492.00000
159.220 3490.00000
159.724 3491.00000
160.229 3499.00000
160.734 3490.00000
161.238 3489.00000
161.742 3498.00000
162.247 3490.00000
162.751 3492.00000
163.256 3496.00000
163.761 3494.00000
164.265 3490.00000
164.770 90.00000
165.275 3493.00000
165.779 3509.00000
166.284 3505.00000
166.788 3491.00000
167.293 3494.00000
167.797 3501.00000
168.302 3495.00000
168.806 3497.00000
169.310 3499.00000
169.815 3502.00000
170.319 3506.00000
170.824 3513.00000
171.328 3503.00000
171.833 3503.00000
172.338 3510.00000
172.842 3507.00000
173.347 3508.00000
173.852 3512.00000
174.356 3507.00000
174.861 3510.00000
175.366 9.00000
175.870 3519.00000
176.374 3516.00000
176.879 3515.00000
177.384 3517.00000
177.888 353.00000
178.393 3520.00000
178.897 3521.00000
179.402 3520.00000
179.906 3526.00000
180.411 3525.00000
180.916 3536.00000
181.420 3530.00000
181.925 3534.00000
182.430 3534.00000
182.934 3535.00000
183.439 3543.00000
183.943 3545.00000
184.448 3539.00000
184.952 3545.00000
185.456 3543.00000
185.961 3552.00000
186.465 3543.00000
186.970 3543.00000
187.474 3551.00000
187.979 3548.00000
188.483 549.00000
188.988 3551.00000
189.492 3550.00000
189.997 3554.00000
190.502 3558.00000
191.006 1.00000
191.510 3561.00000
192.015 3564.00000
192.520 3560.00000
193.025 3565.00000
193.529 3561.00000
194.034 3569.00000
194.538 3573.00000
195.043 3572.00000
195.547 3573.00000
196.052 3587.00000
196.557 3585.00000
197.062 3580.00000
197.566 3581.00000
198.071 3588.00000
198.576 3588.00000
199.081 591.00000
199.586 3594.00000
200.090 3603.00000
200.595 3598.00000
201.099 3612.00000
201.604 5.00000
202.109 3602.00000
202.614 3611.00000
203.118 3611.00000
203.623 3626.00000
204.127 3614.00000
204.632 3614.00000
205.136 3620.00000
205.641 3618.00000
206.145 3642.00000
206.649 3638.00000
207.154 3640.00000
207.658 3647.00000
208.163 3649.00000
208.667 3652.00000
209.172 3657.00000
209.676 3658.00000
210.181 3664.00000
210.685 3662.00000
211.190 3663.00000
211.695 3673.00000
212.199 75.00000
212.704 3688.00000
213.208 3677.00000
213.713 3679.00000
214.217 3686.00000
214.722 6.00000
215.226 3699.00000
215.731 3698.00000
216.235 3700.00000
216.740 3703.00000
217.245 3706.00000
217.749 3713.00000
218.253 3713.00000
218.758 3718.00000
219.263 3727.00000
219.767 3724.00000
220.271 3737.00000
220.776 3726.00000
221.280 3747.00000
221.785 3734.00000
222.289 3745.00000
222.794 3742.00000
223.298 3742.00000
223.803 3760.00000
224.308 3752.00000
224.813 3749.00000
225.317 756.00000
225.822 3755.00000
226.327 3756.00000
226.832 3758.00000
227.336 3762.00000
227.841 377.00000
228.345 3764.00000
228.850 3769.00000
229.355 3777.00000
229.860 3778.00000
230.364 3776.00000
230.869 3781.00000
231.374 3787.00000
231.878 3783.00000
232.383 3785.00000
232.888 3788.00000
233.393 3786.00000
233.897 3790.00000
234.402 3822.00000
234.907 3801.00000
235.411 3802.00000
235.916 3804.00000
236.421 3812.00000
236.925 3813.00000
237.429 3810.00000
237.934 3822.00000
238.438 5.00000
238.943 3820.00000
239.447 3812.00000
239.952 3832.00000
240.456 3823.00000
240.961 383.00000
241.465 3832.00000
241.969 3835.00000
242.474 3846.00000
242.978 3859.00000
243.483 3861.00000
243.987 3855.00000
244.492 3876.00000
244.996 3873.00000
245.501 3871.00000
246.006 3904.00000
246.510 3885.00000
247.014 3891.00000
247.519 3877.00000
248.023 3891.00000
248.528 3877.00000
249.032 875.00000
249.537 3873.00000
250.041 3900.00000
250.545 3883.00000
251.050 3859.00000
251.554 2.00000
252.059 3859.00000
252.564 3858.00000
253.069 3850.00000
253.573 3852.00000
254.078 3852.00000
254.583 3842.00000
255.087 3835.00000
255.592 3846.00000
256.097 3840.00000
256.601 3829.00000
257.106 3835.00000
257.610 3826.00000
258.115 3834.00000
258.620 3825.00000
259.124 3822.00000
259.629 3820.00000
260.133 3820.00000
260.638 3826.00000
261.142 3818.00000
261.647 3819.00000
262.151 19.00000
262.656 3825.00000
263.161 3814.00000
263.666 3813.00000
264.170 3819.00000
264.675 3812.00000
265.180 3814.00000
265.684 3812.00000
266.189 3813.00000
266.693 3811.00000
267.198 3814.00000
267.702 3822.00000
268.207 3815.00000
268.711 3815.00000
269.216 3817.00000
269.720 3808.00000
270.225 3808.00000
270.729 3808.00000
271.233 3808.00000
271.738 3822.00000
272.242 3810.00000
272.747 805.00000
273.251 3810.00000
273.756 3808.00000
274.260 3811.00000
274.764 3804.00000
275.269 1.00000
275.773 3803.00000
276.277 3804.00000
276.782 3799.00000
277.287 3807.00000
277.791 379.00000
278.296 3798.00000
278.800 3803.00000
279.304 3804.00000
279.809 3797.00000
280.313 3803.00000
280.818 3802.00000
281.323 3803.00000
281.827 3804.00000
282.331 3800.00000
282.836 3798.00000
283.341 3804.00000
283.845 3798.00000
284.350 3805.00000
284.855 3798.00000
285.359 3800.00000
285.863 794.00000
286.368 3792.00000
286.872 3799.00000
287.376 3804.00000
287.880 3792.00000
288.385 3.00000
288.889 3792.00000
289.394 3806.00000
289.899 3800.00000
290.403 3781.00000
290.908 378.00000
291.413 3785.00000
291.917 3795.00000
292.422 3785.00000
292.926 3788.00000
293.430 3773.00000
293.935 3775.00000
294.440 3765.00000
294.944 3772.00000
295.448 3779.00000
295.952 3763.00000
296.457 3763.00000
296.961 3761.00000
297.466 3775.00000
297.971 3771.00000
298.475 3755.00000
298.979 3764.00000
299.484 3750.00000
299.988 3765.00000
300.492 3772.00000
300.996 3757.00000
301.501 755.00000
302.005 3758.00000
302.509 3758.00000
303.014 3758.00000
303.519 3768.00000
304.023 4.00000
304.528 3777.00000
305.032 3788.00000
305.537 3798.00000
306.041 3823.00000
306.546 3810.00000
307.050 3831.00000
307.555 3830.00000
308.060 3830.00000
308.564 3842.00000
309.068 3834.00000
309.573 3848.00000
310.078 3842.00000
310.583 3846.00000
311.087 3864.00000
311.592 3854.00000
312.097 876.00000
312.601 3868.00000
313.106 3872.00000
313.611 3867.00000
314.115 3885.00000
314.620 3.00000
315.124 3886.00000
315.628 3887.00000
316.133 3895.00000
316.637 3909.00000
317.142 3918.00000
317.646 3921.00000
318.151 3960.00000
318.655 4047.00000
319.160 4056.00000
319.664 4059.00000
320.169 3999.00000
320.673 4048.00000
321.178 4064.00000
321.683 4080.00000
322.187 4077.00000
322.692 4080.00000
323.196 4077.00000
323.701 4085.00000
324.205 4095.00000
324.710 4100.00000
325.214 100.00000
325.718 4099.00000
326.223 4107.00000
326.727 4048.00000
327.232 4030.00000
327.737 2.00000
328.241 4017.00000
328.746 4014.00000
329.250 4044.00000
329.755 4001.00000
330.259 4020.00000
330.764 3913.00000
331.268 3886.00000
331.773 3898.00000
332.277 3892.00000
332.782 3894.00000
333.286 3800.00000
333.790 3770.00000
334.295 3863.00000
334.799 3742.00000
335.304 3729.00000
335.808 3735.00000
336.313 3703.00000
336.817 3694.00000
337.322 3723.00000
337.826 3690.00000
338.331 688.00000
338.835 3691.00000
339.340 3668.00000
339.845 3674.00000
340.349 3650.00000
340.853 6.00000
341.357 3667.00000
341.861 3652.00000
342.365 3633.00000
342.869 3662.00000
343.373 0.00000
343.878 3656.00000
344.383 3597.00000
344.887 3647.00000
345.392 3666.00000
345.897 3419.00000
346.401 3415.00000
346.906 3544.00000
347.410 3403.00000
347.915 3423.00000
348.419 102.00000
348.924 3335.00000
349.429 3337.00000
349.933 3309.00000
350.438 3285.00000
350.942 3309.00000
351.447 3273.00000
351.952 3289.00000
352.457 3279.00000
352.961 3337.00000
353.466 3203.00000
353.970 0.00000
354.475 3241.00000
354.980 3230.00000
355.484 3170.00000
355.989 3162.00000
356.494 319.00000
356.998 3178.00000
357.503 0.00000
358.007 3185.00000
358.512 3102.00000
359.017 3085.00000
359.521 3135.00000
360.026 3008.00000
360.530 0.00000
361.035 2898.00000
361.539 3044.00000
362.044 2930.00000
362.548 2890.00000
363.053 2947.00000
363.557 2951.00000
364.062 2873.00000
364.566 774.00000
365.071 2769.00000
365.576 2728.00000
366.080 2703.00000
366.584 2728.00000
367.089 6.00000
367.593 0.00000
368.098 2642.00000
368.602 0.00000
369.107 2617.00000
369.611 0.00000
370.116 2677.00000
370.621 2658.00000
371.125 2605.00000
371.629 2561.00000
372.134 2546.00000
372.639 0.00000
373.143 0.00000
373.648 2616.00000
374.152 0.00000
374.656 2577.00000
375.161 2558.00000
375.666 0.00000
376.170 2545.00000
376.674 0.00000
377.179 0.00000
377.683 2622.00000
378.188 2592.00000
378.692 2596.00000
379.197 0.00000
379.701 0.00000
380.206 693.00000
380.710 2657.00000
381.215 2663.00000
381.720 0.00000
382.224 2699.00000
382.729 273.00000
383.234 2775.00000
383.738 2781.00000
384.243 2783.00000
384.747 0.00000
385.252 0.00000
385.757 2785.00000
386.261 0.00000
386.766 2776.00000
387.270 2885.00000
387.775 0.00000
388.279 0.00000
388.784 2839.00000
389.288 0.00000
389.793 0.00000
390.298 2993.00000
390.802 0.00000
391.306 2983.00000
391.810 2964.00000
392.315 0.00000
392.819 3036.00000
393.323 2997.00000
393.828 3101.00000
394.333 2981.00000
394.837 0.00000
395.341 3121.00000
395.846 96.00000
396.350 3024.00000
396.855 0.00000
397.359 0.00000
397.864 3027.00000
398.368 0.00000
398.873 3184.00000
399.377 3033.00000
399.881 0.00000
400.386 0.00000
400.890 3072.00000
401.394 0.00000
401.899 3074.00000
402.403 3047.00000
402.908 3062.00000
403.412 0.00000
403.917 3165.00000
404.421 3082.00000
404.926 3162.00000
405.431 3023.00000
405.935 0.00000
406.440 3060.00000
406.944 3030.00000
407.449 2992.00000
407.953 3021.00000
408.458 3025.00000
408.962 53.00000
409.467 3056.00000
409.971 3044.00000
410.476 3012.00000
410.981 0.00000
411.486 0.00000
411.990 3092.00000
412.495 0.00000
412.999 3117.00000
413.503 3160.00000
414.008 0.00000
414.513 0.00000
415.018 3104.00000
415.522 3080.00000
416.027 0.00000
416.531 3220.00000
417.036 0.00000
417.540 3092.00000
418.045 3133.00000
418.549 3158.00000
419.054 2966.00000
419.559 3093.00000
420.063 0.00000
420.568 0.00000
421.072 3006.00000
421.577 3076.00000
422.081 0.00000
422.586 0.00000
423.090 2945.00000
423.595 0.00000
424.099 0.00000
424.604 8.00000
425.108 2991.00000
425.612 2950.00000
426.116 2976.00000
426.621 0.00000
427.126 304.00000
427.630 3120.00000
428.134 0.00000
428.639 3022.00000
429.143 2995.00000
429.648 0.00000
430.152 0.00000
430.657 3003.00000
431.162 3106.00000
431.666 3129.00000
432.170 3078.00000
432.674 3138.00000
433.179 3151.00000
433.683 3037.00000
434.187 3158.00000
434.692 0.00000
435.196 0.00000
435.701 0.00000
436.205 3061.00000
436.710 0.00000
437.214 3219.00000
437.719 0.00000
438.223 3178.00000
438.728 3155.00000
439.233 0.00000
439.738 3154.00000
440.242 0.00000
440.747 0.00000
441.252 3141.00000
441.756 3147.00000
442.261 3189.00000
442.765 0.00000
443.270 3198.00000
443.774 0.00000
444.279 0.00000
444.784 0.00000
445.289 3194.00000
445.794 3402.00000
446.298 3316.00000
446.803 3340.00000
447.307 3320.00000
447.812 3321.00000
448.316 3358.00000
448.821 3406.00000
449.326 0.00000
449.830 3474.00000
450.334 3514.00000
450.839 3490.00000
451.343 0.00000
451.848 3477.00000
452.352 3593.00000
452.857 3592.00000
453.362 601.00000
453.866 3602.00000
454.370 3560.00000
454.875 3638.00000
455.379 3639.00000
455.883 9.00000
456.388 3628.00000
456.892 3629.00000
457.397 3655.00000
457.901 3645.00000
458.406 3703.00000
458.910 3707.00000
459.415 3701.00000
459.919 3710.00000
460.424 3722.00000
460.929 3705.00000
461.433 3733.00000
461.938 3737.00000
462.442 3744.00000
462.947 3728.00000
463.451 3723.00000
463.955 3739.00000
464.459 3739.00000
464.964 3759.00000
465.468 3743.00000
465.973 3751.00000
466.478 740.00000
466.982 3747.00000
467.486 3740.00000
467.991 3751.00000
468.495 3767.00000
469.000 6.00000
469.504 3749.00000
470.009 3746.00000
470.514 3758.00000
471.019 3753.00000
471.523 3755.00000
472.028 3751.00000
472.533 3754.00000
473.038 3753.00000
473.543 3755.00000
474.047 3757.00000
