0.678 171.836
1.674 171.398
2.548 171.526
3.720 172.169
4.680 171.744
5.548 171.550
6.681 171.712
7.680 171.488
8.548 172.179
9.680 173.217
10.548 173.345
11.550 174.174
12.682 172.901
13.677 172.937
14.550 173.298
15.547 172.689
16.547 172.474
17.547 172.542
18.548 172.770
19.667 172.142
20.548 172.332
21.668 172.691
22.548 172.187
23.548 172.705
24.665 172.410
25.548 172.161
26.548 172.391
27.666 172.567
28.667 172.412
29.548 172.559
30.548 172.592
31.666 172.657
32.548 172.180
33.548 173.239
34.671 172.094
35.549 172.775
36.549 172.320
37.670 172.613
38.549 172.861
39.672 172.678
40.549 172.458
41.549 172.109
42.670 173.102
43.548 172.861
44.549 172.823
45.548 172.948
46.670 173.151
47.548 173.131
48.668 172.769
49.667 173.048
50.548 172.566
51.666 172.951
52.672 173.035
53.548 172.930
54.670 172.712
55.549 172.787
56.549 173.188
57.549 172.986
58.549 173.271
59.549 173.137
60.549 173.217
61.549 172.809
62.549 172.723
63.549 173.078
64.550 172.919
65.549 173.354
66.549 173.797
67.676 173.698
68.549 174.181
69.550 173.512
70.548 173.537
71.548 173.363
72.549 173.390
73.669 173.458
74.550 173.493
75.549 173.376
76.680 173.186
77.549 172.917
78.549 172.460
79.677 172.379
80.549 172.145
81.668 171.954
82.669 171.906
83.549 172.003
84.671 171.742
85.646 171.902
86.640 172.922
87.645 172.420
88.642 172.450
89.640 172.471
90.648 172.681
91.644 173.010
92.644 173.080
93.651 173.404
94.648 173.791
95.651 173.334
96.651 173.746
97.647 173.530
98.643 173.403
99.644 173.562
100.647 172.993
101.640 173.058
102.644 173.073
103.643 172.716
104.643 172.988
105.651 172.919
106.647 172.510
107.646 172.691
108.645 172.499
109.644 172.731
110.645 172.740
111.646 173.089
112.642 173.357
113.640 173.295
114.645 172.970
115.648 172.767
116.645 172.722
117.648 172.062
118.641 172.782
119.642 172.436
120.647 172.729
121.643 172.119
122.637 172.423
123.643 172.342
124.635 172.014
125.638 172.187
126.637 172.219
127.637 172.282
128.637 172.062
129.646 172.278
130.647 172.294
131.644 172.340
132.648 172.359
133.646 172.525
134.647 172.532
135.653 172.299
136.648 172.361
137.648 172.491
138.650 171.569
139.648 172.065
140.652 172.386
141.649 172.361
142.639 172.115
143.633 171.988
144.633 172.113
145.641 172.255
146.638 172.362
147.636 171.975
148.641 171.867
149.639 171.731
150.644 171.995
151.640 171.990
152.640 172.587
153.641 172.150
