1.477 -3.33451
1.518 -3.33451
1.558 -3.33451
1.598 -3.33451
1.638 -3.33451
1.678 -3.33451
1.718 -3.33451
1.758 -3.33451
1.799 -3.33451
1.839 -3.33451
1.879 -3.33451
1.919 -3.33451
1.959 -3.33451
1.999 -3.33451
2.039 -3.33451
2.080 -3.33451
2.120 -3.33451
2.160 -3.33451
2.200 -3.33451
2.240 -3.33451
2.280 -3.33451
2.320 -3.33451
2.361 -3.33451
2.401 -3.33451
2.441 -3.33451
2.481 -3.33451
2.521 -3.33451
2.561 -3.33451
2.601 -3.33451
2.642 -3.33451
2.682 -3.33451
2.722 -3.33451
2.762 -3.33451
2.802 -3.33451
2.842 -3.33451
2.882 -3.33451
2.923 -3.33451
2.963 -3.33451
3.003 -3.33451
3.043 -3.33451
3.083 -3.33451
3.123 -3.33451
3.163 -3.33451
3.204 -3.33451
3.244 -3.33451
3.284 -3.33451
3.324 -3.33451
3.364 -3.33451
3.404 -3.33451
3.445 -3.33451
3.485 -3.33451
3.525 -3.33451
3.565 -3.33451
3.605 -3.33452
3.646 -3.33452
3.686 -3.33452
3.726 -3.33452
3.766 -3.33452
3.806 -3.33452
3.887 -3.33452
3.927 -3.33452
3.967 -3.33452
4.007 -3.33452
4.047 -3.33452
4.087 -3.33452
4.127 -3.33452
4.168 -3.33452
4.208 -3.33452
4.248 -3.33452
4.288 -3.33452
4.328 -3.33452
4.368 -3.33452
4.408 -3.33452
4.449 -3.33452
4.489 -3.33452
4.529 -3.33452
4.569 -3.33452
4.609 -3.33452
4.649 -3.33452
4.689 -3.33452
4.730 -3.33452
4.770 -3.33452
4.810 -3.33452
4.850 -3.33452
4.890 -3.33452
4.930 -3.33452
4.970 -3.33452
5.011 -3.33452
5.051 -3.33452
5.091 -3.33452
5.131 -3.33452
5.171 -3.33452
5.211 -3.33452
5.252 -3.33452
5.292 -3.01474
5.332 -3.01474
5.372 -3.01474
5.412 -3.01474
5.452 -3.01474
5.492 -3.01474
5.533 -3.01474
5.573 -3.01474
5.613 -3.01474
5.653 -3.01474
5.693 -3.01474
5.733 -3.01474
5.774 -3.01474
5.814 -3.01474
5.854 -3.01474
5.894 -3.01474
5.934 -3.01474
5.974 -3.01474
6.014 -3.01474
6.055 -3.01474
6.095 -3.01474
6.135 -3.01474
6.175 -3.01474
6.215 -3.01474
6.255 -3.01474
6.296 -3.01474
6.336 -3.01474
6.376 -3.01474
6.416 -3.01474
6.456 -3.01474
6.496 -3.01474
6.536 -3.01474
6.577 -3.01474
6.617 -3.01474
6.657 -3.01474
6.697 -3.01474
6.737 -3.01474
6.777 -3.01474
6.817 -3.01474
6.858 -3.01474
6.898 -3.01474
6.938 -3.01474
6.978 -3.01474
7.018 -3.01474
7.059 -3.01474
7.099 -3.01474
7.139 -3.01474
7.179 -3.01474
7.219 -3.01474
7.259 -3.01474
7.299 -3.01476
7.340 -3.01476
7.380 -3.01476
7.420 -3.01476
7.460 -3.01476
7.500 -3.01476
7.540 -3.01476
7.580 -3.01476
7.621 -3.01476
7.661 -3.01476
7.701 -3.01476
7.741 -3.01476
7.781 -3.01476
7.821 -3.01476
7.861 -3.01476
7.901 -3.01476
7.942 -3.01476
7.982 -3.01476
8.022 -3.01476
8.062 -3.01476
8.102 -3.01476
8.142 -3.01476
8.183 -3.01476
8.223 -3.01476
8.263 -3.01476
8.303 -3.01476
8.343 -3.01476
8.383 -3.01476
8.423 -3.01476
8.464 -3.01476
8.504 -3.01476
8.544 -3.01476
8.584 -3.01476
8.624 -3.01476
8.664 -3.01476
8.704 -3.01476
8.745 -3.01476
8.785 -3.01476
8.825 -3.01476
8.865 -3.01476
8.905 -3.01476
8.945 -3.01476
8.985 -3.01476
9.026 -3.01476
9.066 -3.01476
9.106 -3.01476
9.146 -3.01476
9.186 -3.01476
9.226 -3.01476
9.266 -3.01476
9.307 -3.01475
9.347 -3.01475
9.387 -3.01475
9.427 -3.01475
9.467 -3.01475
9.507 -3.01475
9.547 -3.01475
9.588 -3.01475
9.628 -3.01475
9.668 -3.01475
9.708 -3.01475
9.748 -3.01475
9.788 -3.01475
9.828 -3.01475
9.869 -3.01475
9.909 -3.01475
9.949 -3.01475
9.989 -3.01475
10.029 -3.01475
10.069 -3.01475
10.109 -3.01475
10.150 -3.01475
10.190 -3.01475
10.230 -3.01475
10.270 -3.01475
10.310 -3.01475
10.350 -3.01475
10.390 -3.01475
10.431 -3.01475
10.471 -3.01475
10.511 -3.01475
10.551 -3.01475
10.591 -3.01475
10.631 -3.01475
10.672 -3.01475
10.712 -3.01475
10.752 -3.01475
10.792 -3.01475
10.832 -3.01476
10.872 -3.01476
10.912 -3.01476
10.953 -3.01476
10.993 -3.01476
11.033 -3.01476
11.073 -3.01476
11.113 -3.01476
11.153 -3.01476
11.194 -3.01476
11.234 -3.01476
11.274 -3.01476
11.314 -3.01474
11.354 -3.01474
11.394 -3.01474
11.435 -3.01474
11.475 -3.01474
11.515 -3.01474
11.555 -3.01474
11.595 -3.01474
11.635 -3.01474
11.675 -3.01474
11.716 -3.01474
11.756 -3.01474
11.796 -3.01474
11.836 -3.01474
11.876 -3.01474
11.916 -3.01474
11.956 -3.01474
11.997 -3.01474
12.037 -3.01474
12.077 -3.01474
12.117 -3.01474
12.157 -3.01474
12.197 -3.01474
12.237 -3.01474
12.278 -3.01474
12.318 -3.01474
12.358 -3.01474
12.398 -3.01474
12.438 -3.01474
12.478 -3.01474
12.518 -3.01474
12.559 -3.01474
12.599 -3.01474
12.639 -3.01474
12.679 -3.01474
12.719 -3.01474
12.759 -3.01474
12.799 -3.01474
12.839 -3.01474
12.880 -3.01474
12.920 -3.01474
12.960 -3.01474
13.000 -3.01474
13.040 -3.01474
13.080 -3.01474
13.120 -3.01474
13.201 -3.01474
13.281 -3.01476
13.321 -3.01476
13.401 -3.01476
13.482 -3.01476
13.522 -3.01476
13.602 -3.01476
13.682 -3.01476
13.763 -3.01476
13.803 -3.01476
13.883 -3.01476
13.923 -3.01476
14.003 -3.01476
14.084 -3.01476
14.124 -3.01476
14.204 -3.01476
14.244 -3.01476
14.284 -3.01476
14.325 -3.01476
14.365 -3.01476
14.405 -3.01476
14.445 -3.01476
14.486 -3.01476
14.526 -3.01476
14.566 -3.01476
14.606 -3.01476
14.646 -3.01476
14.686 -3.01476
14.726 -3.01476
14.807 -3.01476
14.847 -3.01476
14.887 -3.01476
14.927 -3.01476
14.967 -3.01476
15.007 -3.01476
15.048 -3.01476
15.088 -3.01476
15.128 -3.01476
15.168 -3.01476
15.208 -3.01476
15.248 -3.01476
15.288 -3.01475
15.329 -3.01475
15.369 -3.01475
15.409 -3.01475
15.449 -3.01475
15.489 -3.01475
15.529 -3.01475
15.569 -3.01475
15.610 -3.01475
15.650 -3.01475
15.690 -3.01475
15.730 -3.01475
15.770 -3.01475
15.810 -3.01475
15.850 -3.01475
15.891 -3.01475
15.931 -3.01475
15.971 -3.01475
16.011 -3.01475
16.051 -3.01475
16.091 -3.01475
16.132 -3.01475
16.172 -3.01475
16.212 -3.01475
16.252 -3.01475
16.292 -3.01475
16.332 -3.01475
16.372 -3.01475
16.412 -3.01475
16.453 -3.01475
16.493 -3.01475
16.533 -3.01475
16.573 -3.01475
16.613 -3.01475
16.653 -3.01475
16.693 -3.01475
16.734 -3.01475
16.774 -3.01475
16.814 -3.01475
16.854 -3.01475
16.894 -3.01475
16.934 -3.01475
16.974 -3.01475
17.015 -3.01475
17.055 -3.01475
17.095 -3.01475
17.135 -3.01475
17.175 -3.01475
17.215 -3.01475
17.256 -3.01475
17.296 -3.01473
17.336 -3.01473
17.376 -3.01473
17.416 -3.01473
17.456 -3.01473
17.496 -3.01473
17.537 -3.01473
17.577 -3.01473
17.617 -3.01473
17.657 -3.01473
17.697 -3.01473
17.738 -3.01473
17.778 -3.01473
17.818 -3.01473
17.858 -3.01473
17.898 -3.01473
17.938 -3.01473
17.978 -3.01473
18.019 -3.01473
18.059 -3.01473
18.099 -3.01473
18.139 -3.01473
18.179 -3.01473
18.219 -3.01473
18.260 -3.01473
18.300 -3.01473
18.340 -3.01473
18.380 -3.01473
18.420 -3.01473
18.460 -3.01473
18.500 -3.01473
18.541 -3.01473
18.581 -3.01473
18.621 -3.01473
18.661 -3.01473
18.701 -3.01473
18.741 -3.01473
18.782 -3.01473
18.822 -3.01473
18.862 -3.01473
18.902 -3.01473
18.942 -3.01473
18.982 -3.01473
19.022 -3.01473
19.063 -3.01473
19.103 -3.01473
19.143 -3.01473
19.183 -3.01473
19.223 -3.01473
19.263 -3.01473
19.304 -3.01469
19.344 -3.01469
19.384 -3.01469
19.424 -3.01469
19.464 -3.01469
19.504 -3.01469
19.544 -3.01469
19.584 -3.01469
19.625 -3.01469
19.665 -3.01469
19.705 -3.01469
19.745 -3.01469
19.785 -3.01469
19.825 -3.01469
19.865 -3.01469
19.906 -3.01469
19.946 -3.01469
19.986 -3.01469
20.026 -3.01469
20.066 -3.01469
20.106 -3.01469
20.146 -3.01469
20.187 -3.01469
20.227 -3.01469
20.267 -3.01469
20.307 -3.01469
20.347 -3.01469
20.387 -3.01469
20.428 -3.01469
20.468 -3.01469
20.508 -3.01469
20.548 -3.01469
20.588 -3.01469
20.628 -3.01469
20.668 -3.01469
20.709 -3.01469
20.749 -3.01469
20.789 -3.01469
20.829 -3.01469
20.869 -3.01469
20.910 -3.01469
20.950 -3.01469
20.990 -3.01469
21.030 -3.01469
21.070 -3.01469
21.110 -3.01469
21.150 -3.01469
21.191 -3.01469
21.231 -3.01469
21.271 -3.01469
21.311 -3.01475
21.351 -3.01475
21.391 -3.01475
21.432 -3.01475
21.472 -3.01475
21.512 -3.01475
21.552 -3.01475
21.592 -3.01475
21.632 -3.01475
21.672 -3.01475
21.713 -3.01475
21.753 -3.01475
21.793 -3.01475
21.833 -3.01475
21.873 -3.01475
21.913 -3.01475
21.953 -3.01475
21.994 -3.01475
22.034 -3.01475
22.074 -3.01475
22.114 -3.01475
22.154 -3.01475
22.194 -3.01475
22.234 -3.01475
22.275 -3.01475
22.315 -3.01475
22.355 -3.01475
22.395 -3.01475
22.435 -3.01475
22.475 -3.01475
22.516 -3.01475
22.556 -3.01475
22.596 -3.01475
22.636 -3.01475
22.676 -3.01475
22.716 -3.01475
22.756 -3.01475
22.797 -3.01475
22.837 -3.01475
22.877 -3.01475
22.917 -3.01475
22.957 -3.01475
22.997 -3.01475
23.038 -3.01476
23.078 -3.01476
23.118 -3.01476
23.158 -3.01476
23.198 -3.01476
23.238 -3.01476
23.278 -3.01476
23.318 -3.01472
23.359 -3.01472
23.399 -3.01472
23.439 -3.01472
23.479 -3.01472
23.519 -3.01472
23.559 -3.01472
23.599 -3.01472
23.640 -3.01472
23.680 -3.01472
23.760 -3.01472
23.800 -3.01472
23.840 -3.01472
23.880 -3.01472
23.920 -3.01472
24.001 -3.01472
24.081 -3.01472
24.121 -3.01472
24.202 -3.01472
24.282 -3.01472
24.322 -3.01472
24.402 -3.01472
24.483 -3.01472
24.523 -3.01472
24.603 -3.01472
24.683 -3.01472
24.764 -3.01472
24.804 -3.01472
24.884 -3.01472
24.924 -3.01472
25.004 -3.01472
25.085 -3.01472
25.125 -3.01472
25.165 -3.01472
25.205 -3.01472
25.245 -3.01472
25.285 -3.01477
25.325 -3.01477
25.365 -3.01477
25.406 -3.01477
25.446 -3.01477
25.486 -3.01477
25.526 -3.01477
25.566 -3.01477
25.606 -3.01477
25.646 -3.01477
25.687 -3.01477
25.727 -3.01477
25.807 -3.01477
25.847 -3.01477
25.887 -3.01477
25.927 -3.01477
25.967 -3.01477
26.007 -3.01477
26.048 -3.01477
26.088 -3.01477
26.128 -3.01477
26.168 -3.01477
26.208 -3.01477
26.248 -3.01477
26.288 -3.01477
