1.477 -0.05688
1.518 -0.05696
1.558 -0.05705
1.598 -0.05712
1.638 -0.05719
1.678 -0.05728
1.718 -0.05739
1.758 -0.05756
1.799 -0.05771
1.839 -0.05780
1.879 -0.05790
1.919 -0.05800
1.959 -0.05804
1.999 -0.05800
2.039 -0.05801
2.080 -0.05808
2.120 -0.05819
2.160 -0.05822
2.200 -0.05815
2.240 -0.05814
2.280 -0.05823
2.320 -0.05828
2.361 -0.05833
2.401 -0.05836
2.441 -0.05843
2.481 -0.05852
2.521 -0.05859
2.561 -0.05865
2.601 -0.05867
2.642 -0.05873
2.682 -0.05885
2.722 -0.05890
2.762 -0.05898
2.802 -0.05920
2.842 -0.05938
2.923 -0.05973
3.003 -0.06026
3.043 -0.06050
3.123 -0.06100
3.204 -0.06159
3.244 -0.06179
3.324 -0.05563
3.404 -0.05491
3.485 -0.05501
3.525 -0.05546
3.605 -0.05544
3.646 -0.05567
3.726 -0.05576
3.806 -0.05564
3.847 -0.05569
3.887 -0.05571
3.927 -0.05570
3.967 -0.05585
4.007 -0.05599
4.047 -0.05604
4.087 -0.05623
4.127 -0.05634
4.168 -0.05641
4.208 -0.05656
4.248 -0.05658
4.288 -0.05665
4.328 -0.05670
4.368 -0.05679
4.408 -0.05690
4.449 -0.05696
4.489 -0.05705
4.529 -0.05720
4.569 -0.05739
4.609 -0.05754
4.649 -0.05748
4.689 -0.05746
4.730 -0.05745
4.770 -0.05728
4.810 -0.05691
4.850 -0.05642
4.890 -0.05583
4.930 -0.05508
4.970 -0.05412
5.011 -0.05299
5.051 -0.05181
5.091 -0.05063
5.131 -0.04941
5.171 -0.04816
5.211 -0.04697
5.252 -0.04582
5.292 -0.04489
5.332 -0.04410
5.372 -0.04338
5.412 -0.04278
5.452 -0.04235
5.492 -0.04210
5.533 -0.04196
5.573 -0.04194
5.613 -0.04207
5.653 -0.04236
5.693 -0.04280
5.733 -0.04333
5.774 -0.04401
5.814 -0.04479
5.854 -0.04568
5.894 -0.04666
5.934 -0.04777
5.974 -0.04898
6.014 -0.05015
6.055 -0.05136
6.095 -0.05263
6.135 -0.05392
6.175 -0.05503
6.215 -0.05615
6.255 -0.05727
6.296 -0.05823
6.336 -0.05910
6.376 -0.05993
6.416 -0.06060
6.456 -0.06110
6.496 -0.06157
6.536 -0.06172
6.577 -0.06170
6.617 -0.06161
6.657 -0.06132
6.697 -0.06085
6.737 -0.06024
6.777 -0.05946
6.817 -0.05854
6.858 -0.05767
6.898 -0.05669
6.938 -0.05572
6.978 -0.05492
7.018 -0.05419
7.059 -0.05350
7.099 -0.05286
7.139 -0.05231
7.179 -0.05197
7.219 -0.05172
7.259 -0.05151
7.299 -0.05155
7.340 -0.05186
7.380 -0.05230
7.420 -0.05278
7.460 -0.05328
7.500 -0.05379
7.540 -0.05437
7.580 -0.05497
7.621 -0.05542
7.661 -0.05581
7.701 -0.05627
7.741 -0.05665
7.781 -0.05694
7.821 -0.05717
7.861 -0.05740
7.901 -0.05769
7.942 -0.05797
7.982 -0.05814
8.022 -0.05822
8.062 -0.05812
8.102 -0.05804
8.142 -0.05796
8.183 -0.05776
8.223 -0.05760
8.263 -0.05752
8.303 -0.05744
8.343 -0.05738
8.383 -0.05732
8.423 -0.05726
8.464 -0.05726
8.504 -0.05720
8.544 -0.05715
8.584 -0.05707
8.624 -0.05699
8.664 -0.05693
8.704 -0.05683
8.745 -0.05669
8.785 -0.05653
8.825 -0.05636
8.865 -0.05626
8.905 -0.05618
8.945 -0.05613
8.985 -0.05610
9.026 -0.05616
9.066 -0.05625
9.106 -0.05631
9.146 -0.05636
9.186 -0.05640
9.226 -0.05641
9.266 -0.05641
9.307 -0.05641
9.347 -0.05644
9.387 -0.05645
9.427 -0.05643
9.467 -0.05638
9.507 -0.05625
9.547 -0.05612
9.588 -0.05601
9.628 -0.05590
9.668 -0.05581
9.708 -0.05581
9.748 -0.05590
9.788 -0.05607
9.828 -0.05632
9.869 -0.05665
9.909 -0.05708
9.949 -0.05750
9.989 -0.05791
10.029 -0.05826
10.069 -0.05856
10.109 -0.05884
10.150 -0.05909
10.190 -0.05939
10.230 -0.05969
10.270 -0.05998
10.310 -0.06023
10.350 -0.06043
10.390 -0.06064
10.431 -0.06080
10.471 -0.06090
10.511 -0.06093
10.551 -0.06087
10.591 -0.06083
10.631 -0.06074
10.672 -0.06064
10.712 -0.06051
10.752 -0.06036
10.792 -0.06020
10.832 -0.06013
10.872 -0.06002
10.912 -0.06006
10.993 -0.06027
11.073 -0.06058
11.113 -0.06147
11.193 -0.06255
11.274 -0.06363
11.314 -0.06424
11.394 -0.06521
11.475 -0.06608
11.515 -0.06645
11.595 -0.06698
11.675 -0.06747
11.756 -0.06786
11.796 -0.06929
11.876 -0.07125
11.916 -0.07235
11.997 -0.07407
12.077 -0.07462
12.117 -0.07473
12.197 -0.07445
12.237 -0.07400
12.278 -0.07343
12.318 -0.07276
12.358 -0.07192
12.398 -0.07102
12.438 -0.07013
12.478 -0.06926
12.518 -0.06846
12.559 -0.06767
12.599 -0.06696
12.639 -0.06639
12.679 -0.06596
12.719 -0.06561
12.799 -0.06533
12.839 -0.06540
12.880 -0.06554
12.920 -0.06573
12.960 -0.06604
13.000 -0.06645
13.040 -0.06691
13.080 -0.06738
13.120 -0.06791
13.161 -0.06847
13.201 -0.06895
13.241 -0.06933
13.281 -0.06967
13.321 -0.06996
13.361 -0.07013
13.401 -0.07014
13.442 -0.07002
13.482 -0.06984
13.522 -0.06951
13.562 -0.06899
13.602 -0.06838
13.642 -0.06777
13.682 -0.06726
13.723 -0.06677
13.763 -0.06630
13.803 -0.06591
13.843 -0.06564
13.883 -0.06547
13.923 -0.06538
13.963 -0.06538
14.003 -0.06529
14.044 -0.06517
14.084 -0.06507
14.124 -0.06496
14.164 -0.06484
14.204 -0.06470
14.244 -0.06455
14.284 -0.06437
14.325 -0.06404
14.365 -0.06367
14.405 -0.06336
14.445 -0.06298
14.486 -0.06248
14.526 -0.06200
14.566 -0.06159
14.606 -0.06119
14.646 -0.06080
14.686 -0.06045
14.726 -0.06021
14.767 -0.06004
14.807 -0.05992
14.847 -0.05989
14.887 -0.06000
14.927 -0.06019
14.967 -0.06051
15.007 -0.06085
15.048 -0.06123
15.088 -0.06158
15.128 -0.06188
15.168 -0.06218
15.208 -0.06239
15.248 -0.06247
15.288 -0.06251
15.329 -0.06249
15.369 -0.06237
15.409 -0.06219
15.449 -0.06195
15.489 -0.06164
15.529 -0.06129
15.569 -0.06097
15.610 -0.06075
15.650 -0.06064
15.690 -0.06055
15.730 -0.06054
15.770 -0.06065
15.810 -0.06085
15.850 -0.06115
15.891 -0.06146
15.931 -0.06175
15.971 -0.06207
16.011 -0.06227
16.051 -0.06236
16.091 -0.06242
16.131 -0.06241
16.172 -0.06243
16.212 -0.06245
16.252 -0.06248
16.292 -0.06248
16.332 -0.06249
16.372 -0.06253
16.412 -0.06257
16.453 -0.06267
16.493 -0.06283
16.533 -0.06299
16.573 -0.06315
16.613 -0.06346
16.653 -0.06371
16.693 -0.06396
16.734 -0.06425
16.774 -0.06451
16.814 -0.06478
16.854 -0.06493
16.894 -0.06511
16.934 -0.06536
16.974 -0.06555
17.015 -0.06564
17.055 -0.06573
17.095 -0.06589
17.135 -0.06605
17.175 -0.06621
17.215 -0.06635
17.256 -0.06658
17.296 -0.06691
17.336 -0.06714
17.376 -0.06708
17.416 -0.06699
17.456 -0.06698
17.496 -0.06698
17.537 -0.06699
17.577 -0.06704
17.617 -0.06716
17.657 -0.06707
17.697 -0.06668
17.738 -0.06614
17.778 -0.06564
17.818 -0.06505
17.858 -0.06427
17.898 -0.06346
17.938 -0.06277
17.978 -0.06225
18.019 -0.06153
18.059 -0.06071
18.099 -0.06000
18.139 -0.05944
18.179 -0.05904
18.219 -0.05873
18.260 -0.05841
18.300 -0.05833
18.340 -0.05848
18.380 -0.05865
18.420 -0.05881
18.460 -0.05898
18.500 -0.05927
18.541 -0.05961
18.581 -0.05986
18.621 -0.06002
18.661 -0.06022
18.701 -0.06045
18.741 -0.06063
18.782 -0.06077
18.822 -0.06083
18.862 -0.06091
18.902 -0.06102
18.942 -0.06109
18.982 -0.06110
19.022 -0.06109
19.063 -0.06114
19.103 -0.06122
19.143 -0.06125
19.183 -0.06127
19.223 -0.06128
19.263 -0.06133
19.304 -0.06141
19.344 -0.06150
19.384 -0.06156
19.424 -0.06158
19.464 -0.06158
19.504 -0.06157
19.544 -0.06152
19.584 -0.06142
19.625 -0.06130
19.665 -0.06114
19.705 -0.06102
19.745 -0.06090
19.785 -0.06073
19.825 -0.06051
19.865 -0.06029
19.906 -0.06009
19.946 -0.05992
19.986 -0.05973
20.026 -0.05945
20.066 -0.05912
20.106 -0.05886
20.146 -0.05858
20.187 -0.05844
20.227 -0.05834
20.267 -0.05837
20.307 -0.05848
20.347 -0.05847
20.387 -0.05859
20.428 -0.05887
20.468 -0.05892
20.508 -0.05912
20.548 -0.05914
20.588 -0.05914
20.628 -0.05930
20.668 -0.05927
20.709 -0.05912
20.749 -0.05905
20.789 -0.05895
20.829 -0.05875
20.869 -0.05854
20.910 -0.05829
20.950 -0.05810
20.990 -0.05800
21.030 -0.05781
21.070 -0.05776
21.110 -0.05792
21.150 -0.05812
21.191 -0.05828
21.231 -0.05848
21.271 -0.05874
21.311 -0.05911
21.351 -0.05948
21.391 -0.05966
21.432 -0.05979
21.472 -0.06002
21.512 -0.06028
21.552 -0.06040
21.592 -0.06049
21.632 -0.06066
21.672 -0.06080
21.713 -0.06073
21.753 -0.06041
21.793 -0.05938
21.873 -0.05770
21.913 -0.05656
21.994 -0.05396
22.074 -0.05090
22.114 -0.04943
22.194 -0.04682
22.275 -0.04501
22.315 -0.04431
22.395 -0.04372
22.475 -0.04374
22.516 -0.04404
22.596 -0.04512
22.676 -0.04619
22.756 -0.04676
22.797 -0.04773
22.877 -0.04817
22.917 -0.04819
22.957 -0.04823
22.997 -0.04818
23.038 -0.04795
23.078 -0.04811
23.118 -0.04790
23.158 -0.04780
23.198 -0.04763
23.238 -0.04739
23.278 -0.04740
23.318 -0.04759
23.359 -0.04772
23.399 -0.04777
23.439 -0.04795
23.479 -0.04828
23.519 -0.04854
23.559 -0.04871
23.599 -0.04888
23.640 -0.04908
23.680 -0.04924
23.720 -0.04930
23.800 -0.04945
23.840 -0.04950
23.880 -0.04945
23.920 -0.04938
23.961 -0.04936
24.001 -0.04927
24.041 -0.04910
24.081 -0.04892
24.121 -0.04882
24.161 -0.04886
24.202 -0.04886
24.242 -0.04885
24.282 -0.04884
24.322 -0.04896
24.362 -0.04906
24.402 -0.04911
24.443 -0.04914
24.483 -0.04922
24.523 -0.04934
24.563 -0.04940
24.603 -0.04938
24.643 -0.04939
24.683 -0.04938
24.724 -0.04931
24.764 -0.04921
24.804 -0.04908
24.844 -0.04895
24.884 -0.04887
24.924 -0.04871
24.964 -0.04853
25.004 -0.04839
25.044 -0.04832
25.085 -0.04820
25.125 -0.04805
25.165 -0.04794
25.205 -0.04790
25.245 -0.04789
25.285 -0.04792
25.325 -0.04812
25.365 -0.04839
25.406 -0.04871
25.446 -0.04899
25.486 -0.04930
25.526 -0.04957
25.566 -0.04984
25.606 -0.05009
25.646 -0.05025
25.687 -0.05035
25.727 -0.05041
25.767 -0.05043
25.807 -0.05044
25.847 -0.05048
25.887 -0.05055
25.927 -0.05065
25.967 -0.05080
26.007 -0.05097
26.048 -0.05107
26.088 -0.05125
26.128 -0.05148
26.168 -0.05172
26.208 -0.05208
26.248 -0.05241
26.288 -0.05259
