1.477 1.24991
1.518 1.24996
1.558 1.25010
1.598 1.25037
1.638 1.25074
1.678 1.25117
1.718 1.25166
1.758 1.25224
1.799 1.25293
1.839 1.25373
1.879 1.25463
1.919 1.25562
1.959 1.25677
1.999 1.25806
2.039 1.25940
2.080 1.26083
2.120 1.26233
2.160 1.26396
2.200 1.26578
2.240 1.26770
2.280 1.26966
2.320 1.27174
2.361 1.27395
2.401 1.27627
2.441 1.27868
2.481 1.28085
2.521 1.28343
2.561 1.28614
2.602 1.28896
2.642 1.29185
2.682 1.29477
2.722 1.29781
2.762 1.30094
2.802 1.30414
2.842 1.30743
2.882 1.31076
2.923 1.31419
2.963 1.31771
3.003 1.32129
3.043 1.32502
3.083 1.32888
3.123 1.33281
3.163 1.33686
3.204 1.34101
3.244 1.34530
3.284 1.34975
3.324 1.35502
3.364 1.36016
3.404 1.36501
3.445 1.37004
3.485 1.37513
3.525 1.38034
3.565 1.38569
3.605 1.39116
3.646 1.39681
3.686 1.40245
3.726 1.40821
3.766 1.41256
3.806 1.42451
3.887 1.43681
3.927 1.44306
3.967 1.44937
4.007 1.45577
4.047 1.46226
4.087 1.46881
4.127 1.47543
4.168 1.48217
4.208 1.48901
4.248 1.49601
4.288 1.50311
4.328 1.51030
4.368 1.51759
4.408 1.52498
4.449 1.53247
4.489 1.53997
4.529 1.54750
4.569 1.55515
4.609 1.56298
4.649 1.57100
4.689 1.57922
4.730 1.58763
4.770 1.59634
4.810 1.60540
4.850 1.61481
4.890 1.62451
4.930 1.63449
4.970 1.64478
5.011 1.65539
5.051 1.66627
5.091 1.67729
5.131 1.68844
5.171 1.69973
5.211 1.71108
5.252 1.72241
5.292 -168.92168
5.332 -168.91051
5.372 -168.89940
5.412 -168.88838
5.452 -168.87747
5.492 -168.86667
5.533 -168.85596
5.573 -168.84535
5.613 -168.83482
5.653 -168.82439
5.693 -168.81407
5.733 -168.80383
5.774 -168.79362
5.814 -168.78348
5.854 -168.77335
5.894 -168.76323
5.934 -168.75316
5.974 -168.74315
6.014 -168.73317
6.055 -168.72322
6.095 -168.71318
6.135 -168.70302
6.175 -168.69269
6.215 -168.68221
6.255 -168.67159
6.296 -168.66080
6.336 -168.64977
6.376 -168.63849
6.416 -168.62701
6.456 -168.61517
6.496 -168.60300
6.536 -168.59045
6.577 -168.57748
6.617 -168.56421
6.657 -168.55060
6.697 -168.53656
6.737 -168.52216
6.777 -168.50742
6.817 -168.49243
6.858 -168.47729
6.898 -168.46205
6.938 -168.44675
6.978 -168.43147
7.018 -168.41620
7.059 -168.40091
7.099 -168.38567
7.139 -168.37044
7.179 -168.35530
7.219 -168.34026
7.259 -168.32526
7.299 -172.08029
7.340 -172.06552
7.380 -172.05083
7.420 -172.03613
7.460 -172.02141
7.500 -172.00659
7.540 -171.99167
7.580 -171.97665
7.621 -171.96146
7.661 -171.94609
7.701 -171.93063
7.741 -171.91501
7.781 -171.89919
7.821 -171.88319
7.861 -171.86708
7.901 -171.85085
7.942 -171.83452
7.982 -171.81799
8.022 -171.80128
8.062 -171.78441
8.102 -171.76741
8.142 -171.75032
8.183 -171.73311
8.223 -171.71582
8.263 -171.69850
8.303 -171.68108
8.343 -171.66353
8.383 -171.64589
8.423 -171.62813
8.464 -171.61026
8.504 -171.59229
8.544 -171.57419
8.584 -171.55597
8.624 -171.53764
8.664 -171.51921
8.704 -171.50064
8.745 -171.48190
8.785 -171.46304
8.825 -171.44412
8.865 -171.42517
8.905 -171.40617
8.945 -171.38710
8.985 -171.36798
9.026 -171.34880
9.066 -171.32954
9.106 -171.31018
9.146 -171.29071
9.186 -171.27113
9.226 -171.25145
9.266 -171.23161
9.307 -171.38704
9.347 -171.36688
9.387 -171.34659
9.427 -171.32617
9.467 -171.30560
9.507 -171.28487
9.547 -171.26402
9.588 -171.24306
9.628 -171.22200
9.668 -171.20091
9.708 -171.17982
9.748 -171.15871
9.788 -171.13759
9.828 -171.11652
9.869 -171.09538
9.909 -171.07417
9.949 -171.05290
9.989 -171.03159
10.029 -171.01019
10.069 -170.98871
10.109 -170.96715
10.150 -170.94547
10.190 -170.92366
10.230 -170.90178
10.270 -170.87976
10.310 -170.85757
10.350 -170.83522
10.390 -170.81271
10.431 -170.79007
10.471 -170.76726
10.511 -170.74426
10.551 -170.72108
10.591 -170.69780
10.631 -170.67441
10.672 -170.65089
10.712 -170.62723
10.752 -170.60347
10.792 -170.57959
10.832 -170.55568
10.872 -170.53171
10.912 -170.50766
10.953 -170.48355
10.993 -170.45944
11.033 -170.43533
11.073 -170.41125
11.113 -170.38724
11.153 -170.36319
11.194 -170.33905
11.234 -170.31477
11.274 -170.29033
11.314 -169.23227
11.354 -169.20753
11.394 -169.18260
11.435 -169.15752
11.475 -169.13229
11.515 -169.10690
11.555 -169.08141
11.595 -169.05579
11.635 -169.02997
11.675 -169.00404
11.716 -168.97810
11.756 -168.95224
11.796 -168.92650
11.836 -168.90091
11.876 -168.87541
11.916 -168.84990
11.956 -168.82433
11.997 -168.79852
12.037 -168.77237
12.077 -168.74580
12.117 -168.71892
12.157 -168.69173
12.197 -168.66415
12.237 -168.63622
12.278 -168.60793
12.318 -168.57936
12.358 -168.55057
12.398 -168.52153
12.438 -168.49232
12.478 -168.46301
12.518 -168.43369
12.559 -168.40436
12.599 -168.37502
12.639 -168.34569
12.679 -168.31641
12.719 -168.28719
12.759 -168.25801
12.799 -168.22888
12.839 -168.19983
12.880 -168.17079
12.920 -168.14175
12.960 -168.11272
13.000 -168.08368
13.040 -168.05461
13.080 -167.99632
13.120 -167.96706
13.201 -167.90813
13.281 -172.46530
13.321 -172.43512
13.401 -172.37389
13.482 -172.31168
13.522 -172.28018
13.602 -172.21640
13.682 -172.15210
13.763 -172.11987
13.803 -172.05540
13.883 -171.99110
13.923 -171.95901
14.003 -171.89482
14.084 -171.83047
14.124 -171.79808
14.204 -171.73279
14.244 -171.69989
14.284 -171.66678
14.325 -171.63350
14.365 -171.60005
14.405 -171.56650
14.445 -171.53282
14.486 -171.49901
14.526 -171.46509
14.566 -171.43109
14.606 -171.39705
14.646 -171.36293
14.686 -171.32877
14.726 -171.29457
14.807 -171.22621
14.847 -171.19206
14.887 -171.15796
14.927 -171.12386
14.967 -171.08975
15.007 -171.05559
15.048 -171.02133
15.088 -170.98692
15.128 -170.95235
15.168 -170.91756
15.208 -170.88257
15.248 -170.84732
15.288 -171.08813
15.329 -171.05246
15.369 -171.01657
15.409 -170.98051
15.449 -170.94424
15.489 -170.90779
15.529 -170.87123
15.569 -170.83461
15.610 -170.79797
15.650 -170.76137
15.690 -170.72473
15.730 -170.68811
15.770 -170.65152
15.810 -170.61497
15.850 -170.57841
15.891 -170.54181
15.931 -170.50508
15.971 -170.46828
16.011 -170.43134
16.051 -170.39423
16.091 -170.35692
16.132 -170.31944
16.172 -170.28186
16.212 -170.24413
16.252 -170.20630
16.292 -170.16833
16.332 -170.13023
16.372 -170.09210
16.412 -170.05392
16.453 -170.01570
16.493 -169.97740
16.533 -169.93909
16.573 -169.90071
16.613 -169.86227
16.653 -169.82375
16.693 -169.78510
16.734 -169.74638
16.774 -169.70749
16.814 -169.66850
16.854 -169.62935
16.894 -169.59009
16.934 -169.55075
16.974 -169.51128
17.015 -169.47163
17.055 -169.43185
17.095 -169.39200
17.135 -169.35199
17.175 -169.31184
17.215 -169.27158
17.256 -169.23128
17.296 -172.65741
17.336 -172.61676
17.376 -172.57584
17.416 -172.53473
17.456 -172.49352
17.496 -172.45218
17.537 -172.41084
17.577 -172.36937
17.617 -172.32777
17.657 -172.28592
17.697 -172.24374
17.738 -172.20132
17.778 -172.15871
17.818 -172.11589
17.858 -172.07283
17.898 -172.02962
17.938 -171.98637
17.978 -171.94316
18.019 -171.89984
18.059 -171.85640
18.099 -171.81297
18.139 -171.76961
18.179 -171.72627
18.219 -171.68292
18.260 -171.63956
18.300 -171.59625
18.340 -171.55305
18.380 -171.50984
18.420 -171.46655
18.460 -171.42317
18.500 -171.37978
18.541 -171.33632
18.581 -171.29272
18.621 -171.24899
18.661 -171.20514
18.701 -171.16124
18.741 -171.11723
18.782 -171.07309
18.822 -171.02878
18.862 -170.98438
18.902 -170.93985
18.942 -170.89520
18.982 -170.85043
19.022 -170.80556
19.063 -170.76062
19.103 -170.71562
19.143 -170.67052
19.183 -170.62526
19.223 -170.57991
19.263 -170.53444
19.304 -172.66856
19.344 -172.62285
19.384 -172.57698
19.424 -172.53094
19.464 -172.48477
19.504 -172.43846
19.544 -172.39198
19.584 -172.34532
19.625 -172.29852
19.665 -172.25159
19.705 -172.20457
19.745 -172.15746
19.785 -172.11021
19.825 -172.06282
19.865 -172.01532
19.906 -171.96771
19.946 -171.92001
19.986 -171.87222
20.026 -171.82434
20.066 -171.77637
20.106 -171.72835
20.146 -171.68027
20.187 -171.63223
20.227 -171.58420
20.267 -171.53609
20.307 -171.48793
20.347 -171.43970
20.387 -171.39136
20.428 -171.34305
20.468 -171.29454
20.508 -171.24583
20.548 -171.19702
20.588 -171.14803
20.628 -171.09895
20.668 -171.04974
20.709 -171.00031
20.749 -170.95076
20.789 -170.90112
20.829 -170.85130
20.869 -170.80136
20.910 -170.75136
20.950 -170.70129
20.990 -170.65118
21.030 -170.60103
21.070 -170.55087
21.110 -170.50075
21.150 -170.45062
21.191 -170.40038
21.231 -170.35004
21.271 -170.29962
21.311 -171.63148
21.351 -171.58081
21.391 -171.52989
21.432 -171.47879
21.472 -171.42761
21.512 -171.37633
21.552 -171.32487
21.592 -171.27328
21.632 -171.22160
21.672 -171.16972
21.713 -171.11758
21.753 -171.06508
21.793 -171.01224
21.833 -170.95912
21.873 -170.90570
21.913 -170.85191
21.953 -170.79781
21.994 -170.74345
22.034 -170.68892
22.074 -170.63426
22.114 -170.57942
22.154 -170.52455
22.194 -170.46974
22.234 -170.41505
22.275 -170.36049
22.315 -170.30608
22.355 -170.25182
22.395 -170.19778
22.435 -170.14394
22.475 -170.09023
22.516 -170.03661
22.556 -169.98311
22.596 -169.92969
22.636 -169.87628
22.676 -169.82275
22.716 -169.76910
22.756 -169.71532
22.797 -169.66139
22.837 -169.60724
22.877 -169.55286
22.917 -169.49823
22.957 -169.44331
22.997 -169.38823
23.038 -169.33302
23.078 -169.27747
23.118 -169.22202
23.158 -169.16637
23.198 -169.11053
23.238 -169.05467
23.278 -168.99869
23.318 -170.51106
23.359 -170.45511
23.399 -170.39908
23.439 -170.34300
23.479 -170.28691
23.519 -170.23077
23.559 -170.17453
23.599 -170.11816
23.640 -170.06165
23.680 -169.94821
23.760 -169.89127
23.800 -169.83415
23.840 -169.77693
23.880 -169.66203
23.920 -169.60437
24.001 -169.48877
24.081 -169.37276
24.121 -169.31468
24.202 -169.19843
24.282 -169.08182
24.322 -169.02345
24.402 -168.90636
24.483 -168.78877
24.523 -168.72981
24.603 -168.61151
24.683 -168.49269
24.764 -168.43307
24.804 -168.31345
24.884 -168.19341
24.924 -168.13318
25.004 -168.01239
25.085 -167.89122
25.125 -167.83046
25.165 -167.76961
25.205 -167.70869
25.245 -167.64772
25.285 -172.90315
25.325 -172.84210
25.365 -172.78104
25.406 -172.71994
25.446 -172.65875
25.486 -172.59747
25.526 -172.53607
25.566 -172.47456
25.606 -172.41293
25.646 -172.35114
25.687 -172.28918
25.727 -172.22708
25.807 -172.10249
25.847 -172.04010
25.887 -171.97766
25.927 -171.91521
25.967 -171.85271
26.007 -171.79022
26.048 -171.72774
26.088 -171.66527
26.128 -171.60280
26.168 -171.54030
26.208 -171.47777
26.248 -171.41513
26.288 -171.35225
