1.477 -0.00581
1.518 -0.00579
1.558 -0.00576
1.598 -0.00572
1.638 -0.00565
1.678 -0.00557
1.718 -0.00551
1.758 -0.00546
1.799 -0.00540
1.839 -0.00534
1.879 -0.00526
1.919 -0.00516
1.959 -0.00504
1.999 -0.00490
2.039 -0.00474
2.080 -0.00467
2.120 -0.00463
2.160 -0.00462
2.200 -0.00465
2.240 -0.00466
2.280 -0.00464
2.320 -0.00460
2.361 -0.00453
2.401 -0.00445
2.441 -0.00442
2.481 -0.00437
2.521 -0.00432
2.561 -0.00424
2.601 -0.00412
2.642 -0.00399
2.682 -0.00383
2.722 -0.00372
2.762 -0.00360
2.802 -0.00339
2.842 -0.00325
2.923 -0.00304
3.003 -0.00297
3.043 -0.00300
3.123 -0.00310
3.204 -0.00320
3.244 -0.00327
3.324 -0.00439
3.404 -0.00511
3.485 -0.00522
3.525 -0.00530
3.605 -0.00537
3.646 -0.00541
3.726 -0.00541
3.806 -0.00529
3.847 -0.00516
3.887 -0.00500
3.927 -0.00480
3.967 -0.00463
4.007 -0.00441
4.047 -0.00427
4.087 -0.00412
4.127 -0.00399
4.168 -0.00390
4.208 -0.00382
4.248 -0.00379
4.288 -0.00380
4.328 -0.00380
4.368 -0.00383
4.408 -0.00380
4.449 -0.00378
4.489 -0.00370
4.529 -0.00361
4.569 -0.00350
4.609 -0.00344
4.649 -0.00339
4.689 -0.00334
4.730 -0.00330
4.770 -0.00323
4.810 -0.00323
4.850 -0.00320
4.890 -0.00322
4.930 -0.00330
4.970 -0.00341
5.011 -0.00357
5.051 -0.00372
5.091 -0.00381
5.131 -0.00387
5.171 -0.00392
5.211 -0.00386
5.252 -0.00383
5.292 -0.00374
5.332 -0.00368
5.372 -0.00359
5.412 -0.00346
5.452 -0.00330
5.492 -0.00311
5.533 -0.00292
5.573 -0.00274
5.613 -0.00258
5.653 -0.00244
5.693 -0.00228
5.733 -0.00215
5.774 -0.00198
5.814 -0.00181
5.854 -0.00166
5.894 -0.00151
5.934 -0.00136
5.974 -0.00126
6.014 -0.00121
6.055 -0.00115
6.095 -0.00110
6.135 -0.00104
6.175 -0.00103
6.215 -0.00109
6.255 -0.00119
6.296 -0.00136
6.336 -0.00155
6.376 -0.00172
6.416 -0.00189
6.456 -0.00205
6.496 -0.00209
6.536 -0.00211
6.577 -0.00214
6.617 -0.00209
6.657 -0.00200
6.697 -0.00193
6.737 -0.00181
6.777 -0.00163
6.817 -0.00151
6.858 -0.00139
6.898 -0.00130
6.938 -0.00125
6.978 -0.00123
7.018 -0.00118
7.059 -0.00118
7.099 -0.00115
7.139 -0.00113
7.179 -0.00114
7.219 -0.00115
7.259 -0.00128
7.299 -0.00140
7.340 -0.00149
7.380 -0.00158
7.420 -0.00166
7.460 -0.00166
7.500 -0.00171
7.540 -0.00171
7.580 -0.00171
7.621 -0.00171
7.661 -0.00172
7.701 -0.00165
7.741 -0.00155
7.781 -0.00144
7.821 -0.00129
7.861 -0.00118
7.901 -0.00109
7.942 -0.00100
7.982 -0.00093
8.022 -0.00089
8.062 -0.00091
8.102 -0.00095
8.142 -0.00100
8.183 -0.00110
8.223 -0.00124
8.263 -0.00138
8.303 -0.00154
8.343 -0.00166
8.383 -0.00174
8.423 -0.00184
8.464 -0.00190
8.504 -0.00195
8.544 -0.00200
8.584 -0.00207
8.624 -0.00211
8.664 -0.00208
8.704 -0.00202
8.745 -0.00192
8.785 -0.00181
8.825 -0.00169
8.865 -0.00160
8.905 -0.00149
8.945 -0.00137
8.985 -0.00125
9.026 -0.00111
9.066 -0.00096
9.106 -0.00087
9.146 -0.00080
9.186 -0.00076
9.226 -0.00073
9.266 -0.00073
9.307 -0.00071
9.347 -0.00067
9.387 -0.00065
9.427 -0.00067
9.467 -0.00068
9.507 -0.00070
9.547 -0.00066
9.588 -0.00062
9.628 -0.00056
9.668 -0.00045
9.708 -0.00032
9.748 -0.00019
9.788 -0.00003
9.828 0.00014
9.869 0.00028
9.909 0.00047
9.949 0.00065
9.989 0.00079
10.029 0.00087
10.069 0.00083
10.109 0.00075
10.150 0.00058
10.190 0.00040
10.230 0.00021
10.270 0.00003
10.310 -0.00010
10.350 -0.00024
10.390 -0.00032
10.431 -0.00041
10.471 -0.00046
10.511 -0.00047
10.551 -0.00045
10.591 -0.00040
10.631 -0.00025
10.672 -0.00017
10.712 -0.00003
10.752 0.00009
10.792 0.00024
10.832 0.00038
10.872 0.00067
10.912 0.00088
10.993 0.00119
11.073 0.00132
11.113 0.00135
11.193 0.00119
11.274 0.00100
11.314 0.00089
11.394 0.00072
11.475 0.00047
11.515 0.00032
11.595 -0.00006
11.675 -0.00047
11.756 -0.00071
11.796 -0.00091
11.876 -0.00076
11.916 -0.00061
11.997 -0.00045
12.077 -0.00062
12.117 -0.00070
12.197 -0.00070
12.237 -0.00056
12.278 -0.00043
12.318 -0.00029
12.358 -0.00023
12.398 -0.00020
12.438 -0.00025
12.478 -0.00026
12.518 -0.00024
12.559 -0.00013
12.599 -0.00002
12.639 0.00009
12.679 0.00012
12.719 0.00008
12.799 -0.00015
12.839 -0.00024
12.880 -0.00026
12.920 -0.00025
12.960 -0.00018
13.000 -0.00013
13.040 -0.00014
13.080 -0.00019
13.120 -0.00029
13.161 -0.00037
13.201 -0.00043
13.241 -0.00045
13.281 -0.00041
13.321 -0.00042
13.361 -0.00046
13.401 -0.00055
13.442 -0.00067
13.482 -0.00081
13.522 -0.00093
13.562 -0.00102
13.602 -0.00108
13.642 -0.00116
13.682 -0.00124
13.723 -0.00133
13.763 -0.00143
13.803 -0.00151
13.843 -0.00151
13.883 -0.00145
13.923 -0.00133
13.963 -0.00115
14.003 -0.00102
14.044 -0.00097
14.084 -0.00087
14.124 -0.00082
14.164 -0.00072
14.204 -0.00056
14.244 -0.00043
14.284 -0.00029
14.325 -0.00020
14.365 -0.00021
14.405 -0.00027
14.445 -0.00032
14.486 -0.00041
14.526 -0.00046
14.566 -0.00051
14.606 -0.00057
14.646 -0.00069
14.686 -0.00079
14.726 -0.00088
14.767 -0.00092
14.807 -0.00087
14.847 -0.00076
14.887 -0.00060
14.927 -0.00045
14.967 -0.00032
15.007 -0.00023
15.048 -0.00018
15.088 -0.00011
15.128 -0.00002
15.168 0.00007
15.208 0.00015
15.248 0.00018
15.288 0.00019
15.329 0.00020
15.369 0.00019
15.409 0.00019
15.449 0.00019
15.489 0.00022
15.529 0.00024
15.569 0.00024
15.610 0.00022
15.650 0.00023
15.690 0.00020
15.730 0.00024
15.770 0.00030
15.810 0.00040
15.850 0.00052
15.891 0.00063
15.931 0.00071
15.971 0.00077
16.011 0.00076
16.051 0.00064
16.091 0.00053
16.131 0.00041
16.172 0.00031
16.212 0.00016
16.252 0.00007
16.292 -0.00010
16.332 -0.00026
16.372 -0.00038
16.412 -0.00049
16.453 -0.00061
16.493 -0.00073
16.533 -0.00085
16.573 -0.00099
16.613 -0.00106
16.653 -0.00111
16.693 -0.00115
16.734 -0.00120
16.774 -0.00126
16.814 -0.00134
16.854 -0.00142
16.894 -0.00153
16.934 -0.00165
16.974 -0.00175
17.015 -0.00183
17.055 -0.00189
17.095 -0.00196
17.135 -0.00204
17.175 -0.00213
17.215 -0.00220
17.256 -0.00228
17.296 -0.00232
17.336 -0.00236
17.376 -0.00239
17.416 -0.00243
17.456 -0.00242
17.496 -0.00237
17.537 -0.00225
17.577 -0.00210
17.617 -0.00189
17.657 -0.00163
17.697 -0.00138
17.738 -0.00112
17.778 -0.00082
17.818 -0.00053
17.858 -0.00024
17.898 0.00004
17.938 0.00026
17.978 0.00047
18.019 0.00065
18.059 0.00073
18.099 0.00076
18.139 0.00070
18.179 0.00064
18.219 0.00053
18.260 0.00034
18.300 0.00016
18.340 0.00002
18.380 -0.00015
18.420 -0.00033
18.460 -0.00047
18.500 -0.00058
18.541 -0.00068
18.581 -0.00077
18.621 -0.00092
18.661 -0.00103
18.701 -0.00116
18.741 -0.00128
18.782 -0.00140
18.822 -0.00150
18.862 -0.00157
18.902 -0.00161
18.942 -0.00160
18.982 -0.00158
19.022 -0.00151
19.063 -0.00144
19.103 -0.00132
19.143 -0.00121
19.183 -0.00108
19.223 -0.00100
19.263 -0.00089
19.304 -0.00076
19.344 -0.00064
19.384 -0.00051
19.424 -0.00039
19.464 -0.00030
19.504 -0.00022
19.544 -0.00019
19.584 -0.00017
19.625 -0.00015
19.665 -0.00011
19.705 -0.00007
19.745 -0.00001
19.785 0.00003
19.825 0.00006
19.865 0.00011
19.906 0.00013
19.946 0.00011
19.986 0.00010
20.026 0.00005
20.066 -0.00006
20.106 -0.00020
20.146 -0.00038
20.187 -0.00056
20.227 -0.00071
20.267 -0.00083
20.307 -0.00088
20.347 -0.00093
20.387 -0.00099
20.428 -0.00102
20.468 -0.00118
20.508 -0.00130
20.548 -0.00137
20.588 -0.00148
20.628 -0.00140
20.668 -0.00129
20.709 -0.00120
20.749 -0.00116
20.789 -0.00110
20.829 -0.00111
20.869 -0.00107
20.910 -0.00101
20.950 -0.00093
20.990 -0.00080
21.030 -0.00065
21.070 -0.00058
21.110 -0.00054
21.150 -0.00057
21.191 -0.00065
21.231 -0.00068
21.271 -0.00075
21.311 -0.00079
21.351 -0.00079
21.391 -0.00085
21.432 -0.00098
21.472 -0.00117
21.512 -0.00139
21.552 -0.00159
21.592 -0.00177
21.632 -0.00185
21.672 -0.00194
21.713 -0.00200
21.753 -0.00208
21.793 -0.00210
21.873 -0.00187
21.913 -0.00169
21.994 -0.00147
22.074 -0.00143
22.114 -0.00142
22.194 -0.00122
22.275 -0.00080
22.315 -0.00058
22.395 -0.00035
22.475 -0.00026
22.516 -0.00018
22.596 0.00008
22.676 0.00018
22.756 0.00018
22.797 0.00000
22.877 -0.00027
22.917 -0.00046
22.957 -0.00057
22.997 -0.00073
23.038 -0.00104
23.078 -0.00120
23.118 -0.00142
23.158 -0.00170
23.198 -0.00175
23.238 -0.00179
23.278 -0.00174
23.318 -0.00162
23.359 -0.00155
23.399 -0.00158
23.439 -0.00160
23.479 -0.00154
23.519 -0.00145
23.559 -0.00129
23.599 -0.00110
23.640 -0.00096
23.680 -0.00089
23.720 -0.00090
23.800 -0.00099
23.840 -0.00100
23.880 -0.00099
23.920 -0.00096
23.961 -0.00093
24.001 -0.00103
24.041 -0.00115
24.081 -0.00133
24.121 -0.00145
24.161 -0.00153
24.202 -0.00154
24.242 -0.00154
24.282 -0.00154
24.322 -0.00157
24.362 -0.00163
24.402 -0.00172
24.443 -0.00181
24.483 -0.00186
24.523 -0.00183
24.563 -0.00178
24.603 -0.00172
24.643 -0.00168
24.683 -0.00169
24.724 -0.00170
24.764 -0.00165
24.804 -0.00157
24.844 -0.00143
24.884 -0.00125
24.924 -0.00104
24.964 -0.00090
25.004 -0.00079
25.044 -0.00071
25.085 -0.00066
25.125 -0.00061
25.165 -0.00060
25.205 -0.00061
25.245 -0.00070
25.285 -0.00081
25.325 -0.00097
25.365 -0.00114
25.406 -0.00131
25.446 -0.00147
25.486 -0.00160
25.526 -0.00172
25.566 -0.00184
25.606 -0.00194
25.646 -0.00204
25.687 -0.00213
25.727 -0.00218
25.767 -0.00219
25.807 -0.00215
25.847 -0.00209
25.887 -0.00202
25.927 -0.00199
25.967 -0.00196
26.007 -0.00192
26.048 -0.00188
26.088 -0.00177
26.128 -0.00165
26.168 -0.00154
26.208 -0.00147
26.248 -0.00140
26.288 -0.00143
