1.477 47.78830
1.518 47.78830
1.558 47.78830
1.598 47.78830
1.638 47.78830
1.678 47.78830
1.718 47.78830
1.758 47.78830
1.799 47.78830
1.839 47.78830
1.879 47.78830
1.919 47.78830
1.959 47.78830
1.999 47.78830
2.039 47.78830
2.080 47.78830
2.120 47.78830
2.160 47.78830
2.200 47.78830
2.240 47.78830
2.280 47.78830
2.320 47.78830
2.361 47.78830
2.401 47.78830
2.441 47.78830
2.481 47.78830
2.521 47.78830
2.561 47.78830
2.601 47.78830
2.642 47.78830
2.682 47.78830
2.722 47.78830
2.762 47.78830
2.802 47.78830
2.842 47.78830
2.882 47.78830
2.923 47.78830
2.963 47.78830
3.003 47.78830
3.043 47.78830
3.083 47.78830
3.123 47.78830
3.163 47.78830
3.204 47.78830
3.244 47.78830
3.284 47.78830
3.324 47.78830
3.364 47.78830
3.404 47.78830
3.445 47.78830
3.485 47.78830
3.525 47.78830
3.565 47.78830
3.605 47.78829
3.646 47.78829
3.686 47.78829
3.726 47.78829
3.766 47.78829
3.806 47.78829
3.887 47.78829
3.927 47.78829
3.967 47.78829
4.007 47.78829
4.047 47.78829
4.087 47.78829
4.127 47.78829
4.168 47.78829
4.208 47.78829
4.248 47.78829
4.288 47.78829
4.328 47.78829
4.368 47.78829
4.408 47.78829
4.449 47.78829
4.489 47.78829
4.529 47.78829
4.569 47.78829
4.609 47.78829
4.649 47.78829
4.689 47.78829
4.730 47.78829
4.770 47.78829
4.810 47.78829
4.850 47.78829
4.890 47.78829
4.930 47.78829
4.970 47.78829
5.011 47.78830
5.051 47.78830
5.091 47.78830
5.131 47.78830
5.171 47.78830
5.211 47.78830
5.252 47.78830
5.292 48.19878
5.332 48.19878
5.372 48.19878
5.412 48.19878
5.452 48.19878
5.492 48.19878
5.533 48.19878
5.573 48.19878
5.613 48.19878
5.653 48.19878
5.693 48.19878
5.733 48.19878
5.774 48.19878
5.814 48.19878
5.854 48.19878
5.894 48.19878
5.934 48.19878
5.974 48.19878
6.014 48.19878
6.055 48.19878
6.095 48.19878
6.135 48.19878
6.175 48.19878
6.215 48.19878
6.255 48.19878
6.296 48.19878
6.336 48.19878
6.376 48.19878
6.416 48.19878
6.456 48.19878
6.496 48.19878
6.536 48.19878
6.577 48.19878
6.617 48.19878
6.657 48.19878
6.697 48.19878
6.737 48.19878
6.777 48.19878
6.817 48.19878
6.858 48.19878
6.898 48.19878
6.938 48.19878
6.978 48.19878
7.018 48.19878
7.059 48.19878
7.099 48.19878
7.139 48.19878
7.179 48.19878
7.219 48.19878
7.259 48.19878
7.299 48.19877
7.340 48.19877
7.380 48.19877
7.420 48.19877
7.460 48.19877
7.500 48.19877
7.540 48.19877
7.580 48.19877
7.621 48.19877
7.661 48.19878
7.701 48.19878
7.741 48.19878
7.781 48.19878
7.821 48.19878
7.861 48.19878
7.901 48.19878
7.942 48.19878
7.982 48.19878
8.022 48.19878
8.062 48.19878
8.102 48.19878
8.142 48.19878
8.183 48.19878
8.223 48.19878
8.263 48.19878
8.303 48.19878
8.343 48.19878
8.383 48.19878
8.423 48.19878
8.464 48.19878
8.504 48.19878
8.544 48.19878
8.584 48.19878
8.624 48.19878
8.664 48.19878
8.704 48.19878
8.745 48.19878
8.785 48.19878
8.825 48.19878
8.865 48.19878
8.905 48.19878
8.945 48.19878
8.985 48.19878
9.026 48.19878
9.066 48.19878
9.106 48.19878
9.146 48.19878
9.186 48.19878
9.226 48.19878
9.266 48.19878
9.307 48.19877
9.347 48.19877
9.387 48.19877
9.427 48.19877
9.467 48.19877
9.507 48.19877
9.547 48.19877
9.588 48.19877
9.628 48.19877
9.668 48.19877
9.708 48.19877
9.748 48.19877
9.788 48.19877
9.828 48.19877
9.869 48.19877
9.909 48.19877
9.949 48.19877
9.989 48.19877
10.029 48.19877
10.069 48.19877
10.109 48.19877
10.150 48.19877
10.190 48.19877
10.230 48.19877
10.270 48.19877
10.310 48.19877
10.350 48.19877
10.390 48.19877
10.431 48.19877
10.471 48.19877
10.511 48.19877
10.551 48.19877
10.591 48.19877
10.631 48.19877
10.672 48.19877
10.712 48.19877
10.752 48.19877
10.792 48.19877
10.832 48.19877
10.872 48.19877
10.912 48.19877
10.953 48.19877
10.993 48.19877
11.033 48.19877
11.073 48.19877
11.113 48.19877
11.153 48.19877
11.194 48.19877
11.234 48.19877
11.274 48.19877
11.314 48.19875
11.354 48.19875
11.394 48.19875
11.435 48.19875
11.475 48.19875
11.515 48.19875
11.555 48.19876
11.595 48.19876
11.635 48.19876
11.675 48.19876
11.716 48.19876
11.756 48.19876
11.796 48.19876
11.836 48.19876
11.876 48.19876
11.916 48.19876
11.956 48.19876
11.997 48.19876
12.037 48.19876
12.077 48.19876
12.117 48.19876
12.157 48.19876
12.197 48.19876
12.237 48.19876
12.278 48.19876
12.318 48.19876
12.358 48.19876
12.398 48.19876
12.438 48.19876
12.478 48.19876
12.518 48.19876
12.559 48.19876
12.599 48.19876
12.639 48.19876
12.679 48.19876
12.719 48.19876
12.759 48.19876
12.799 48.19876
12.839 48.19876
12.880 48.19876
12.920 48.19876
12.960 48.19876
13.000 48.19876
13.040 48.19876
13.080 48.19876
13.120 48.19876
13.201 48.19876
13.281 48.19878
13.321 48.19878
13.401 48.19878
13.482 48.19879
13.522 48.19879
13.602 48.19879
13.682 48.19879
13.763 48.19879
13.803 48.19879
13.883 48.19879
13.923 48.19879
14.003 48.19879
14.084 48.19879
14.124 48.19879
14.204 48.19879
14.244 48.19879
14.284 48.19879
14.325 48.19879
14.365 48.19879
14.405 48.19879
14.445 48.19879
14.486 48.19879
14.526 48.19879
14.566 48.19879
14.606 48.19879
14.646 48.19879
14.686 48.19880
14.726 48.19880
14.807 48.19880
14.847 48.19880
14.887 48.19880
14.927 48.19880
14.967 48.19880
15.007 48.19880
15.048 48.19880
15.088 48.19880
15.128 48.19880
15.168 48.19880
15.208 48.19880
15.248 48.19880
15.288 48.19880
15.329 48.19880
15.369 48.19880
15.409 48.19880
15.449 48.19880
15.489 48.19880
15.529 48.19880
15.569 48.19880
15.610 48.19880
15.650 48.19881
15.690 48.19881
15.730 48.19881
15.770 48.19881
15.810 48.19881
15.850 48.19881
15.891 48.19881
15.931 48.19881
15.971 48.19881
16.011 48.19881
16.051 48.19881
16.091 48.19881
16.131 48.19881
16.172 48.19881
16.212 48.19881
16.252 48.19881
16.292 48.19881
16.332 48.19881
16.372 48.19881
16.412 48.19881
16.453 48.19881
16.493 48.19881
16.533 48.19881
16.573 48.19881
16.613 48.19881
16.653 48.19881
16.693 48.19881
16.734 48.19881
16.774 48.19881
16.814 48.19881
16.854 48.19881
16.894 48.19881
16.934 48.19881
16.974 48.19881
17.015 48.19881
17.055 48.19881
17.095 48.19881
17.135 48.19882
17.175 48.19882
17.215 48.19882
17.256 48.19882
17.296 48.19878
17.336 48.19878
17.376 48.19878
17.416 48.19878
17.456 48.19878
17.496 48.19878
17.537 48.19878
17.577 48.19878
17.617 48.19878
17.657 48.19878
17.697 48.19878
17.738 48.19878
17.778 48.19878
17.818 48.19878
17.858 48.19879
17.898 48.19879
17.938 48.19879
17.978 48.19879
18.019 48.19879
18.059 48.19879
18.099 48.19879
18.139 48.19879
18.179 48.19879
18.219 48.19879
18.260 48.19879
18.300 48.19879
18.340 48.19879
18.380 48.19879
18.420 48.19879
18.460 48.19879
18.500 48.19879
18.541 48.19879
18.581 48.19879
18.621 48.19879
18.661 48.19879
18.701 48.19880
18.741 48.19880
18.782 48.19880
18.822 48.19880
18.862 48.19880
18.902 48.19880
18.942 48.19880
18.982 48.19880
19.022 48.19880
19.063 48.19880
19.103 48.19880
19.143 48.19880
19.183 48.19880
19.223 48.19880
19.263 48.19880
19.304 48.19877
19.344 48.19877
19.384 48.19878
19.424 48.19878
19.464 48.19878
19.504 48.19878
19.544 48.19878
19.584 48.19878
19.625 48.19878
19.665 48.19878
19.705 48.19878
19.745 48.19878
19.785 48.19878
19.825 48.19878
19.865 48.19878
19.906 48.19878
19.946 48.19878
19.986 48.19878
20.026 48.19878
20.066 48.19878
20.106 48.19878
20.146 48.19878
20.187 48.19878
20.227 48.19878
20.267 48.19878
20.307 48.19878
20.347 48.19878
20.387 48.19878
20.428 48.19878
20.468 48.19878
20.508 48.19878
20.548 48.19878
20.588 48.19879
20.628 48.19879
20.668 48.19879
20.709 48.19879
20.749 48.19879
20.789 48.19879
20.829 48.19879
20.869 48.19879
20.910 48.19879
20.950 48.19879
20.990 48.19879
21.030 48.19879
21.070 48.19879
21.110 48.19879
21.150 48.19879
21.191 48.19879
21.231 48.19879
21.271 48.19879
21.311 48.19878
21.351 48.19878
21.391 48.19878
21.432 48.19878
21.472 48.19878
21.512 48.19878
21.552 48.19878
21.592 48.19878
21.632 48.19878
21.672 48.19878
21.713 48.19878
21.753 48.19878
21.793 48.19878
21.833 48.19878
21.873 48.19878
21.913 48.19878
21.953 48.19878
21.994 48.19878
22.034 48.19879
22.074 48.19879
22.114 48.19879
22.154 48.19879
22.194 48.19879
22.234 48.19879
22.275 48.19879
22.315 48.19879
22.355 48.19879
22.395 48.19879
22.435 48.19879
22.475 48.19879
22.516 48.19879
22.556 48.19879
22.596 48.19879
22.636 48.19879
22.676 48.19879
22.716 48.19880
22.756 48.19880
22.797 48.19880
22.837 48.19880
22.877 48.19880
22.917 48.19880
22.957 48.19880
22.997 48.19880
23.038 48.19880
23.078 48.19880
23.118 48.19880
23.158 48.19880
23.198 48.19880
23.238 48.19880
23.278 48.19880
23.318 48.19878
23.359 48.19878
23.399 48.19878
23.439 48.19878
23.479 48.19878
23.519 48.19878
23.559 48.19878
23.599 48.19878
23.640 48.19878
23.680 48.19878
23.760 48.19878
23.800 48.19879
23.840 48.19879
23.880 48.19879
23.920 48.19879
24.001 48.19879
24.081 48.19879
24.121 48.19879
24.202 48.19879
24.282 48.19879
24.322 48.19879
24.402 48.19879
24.483 48.19880
24.523 48.19880
24.603 48.19880
24.683 48.19880
24.764 48.19880
24.804 48.19880
24.884 48.19880
24.924 48.19880
25.004 48.19880
25.085 48.19880
25.125 48.19880
25.165 48.19880
25.205 48.19880
25.245 48.19880
25.285 48.19878
25.325 48.19878
25.365 48.19878
25.406 48.19878
25.446 48.19878
25.486 48.19878
25.526 48.19878
25.566 48.19878
25.606 48.19878
25.646 48.19878
25.687 48.19878
25.727 48.19878
25.807 48.19878
25.847 48.19878
25.887 48.19878
25.927 48.19878
25.967 48.19878
26.007 48.19878
26.048 48.19878
26.088 48.19878
26.128 48.19878
26.168 48.19879
26.208 48.19879
26.248 48.19879
26.288 48.19879
