1.477 47.78830 -3.33451 1.24991
1.518 47.78830 -3.33451 1.24996
1.558 47.78830 -3.33451 1.25010
1.598 47.78830 -3.33451 1.25037
1.638 47.78830 -3.33451 1.25074
1.678 47.78830 -3.33451 1.25117
1.718 47.78830 -3.33451 1.25166
1.758 47.78830 -3.33451 1.25224
1.799 47.78830 -3.33451 1.25293
1.839 47.78830 -3.33451 1.25373
1.879 47.78830 -3.33451 1.25463
1.919 47.78830 -3.33451 1.25562
1.959 47.78830 -3.33451 1.25677
1.999 47.78830 -3.33451 1.25806
2.039 47.78830 -3.33451 1.25940
2.080 47.78830 -3.33451 1.26083
2.120 47.78830 -3.33451 1.26233
2.160 47.78830 -3.33451 1.26396
2.200 47.78830 -3.33451 1.26578
2.240 47.78830 -3.33451 1.26770
2.280 47.78830 -3.33451 1.26966
2.320 47.78830 -3.33451 1.27174
2.361 47.78830 -3.33451 1.27395
2.401 47.78830 -3.33451 1.27627
2.441 47.78830 -3.33451 1.27868
2.481 47.78830 -3.33451 1.28085
2.521 47.78830 -3.33451 1.28343
2.561 47.78830 -3.33451 1.28614
2.642 47.78830 -3.33451 1.29185
2.682 47.78830 -3.33451 1.29477
2.722 47.78830 -3.33451 1.29781
2.762 47.78830 -3.33451 1.30094
2.802 47.78830 -3.33451 1.30414
2.842 47.78830 -3.33451 1.30743
2.882 47.78830 -3.33451 1.31076
2.923 47.78830 -3.33451 1.31419
2.963 47.78830 -3.33451 1.31771
3.003 47.78830 -3.33451 1.32129
3.043 47.78830 -3.33451 1.32502
3.083 47.78830 -3.33451 1.32888
3.123 47.78830 -3.33451 1.33281
3.163 47.78830 -3.33451 1.33686
3.204 47.78830 -3.33451 1.34101
3.244 47.78830 -3.33451 1.34530
3.284 47.78830 -3.33451 1.34975
3.324 47.78830 -3.33451 1.35502
3.364 47.78830 -3.33451 1.36016
3.404 47.78830 -3.33451 1.36501
3.445 47.78830 -3.33451 1.37004
3.485 47.78830 -3.33451 1.37513
3.525 47.78830 -3.33451 1.38034
3.565 47.78830 -3.33451 1.38569
3.605 47.78829 -3.33452 1.39116
3.646 47.78829 -3.33452 1.39681
3.686 47.78829 -3.33452 1.40245
3.726 47.78829 -3.33452 1.40821
3.766 47.78829 -3.33452 1.41256
3.806 47.78829 -3.33452 1.42451
3.887 47.78829 -3.33452 1.43681
3.927 47.78829 -3.33452 1.44306
3.967 47.78829 -3.33452 1.44937
4.007 47.78829 -3.33452 1.45577
4.047 47.78829 -3.33452 1.46226
4.087 47.78829 -3.33452 1.46881
4.127 47.78829 -3.33452 1.47543
4.168 47.78829 -3.33452 1.48217
4.208 47.78829 -3.33452 1.48901
4.248 47.78829 -3.33452 1.49601
4.288 47.78829 -3.33452 1.50311
4.328 47.78829 -3.33452 1.51030
4.368 47.78829 -3.33452 1.51759
4.408 47.78829 -3.33452 1.52498
4.449 47.78829 -3.33452 1.53247
4.489 47.78829 -3.33452 1.53997
4.529 47.78829 -3.33452 1.54750
4.569 47.78829 -3.33452 1.55515
4.609 47.78829 -3.33452 1.56298
4.649 47.78829 -3.33452 1.57100
4.689 47.78829 -3.33452 1.57922
4.730 47.78829 -3.33452 1.58763
4.770 47.78829 -3.33452 1.59634
4.810 47.78829 -3.33452 1.60540
4.850 47.78829 -3.33452 1.61481
4.890 47.78829 -3.33452 1.62451
4.930 47.78829 -3.33452 1.63449
4.970 47.78829 -3.33452 1.64478
5.011 47.78830 -3.33452 1.65539
5.051 47.78830 -3.33452 1.66627
5.091 47.78830 -3.33452 1.67729
5.131 47.78830 -3.33452 1.68844
5.171 47.78830 -3.33452 1.69973
5.211 47.78830 -3.33452 1.71108
5.252 47.78830 -3.33452 1.72241
5.292 48.19878 -3.01474 -168.92168
5.332 48.19878 -3.01474 -168.91051
5.372 48.19878 -3.01474 -168.89940
5.412 48.19878 -3.01474 -168.88838
5.452 48.19878 -3.01474 -168.87747
5.492 48.19878 -3.01474 -168.86667
5.533 48.19878 -3.01474 -168.85596
5.573 48.19878 -3.01474 -168.84535
5.613 48.19878 -3.01474 -168.83482
5.653 48.19878 -3.01474 -168.82439
5.693 48.19878 -3.01474 -168.81407
5.733 48.19878 -3.01474 -168.80383
5.774 48.19878 -3.01474 -168.79362
5.814 48.19878 -3.01474 -168.78348
5.854 48.19878 -3.01474 -168.77335
5.894 48.19878 -3.01474 -168.76323
5.934 48.19878 -3.01474 -168.75316
5.974 48.19878 -3.01474 -168.74315
6.014 48.19878 -3.01474 -168.73317
6.055 48.19878 -3.01474 -168.72322
6.095 48.19878 -3.01474 -168.71318
6.135 48.19878 -3.01474 -168.70302
6.175 48.19878 -3.01474 -168.69269
6.215 48.19878 -3.01474 -168.68221
6.255 48.19878 -3.01474 -168.67159
6.296 48.19878 -3.01474 -168.66080
6.336 48.19878 -3.01474 -168.64977
6.376 48.19878 -3.01474 -168.63849
6.416 48.19878 -3.01474 -168.62701
6.456 48.19878 -3.01474 -168.61517
6.496 48.19878 -3.01474 -168.60300
6.536 48.19878 -3.01474 -168.59045
6.577 48.19878 -3.01474 -168.57748
6.617 48.19878 -3.01474 -168.56421
6.657 48.19878 -3.01474 -168.55060
6.697 48.19878 -3.01474 -168.53656
6.737 48.19878 -3.01474 -168.52216
6.777 48.19878 -3.01474 -168.50742
6.817 48.19878 -3.01474 -168.49243
6.858 48.19878 -3.01474 -168.47729
6.898 48.19878 -3.01474 -168.46205
6.938 48.19878 -3.01474 -168.44675
6.978 48.19878 -3.01474 -168.43147
7.018 48.19878 -3.01474 -168.41620
7.059 48.19878 -3.01474 -168.40091
7.099 48.19878 -3.01474 -168.38567
7.139 48.19878 -3.01474 -168.37044
7.179 48.19878 -3.01474 -168.35530
7.219 48.19878 -3.01474 -168.34026
7.259 48.19878 -3.01474 -168.32526
7.299 48.19877 -3.01476 -172.08029
7.340 48.19877 -3.01476 -172.06552
7.380 48.19877 -3.01476 -172.05083
7.420 48.19877 -3.01476 -172.03613
7.460 48.19877 -3.01476 -172.02141
7.500 48.19877 -3.01476 -172.00659
7.540 48.19877 -3.01476 -171.99167
7.580 48.19877 -3.01476 -171.97665
7.621 48.19877 -3.01476 -171.96146
7.661 48.19878 -3.01476 -171.94609
7.701 48.19878 -3.01476 -171.93063
7.741 48.19878 -3.01476 -171.91501
7.781 48.19878 -3.01476 -171.89919
7.821 48.19878 -3.01476 -171.88319
7.861 48.19878 -3.01476 -171.86708
7.901 48.19878 -3.01476 -171.85085
7.942 48.19878 -3.01476 -171.83452
7.982 48.19878 -3.01476 -171.81799
8.022 48.19878 -3.01476 -171.80128
8.062 48.19878 -3.01476 -171.78441
8.102 48.19878 -3.01476 -171.76741
8.142 48.19878 -3.01476 -171.75032
8.183 48.19878 -3.01476 -171.73311
8.223 48.19878 -3.01476 -171.71582
8.263 48.19878 -3.01476 -171.69850
8.303 48.19878 -3.01476 -171.68108
8.343 48.19878 -3.01476 -171.66353
8.383 48.19878 -3.01476 -171.64589
8.423 48.19878 -3.01476 -171.62813
8.464 48.19878 -3.01476 -171.61026
8.504 48.19878 -3.01476 -171.59229
8.544 48.19878 -3.01476 -171.57419
8.584 48.19878 -3.01476 -171.55597
8.624 48.19878 -3.01476 -171.53764
8.664 48.19878 -3.01476 -171.51921
8.704 48.19878 -3.01476 -171.50064
8.745 48.19878 -3.01476 -171.48190
8.785 48.19878 -3.01476 -171.46304
8.825 48.19878 -3.01476 -171.44412
8.865 48.19878 -3.01476 -171.42517
8.905 48.19878 -3.01476 -171.40617
8.945 48.19878 -3.01476 -171.38710
8.985 48.19878 -3.01476 -171.36798
9.026 48.19878 -3.01476 -171.34880
9.066 48.19878 -3.01476 -171.32954
9.106 48.19878 -3.01476 -171.31018
9.146 48.19878 -3.01476 -171.29071
9.186 48.19878 -3.01476 -171.27113
9.226 48.19878 -3.01476 -171.25145
9.266 48.19878 -3.01476 -171.23161
9.307 48.19877 -3.01475 -171.38704
9.347 48.19877 -3.01475 -171.36688
9.387 48.19877 -3.01475 -171.34659
9.427 48.19877 -3.01475 -171.32617
9.467 48.19877 -3.01475 -171.30560
9.507 48.19877 -3.01475 -171.28487
9.547 48.19877 -3.01475 -171.26402
9.588 48.19877 -3.01475 -171.24306
9.628 48.19877 -3.01475 -171.22200
9.668 48.19877 -3.01475 -171.20091
9.708 48.19877 -3.01475 -171.17982
9.748 48.19877 -3.01475 -171.15871
9.788 48.19877 -3.01475 -171.13759
9.828 48.19877 -3.01475 -171.11652
9.869 48.19877 -3.01475 -171.09538
9.909 48.19877 -3.01475 -171.07417
9.949 48.19877 -3.01475 -171.05290
9.989 48.19877 -3.01475 -171.03159
10.029 48.19877 -3.01475 -171.01019
10.069 48.19877 -3.01475 -170.98871
10.109 48.19877 -3.01475 -170.96715
10.150 48.19877 -3.01475 -170.94547
10.190 48.19877 -3.01475 -170.92366
10.230 48.19877 -3.01475 -170.90178
10.270 48.19877 -3.01475 -170.87976
10.310 48.19877 -3.01475 -170.85757
10.350 48.19877 -3.01475 -170.83522
10.390 48.19877 -3.01475 -170.81271
10.431 48.19877 -3.01475 -170.79007
10.471 48.19877 -3.01475 -170.76726
10.511 48.19877 -3.01475 -170.74426
10.551 48.19877 -3.01475 -170.72108
10.591 48.19877 -3.01475 -170.69780
10.631 48.19877 -3.01475 -170.67441
10.672 48.19877 -3.01475 -170.65089
10.712 48.19877 -3.01475 -170.62723
10.752 48.19877 -3.01475 -170.60347
10.792 48.19877 -3.01475 -170.57959
10.832 48.19877 -3.01476 -170.55568
10.872 48.19877 -3.01476 -170.53171
10.912 48.19877 -3.01476 -170.50766
10.953 48.19877 -3.01476 -170.48355
10.993 48.19877 -3.01476 -170.45944
11.033 48.19877 -3.01476 -170.43533
11.073 48.19877 -3.01476 -170.41125
11.113 48.19877 -3.01476 -170.38724
11.153 48.19877 -3.01476 -170.36319
11.194 48.19877 -3.01476 -170.33905
11.234 48.19877 -3.01476 -170.31477
11.274 48.19877 -3.01476 -170.29033
11.314 48.19875 -3.01474 -169.23227
11.354 48.19875 -3.01474 -169.20753
11.394 48.19875 -3.01474 -169.18260
11.435 48.19875 -3.01474 -169.15752
11.475 48.19875 -3.01474 -169.13229
11.515 48.19875 -3.01474 -169.10690
11.555 48.19876 -3.01474 -169.08141
11.595 48.19876 -3.01474 -169.05579
11.635 48.19876 -3.01474 -169.02997
11.675 48.19876 -3.01474 -169.00404
11.716 48.19876 -3.01474 -168.97810
11.756 48.19876 -3.01474 -168.95224
11.796 48.19876 -3.01474 -168.92650
11.836 48.19876 -3.01474 -168.90091
11.876 48.19876 -3.01474 -168.87541
11.916 48.19876 -3.01474 -168.84990
11.956 48.19876 -3.01474 -168.82433
11.997 48.19876 -3.01474 -168.79852
12.037 48.19876 -3.01474 -168.77237
12.077 48.19876 -3.01474 -168.74580
12.117 48.19876 -3.01474 -168.71892
12.157 48.19876 -3.01474 -168.69173
12.197 48.19876 -3.01474 -168.66415
12.237 48.19876 -3.01474 -168.63622
12.278 48.19876 -3.01474 -168.60793
12.318 48.19876 -3.01474 -168.57936
12.358 48.19876 -3.01474 -168.55057
12.398 48.19876 -3.01474 -168.52153
12.438 48.19876 -3.01474 -168.49232
12.478 48.19876 -3.01474 -168.46301
12.518 48.19876 -3.01474 -168.43369
12.559 48.19876 -3.01474 -168.40436
12.599 48.19876 -3.01474 -168.37502
12.639 48.19876 -3.01474 -168.34569
12.679 48.19876 -3.01474 -168.31641
12.719 48.19876 -3.01474 -168.28719
12.759 48.19876 -3.01474 -168.25801
12.799 48.19876 -3.01474 -168.22888
12.839 48.19876 -3.01474 -168.19983
12.880 48.19876 -3.01474 -168.17079
12.920 48.19876 -3.01474 -168.14175
12.960 48.19876 -3.01474 -168.11272
13.000 48.19876 -3.01474 -168.08368
13.040 48.19876 -3.01474 -168.05461
13.080 48.19876 -3.01474 -167.99632
13.120 48.19876 -3.01474 -167.96706
13.201 48.19876 -3.01474 -167.90813
13.281 48.19878 -3.01476 -172.46530
13.321 48.19878 -3.01476 -172.43512
13.401 48.19878 -3.01476 -172.37389
13.482 48.19879 -3.01476 -172.31168
13.522 48.19879 -3.01476 -172.28018
13.602 48.19879 -3.01476 -172.21640
13.682 48.19879 -3.01476 -172.15210
13.763 48.19879 -3.01476 -172.11987
13.803 48.19879 -3.01476 -172.05540
13.883 48.19879 -3.01476 -171.99110
13.923 48.19879 -3.01476 -171.95901
14.003 48.19879 -3.01476 -171.89482
14.084 48.19879 -3.01476 -171.83047
14.124 48.19879 -3.01476 -171.79808
14.204 48.19879 -3.01476 -171.73279
14.244 48.19879 -3.01476 -171.69989
14.284 48.19879 -3.01476 -171.66678
14.325 48.19879 -3.01476 -171.63350
14.365 48.19879 -3.01476 -171.60005
14.405 48.19879 -3.01476 -171.56650
14.445 48.19879 -3.01476 -171.53282
14.486 48.19879 -3.01476 -171.49901
14.526 48.19879 -3.01476 -171.46509
14.566 48.19879 -3.01476 -171.43109
14.606 48.19879 -3.01476 -171.39705
14.646 48.19879 -3.01476 -171.36293
14.686 48.19880 -3.01476 -171.32877
14.726 48.19880 -3.01476 -171.29457
14.807 48.19880 -3.01476 -171.22621
14.847 48.19880 -3.01476 -171.19206
14.887 48.19880 -3.01476 -171.15796
14.927 48.19880 -3.01476 -171.12386
14.967 48.19880 -3.01476 -171.08975
15.007 48.19880 -3.01476 -171.05559
15.048 48.19880 -3.01476 -171.02133
15.088 48.19880 -3.01476 -170.98692
15.128 48.19880 -3.01476 -170.95235
15.168 48.19880 -3.01476 -170.91756
15.208 48.19880 -3.01476 -170.88257
15.248 48.19880 -3.01476 -170.84732
15.288 48.19880 -3.01475 -171.08813
15.329 48.19880 -3.01475 -171.05246
15.369 48.19880 -3.01475 -171.01657
15.409 48.19880 -3.01475 -170.98051
15.449 48.19880 -3.01475 -170.94424
15.489 48.19880 -3.01475 -170.90779
15.529 48.19880 -3.01475 -170.87123
15.569 48.19880 -3.01475 -170.83461
15.610 48.19880 -3.01475 -170.79797
15.650 48.19881 -3.01475 -170.76137
15.690 48.19881 -3.01475 -170.72473
15.730 48.19881 -3.01475 -170.68811
15.770 48.19881 -3.01475 -170.65152
15.810 48.19881 -3.01475 -170.61497
15.850 48.19881 -3.01475 -170.57841
15.891 48.19881 -3.01475 -170.54181
15.931 48.19881 -3.01475 -170.50508
15.971 48.19881 -3.01475 -170.46828
16.011 48.19881 -3.01475 -170.43134
16.051 48.19881 -3.01475 -170.39423
16.091 48.19881 -3.01475 -170.35692
16.172 48.19881 -3.01475 -170.28186
16.212 48.19881 -3.01475 -170.24413
16.252 48.19881 -3.01475 -170.20630
16.292 48.19881 -3.01475 -170.16833
16.332 48.19881 -3.01475 -170.13023
16.372 48.19881 -3.01475 -170.09210
16.412 48.19881 -3.01475 -170.05392
16.453 48.19881 -3.01475 -170.01570
16.493 48.19881 -3.01475 -169.97740
16.533 48.19881 -3.01475 -169.93909
16.573 48.19881 -3.01475 -169.90071
16.613 48.19881 -3.01475 -169.86227
16.653 48.19881 -3.01475 -169.82375
16.693 48.19881 -3.01475 -169.78510
16.734 48.19881 -3.01475 -169.74638
16.774 48.19881 -3.01475 -169.70749
16.814 48.19881 -3.01475 -169.66850
16.854 48.19881 -3.01475 -169.62935
16.894 48.19881 -3.01475 -169.59009
16.934 48.19881 -3.01475 -169.55075
16.974 48.19881 -3.01475 -169.51128
17.015 48.19881 -3.01475 -169.47163
17.055 48.19881 -3.01475 -169.43185
17.095 48.19881 -3.01475 -169.39200
17.135 48.19882 -3.01475 -169.35199
17.175 48.19882 -3.01475 -169.31184
17.215 48.19882 -3.01475 -169.27158
17.256 48.19882 -3.01475 -169.23128
17.296 48.19878 -3.01473 -172.65741
17.336 48.19878 -3.01473 -172.61676
17.376 48.19878 -3.01473 -172.57584
17.416 48.19878 -3.01473 -172.53473
17.456 48.19878 -3.01473 -172.49352
17.496 48.19878 -3.01473 -172.45218
17.537 48.19878 -3.01473 -172.41084
17.577 48.19878 -3.01473 -172.36937
17.617 48.19878 -3.01473 -172.32777
17.657 48.19878 -3.01473 -172.28592
17.697 48.19878 -3.01473 -172.24374
17.738 48.19878 -3.01473 -172.20132
17.778 48.19878 -3.01473 -172.15871
17.818 48.19878 -3.01473 -172.11589
17.858 48.19879 -3.01473 -172.07283
17.898 48.19879 -3.01473 -172.02962
17.938 48.19879 -3.01473 -171.98637
17.978 48.19879 -3.01473 -171.94316
18.019 48.19879 -3.01473 -171.89984
18.059 48.19879 -3.01473 -171.85640
18.099 48.19879 -3.01473 -171.81297
18.139 48.19879 -3.01473 -171.76961
18.179 48.19879 -3.01473 -171.72627
18.219 48.19879 -3.01473 -171.68292
18.260 48.19879 -3.01473 -171.63956
18.300 48.19879 -3.01473 -171.59625
18.340 48.19879 -3.01473 -171.55305
18.380 48.19879 -3.01473 -171.50984
18.420 48.19879 -3.01473 -171.46655
18.460 48.19879 -3.01473 -171.42317
18.500 48.19879 -3.01473 -171.37978
18.541 48.19879 -3.01473 -171.33632
18.581 48.19879 -3.01473 -171.29272
18.621 48.19879 -3.01473 -171.24899
18.661 48.19879 -3.01473 -171.20514
18.701 48.19880 -3.01473 -171.16124
18.741 48.19880 -3.01473 -171.11723
18.782 48.19880 -3.01473 -171.07309
18.822 48.19880 -3.01473 -171.02878
18.862 48.19880 -3.01473 -170.98438
18.902 48.19880 -3.01473 -170.93985
18.942 48.19880 -3.01473 -170.89520
18.982 48.19880 -3.01473 -170.85043
19.022 48.19880 -3.01473 -170.80556
19.063 48.19880 -3.01473 -170.76062
19.103 48.19880 -3.01473 -170.71562
19.143 48.19880 -3.01473 -170.67052
19.183 48.19880 -3.01473 -170.62526
19.223 48.19880 -3.01473 -170.57991
19.263 48.19880 -3.01473 -170.53444
19.304 48.19877 -3.01469 -172.66856
19.344 48.19877 -3.01469 -172.62285
19.384 48.19878 -3.01469 -172.57698
19.424 48.19878 -3.01469 -172.53094
19.464 48.19878 -3.01469 -172.48477
19.504 48.19878 -3.01469 -172.43846
19.544 48.19878 -3.01469 -172.39198
19.584 48.19878 -3.01469 -172.34532
19.625 48.19878 -3.01469 -172.29852
19.665 48.19878 -3.01469 -172.25159
19.705 48.19878 -3.01469 -172.20457
19.745 48.19878 -3.01469 -172.15746
19.785 48.19878 -3.01469 -172.11021
19.825 48.19878 -3.01469 -172.06282
19.865 48.19878 -3.01469 -172.01532
19.906 48.19878 -3.01469 -171.96771
19.946 48.19878 -3.01469 -171.92001
19.986 48.19878 -3.01469 -171.87222
20.026 48.19878 -3.01469 -171.82434
20.066 48.19878 -3.01469 -171.77637
20.106 48.19878 -3.01469 -171.72835
20.146 48.19878 -3.01469 -171.68027
20.187 48.19878 -3.01469 -171.63223
20.227 48.19878 -3.01469 -171.58420
20.267 48.19878 -3.01469 -171.53609
20.307 48.19878 -3.01469 -171.48793
20.347 48.19878 -3.01469 -171.43970
20.387 48.19878 -3.01469 -171.39136
20.428 48.19878 -3.01469 -171.34305
20.468 48.19878 -3.01469 -171.29454
20.508 48.19878 -3.01469 -171.24583
20.548 48.19878 -3.01469 -171.19702
20.588 48.19879 -3.01469 -171.14803
20.628 48.19879 -3.01469 -171.09895
20.668 48.19879 -3.01469 -171.04974
20.709 48.19879 -3.01469 -171.00031
20.749 48.19879 -3.01469 -170.95076
20.789 48.19879 -3.01469 -170.90112
20.829 48.19879 -3.01469 -170.85130
20.869 48.19879 -3.01469 -170.80136
20.910 48.19879 -3.01469 -170.75136
20.950 48.19879 -3.01469 -170.70129
20.990 48.19879 -3.01469 -170.65118
21.030 48.19879 -3.01469 -170.60103
21.070 48.19879 -3.01469 -170.55087
21.110 48.19879 -3.01469 -170.50075
21.150 48.19879 -3.01469 -170.45062
21.191 48.19879 -3.01469 -170.40038
21.231 48.19879 -3.01469 -170.35004
21.271 48.19879 -3.01469 -170.29962
21.311 48.19878 -3.01475 -171.63148
21.351 48.19878 -3.01475 -171.58081
21.391 48.19878 -3.01475 -171.52989
21.432 48.19878 -3.01475 -171.47879
21.472 48.19878 -3.01475 -171.42761
21.512 48.19878 -3.01475 -171.37633
21.552 48.19878 -3.01475 -171.32487
21.592 48.19878 -3.01475 -171.27328
21.632 48.19878 -3.01475 -171.22160
21.672 48.19878 -3.01475 -171.16972
21.713 48.19878 -3.01475 -171.11758
21.753 48.19878 -3.01475 -171.06508
21.793 48.19878 -3.01475 -171.01224
21.833 48.19878 -3.01475 -170.95912
21.873 48.19878 -3.01475 -170.90570
21.913 48.19878 -3.01475 -170.85191
21.953 48.19878 -3.01475 -170.79781
21.994 48.19878 -3.01475 -170.74345
22.034 48.19879 -3.01475 -170.68892
22.074 48.19879 -3.01475 -170.63426
22.114 48.19879 -3.01475 -170.57942
22.154 48.19879 -3.01475 -170.52455
22.194 48.19879 -3.01475 -170.46974
22.234 48.19879 -3.01475 -170.41505
22.275 48.19879 -3.01475 -170.36049
22.315 48.19879 -3.01475 -170.30608
22.355 48.19879 -3.01475 -170.25182
22.395 48.19879 -3.01475 -170.19778
22.435 48.19879 -3.01475 -170.14394
22.475 48.19879 -3.01475 -170.09023
22.516 48.19879 -3.01475 -170.03661
22.556 48.19879 -3.01475 -169.98311
22.596 48.19879 -3.01475 -169.92969
22.636 48.19879 -3.01475 -169.87628
22.676 48.19879 -3.01475 -169.82275
22.716 48.19880 -3.01475 -169.76910
22.756 48.19880 -3.01475 -169.71532
22.797 48.19880 -3.01475 -169.66139
22.837 48.19880 -3.01475 -169.60724
22.877 48.19880 -3.01475 -169.55286
22.917 48.19880 -3.01475 -169.49823
22.957 48.19880 -3.01475 -169.44331
22.997 48.19880 -3.01475 -169.38823
23.038 48.19880 -3.01476 -169.33302
23.078 48.19880 -3.01476 -169.27747
23.118 48.19880 -3.01476 -169.22202
23.158 48.19880 -3.01476 -169.16637
23.198 48.19880 -3.01476 -169.11053
23.238 48.19880 -3.01476 -169.05467
23.278 48.19880 -3.01476 -168.99869
23.318 48.19878 -3.01472 -170.51106
23.359 48.19878 -3.01472 -170.45511
23.399 48.19878 -3.01472 -170.39908
23.439 48.19878 -3.01472 -170.34300
23.479 48.19878 -3.01472 -170.28691
23.519 48.19878 -3.01472 -170.23077
23.559 48.19878 -3.01472 -170.17453
23.599 48.19878 -3.01472 -170.11816
23.640 48.19878 -3.01472 -170.06165
23.680 48.19878 -3.01472 -169.94821
23.760 48.19878 -3.01472 -169.89127
23.800 48.19879 -3.01472 -169.83415
23.840 48.19879 -3.01472 -169.77693
23.880 48.19879 -3.01472 -169.66203
23.920 48.19879 -3.01472 -169.60437
24.001 48.19879 -3.01472 -169.48877
24.081 48.19879 -3.01472 -169.37276
24.121 48.19879 -3.01472 -169.31468
24.202 48.19879 -3.01472 -169.19843
24.282 48.19879 -3.01472 -169.08182
24.322 48.19879 -3.01472 -169.02345
24.402 48.19879 -3.01472 -168.90636
24.483 48.19880 -3.01472 -168.78877
24.523 48.19880 -3.01472 -168.72981
24.603 48.19880 -3.01472 -168.61151
24.683 48.19880 -3.01472 -168.49269
24.764 48.19880 -3.01472 -168.43307
24.804 48.19880 -3.01472 -168.31345
24.884 48.19880 -3.01472 -168.19341
24.924 48.19880 -3.01472 -168.13318
25.004 48.19880 -3.01472 -168.01239
25.085 48.19880 -3.01472 -167.89122
25.125 48.19880 -3.01472 -167.83046
25.165 48.19880 -3.01472 -167.76961
25.205 48.19880 -3.01472 -167.70869
25.245 48.19880 -3.01472 -167.64772
25.285 48.19878 -3.01477 -172.90315
25.325 48.19878 -3.01477 -172.84210
25.365 48.19878 -3.01477 -172.78104
25.406 48.19878 -3.01477 -172.71994
25.446 48.19878 -3.01477 -172.65875
25.486 48.19878 -3.01477 -172.59747
25.526 48.19878 -3.01477 -172.53607
25.566 48.19878 -3.01477 -172.47456
25.606 48.19878 -3.01477 -172.41293
25.646 48.19878 -3.01477 -172.35114
25.687 48.19878 -3.01477 -172.28918
25.727 48.19878 -3.01477 -172.22708
25.807 48.19878 -3.01477 -172.10249
25.847 48.19878 -3.01477 -172.04010
25.887 48.19878 -3.01477 -171.97766
25.927 48.19878 -3.01477 -171.91521
25.967 48.19878 -3.01477 -171.85271
26.007 48.19878 -3.01477 -171.79022
26.048 48.19878 -3.01477 -171.72774
26.088 48.19878 -3.01477 -171.66527
26.128 48.19878 -3.01477 -171.60280
26.168 48.19879 -3.01477 -171.54030
26.208 48.19879 -3.01477 -171.47777
26.248 48.19879 -3.01477 -171.41513
26.288 48.19879 -3.01477 -171.35225
