1.477 -0.00003
1.518 -0.00033
1.558 -0.00064
1.598 -0.00096
1.638 -0.00128
1.678 -0.00159
1.718 -0.00188
1.758 -0.00218
1.799 -0.00245
1.839 -0.00272
1.879 -0.00295
1.919 -0.00320
1.959 -0.00346
1.999 -0.00367
2.039 -0.00388
2.080 -0.00409
2.120 -0.00427
2.160 -0.00439
2.200 -0.00452
2.240 -0.00466
2.280 -0.00483
2.320 -0.00505
2.361 -0.00524
2.401 -0.00545
2.441 -0.00569
2.481 -0.00590
2.521 -0.00615
2.561 -0.00641
2.601 -0.00669
2.642 -0.00698
2.682 -0.00724
2.722 -0.00750
2.762 -0.00772
2.802 -0.00814
2.842 -0.00833
2.923 -0.00865
3.003 -0.00893
3.043 -0.00906
3.123 -0.00935
3.204 -0.00973
3.244 -0.00996
3.324 -0.00960
3.404 -0.00802
3.485 -0.00845
3.525 -0.00872
3.605 1.93216
3.646 1.93794
3.726 1.93394
3.806 1.94662
3.847 1.93307
3.887 1.93298
3.927 1.93628
3.967 1.93914
4.007 1.93899
4.047 1.93990
4.087 1.93931
4.127 1.93879
4.168 1.93801
4.208 1.93781
4.248 1.93783
4.288 1.93775
4.328 1.93746
4.368 1.93700
4.408 1.93681
4.449 1.93690
4.489 1.93618
4.529 1.93606
4.569 1.93594
4.609 1.93576
4.649 1.93586
4.689 1.93626
4.730 1.93630
4.770 1.93614
4.810 1.93604
4.850 1.93609
4.890 1.93621
4.930 1.93614
4.970 1.93619
5.011 1.93621
5.051 1.93661
5.091 1.93674
5.131 1.93699
5.171 1.93666
5.211 1.93663
5.252 1.93692
5.292 1.93703
5.332 1.93679
5.372 1.93691
5.412 1.93674
5.452 1.93674
5.492 1.93644
5.533 1.93652
5.573 1.93649
5.613 1.93630
5.653 1.93626
5.693 1.93639
5.733 1.93645
5.774 1.93650
5.814 1.93631
5.854 1.93641
5.894 1.93626
5.934 1.93628
5.974 1.93636
6.014 1.93621
6.055 1.93618
6.095 1.93614
6.135 1.93610
6.175 1.93604
6.215 1.93584
6.255 1.93566
6.296 1.93570
6.336 1.93578
6.376 1.93578
6.416 1.93568
6.456 1.93560
6.496 1.93583
6.536 1.93588
6.577 1.93582
6.617 1.93574
6.657 1.93578
6.697 1.93591
6.737 1.93607
6.777 1.93613
6.817 1.93610
6.858 1.93623
6.898 1.93639
6.938 1.93650
6.978 1.93675
7.018 1.93680
7.059 1.93699
7.099 1.93720
7.139 1.93742
7.179 1.93754
7.219 1.93756
7.259 1.93780
7.299 1.93791
7.340 1.93810
7.380 1.93824
7.420 1.93820
7.460 1.93835
7.500 1.93854
7.540 1.93853
7.580 1.93856
7.621 1.93850
7.661 1.93864
7.701 1.93871
7.741 1.93878
7.781 1.93878
7.821 1.93872
7.861 1.93890
7.901 1.93889
7.942 1.93908
7.982 1.93910
8.022 1.93905
8.062 1.93914
8.102 1.93920
8.142 1.93933
8.183 1.93942
8.223 1.93942
8.263 1.93959
8.303 1.93981
8.343 1.93994
8.383 1.94014
8.423 1.94012
8.464 1.94020
8.504 1.94035
8.544 1.94040
8.584 1.94053
8.624 1.94051
8.664 1.94069
8.704 1.94086
8.745 1.94099
8.785 1.94100
8.825 1.94097
8.865 1.94101
8.905 1.94112
8.945 1.94137
8.985 1.94147
9.026 1.94146
9.066 1.94161
9.106 1.94179
9.146 1.94202
9.186 1.94222
9.226 1.94226
9.266 1.94246
9.307 1.94260
9.347 1.94274
9.387 1.94282
9.427 1.94281
9.467 1.94292
9.507 1.94307
9.547 1.94327
9.588 1.94327
9.628 1.94317
9.668 1.94328
9.708 1.94340
9.748 1.94348
9.788 1.94358
9.828 1.94351
9.869 1.94354
9.909 1.94359
9.949 1.94357
9.989 1.94353
10.029 1.94338
10.069 1.94343
10.109 1.94361
10.150 1.94372
10.190 1.94377
10.230 1.94367
10.270 1.94362
10.310 1.94368
10.350 1.94376
10.390 1.94387
10.431 1.94378
10.471 1.94379
10.511 1.94379
10.551 1.94377
10.591 1.94375
10.631 1.94362
10.672 1.94357
10.712 1.94356
10.752 1.94362
10.792 1.94368
10.832 1.94355
10.872 1.94369
10.912 1.94376
10.993 1.94351
11.073 1.94354
11.113 1.94362
11.193 1.94355
11.274 1.94361
11.314 1.94353
11.394 1.94329
11.475 1.94318
11.515 1.94321
11.595 1.94311
11.675 1.94318
11.756 1.94333
11.796 1.94338
11.876 1.94365
11.916 1.94384
11.997 1.94415
12.077 1.94477
12.117 1.94507
12.197 1.94542
12.237 1.94565
12.278 1.94587
12.318 1.94600
12.358 1.94618
12.398 1.94627
12.438 1.94649
12.478 1.94679
12.518 1.94701
12.559 1.94724
12.599 1.94726
12.639 1.94750
12.679 1.94769
12.719 1.94803
12.799 1.94857
12.839 1.94893
12.880 1.94923
12.920 1.94949
12.960 1.94969
13.000 1.94968
13.040 1.94988
13.080 1.95012
13.120 1.95023
13.161 1.95048
13.201 1.95041
13.241 1.95053
13.281 1.95066
13.321 1.95080
13.361 1.95094
13.401 1.95093
13.442 1.95115
13.482 1.95127
13.522 1.95144
13.562 1.95153
13.602 1.95153
13.642 1.95163
13.682 1.95178
13.723 1.95201
13.763 1.95223
13.803 1.95224
13.843 1.95250
13.883 1.95265
13.923 1.95283
13.963 1.95296
14.003 1.95290
14.044 1.95301
14.084 1.95309
14.124 1.95321
14.164 1.95337
14.204 1.95331
14.244 1.95347
14.284 1.95353
14.325 1.95362
14.365 1.95375
14.405 1.95371
14.445 1.95385
14.486 1.95397
14.526 1.95404
14.566 1.95422
14.606 1.95419
14.646 1.95437
14.686 1.95457
14.726 1.95474
14.767 1.95492
14.807 1.95487
14.847 1.95501
14.887 1.95511
14.927 1.95514
14.967 1.95524
15.007 1.95513
15.048 1.95519
15.088 1.95526
15.128 1.95535
15.168 1.95539
15.208 1.95526
15.248 1.95535
15.288 1.95544
15.329 1.95567
15.369 1.95587
15.409 1.95581
15.449 1.95589
15.489 1.95597
15.529 1.95610
15.569 1.95624
15.610 1.95615
15.650 1.95625
15.690 1.95633
15.730 1.95640
15.770 1.95646
15.810 1.95635
15.850 1.95638
15.891 1.95642
15.931 1.95654
15.971 1.95660
16.011 1.95650
16.051 1.95661
16.091 1.95670
16.131 1.95678
16.172 1.95682
16.212 1.95667
16.252 1.95680
16.292 1.95693
16.332 1.95699
16.372 1.95712
16.412 1.95697
16.453 1.95700
16.493 1.95703
16.533 1.95706
16.573 1.95706
16.613 1.95686
16.653 1.95689
16.693 1.95696
16.734 1.95687
16.774 1.95683
16.814 1.95665
16.854 1.95676
16.894 1.95683
16.934 1.95687
16.974 1.95691
17.015 1.95678
17.055 1.95680
17.095 1.95683
17.135 1.95679
17.175 1.95679
17.215 1.95667
17.256 1.95665
17.296 1.95659
17.336 1.95657
17.376 1.95670
17.416 1.95655
17.456 1.95664
17.496 1.95658
17.537 1.95658
17.577 1.95665
17.617 1.95638
17.657 1.95637
17.697 1.95645
17.738 1.95654
17.778 1.95654
17.818 1.95636
17.858 1.95637
17.898 1.95645
17.938 1.95644
17.978 1.95646
18.019 1.95629
18.059 1.95633
18.099 1.95639
18.139 1.95633
18.179 1.95637
18.219 1.95624
18.260 1.95638
18.300 1.95644
18.340 1.95651
18.380 1.95656
18.420 1.95644
18.460 1.95646
18.500 1.95648
18.541 1.95641
18.581 1.95644
18.621 1.95628
18.661 1.95627
18.701 1.95627
18.741 1.95629
18.782 1.95635
18.822 1.95621
18.862 1.95630
18.902 1.95624
18.942 1.95623
18.982 1.95622
19.022 1.95602
19.063 1.95595
19.103 1.95598
19.143 1.95597
19.183 1.95599
19.223 1.95581
19.263 1.95582
19.304 1.95586
19.344 1.95590
19.384 1.95593
19.424 1.95577
19.464 1.95588
19.504 1.95595
19.544 1.95603
19.584 1.95610
19.625 1.95597
19.665 1.95595
19.705 1.95590
19.745 1.95596
19.785 1.95600
19.825 1.95582
19.865 1.95584
19.906 1.95582
19.946 1.95575
19.986 1.95571
20.026 1.95551
20.066 1.95543
20.106 1.95543
20.146 1.95539
20.187 1.95536
20.227 1.95518
20.267 1.95518
20.307 1.95516
20.347 1.95515
20.387 1.95508
20.428 1.95489
20.468 1.95487
20.508 1.95498
20.548 1.95506
20.588 1.95507
20.628 1.95488
20.668 1.95494
20.709 1.95495
20.749 1.95493
20.789 1.95493
20.829 1.95475
20.869 1.95481
20.910 1.95484
20.950 1.95483
20.990 1.95488
21.030 1.95472
21.070 1.95478
21.110 1.95476
21.150 1.95481
21.191 1.95487
21.231 1.95483
21.271 1.95488
21.311 1.95492
21.351 1.95507
21.391 1.95514
21.432 1.95511
21.472 1.95533
21.512 1.95555
21.552 1.95588
21.592 1.95611
21.632 1.95621
21.672 1.95644
21.713 1.95680
21.753 1.95716
21.793 1.95770
21.873 1.95832
21.913 1.95867
21.994 1.95902
22.074 1.95966
22.114 1.95994
22.194 1.96011
22.275 1.96035
22.315 1.96050
22.395 1.96046
22.475 1.96069
22.516 1.96084
22.596 1.96075
22.676 1.96092
22.756 1.96109
22.797 1.96109
22.877 1.96130
22.917 1.96132
22.957 1.96134
22.997 1.96120
23.038 1.96120
23.078 1.96136
23.118 1.96140
23.158 1.96137
23.198 1.96124
23.238 1.96124
23.278 1.96118
23.318 1.96118
23.359 1.96124
23.399 1.96117
23.439 1.96132
23.479 1.96150
23.519 1.96158
23.559 1.96162
23.599 1.96150
23.640 1.96150
23.680 1.96162
23.720 1.96175
23.800 1.96186
23.840 1.96195
23.880 1.96203
23.920 1.96213
23.961 1.96223
24.001 1.96210
24.041 1.96222
24.081 1.96236
24.121 1.96250
24.161 1.96257
24.202 1.96245
24.242 1.96250
24.282 1.96256
24.322 1.96255
24.362 1.96258
24.402 1.96249
24.443 1.96253
24.483 1.96252
24.523 1.96257
24.563 1.96254
24.603 1.96244
24.643 1.96246
24.683 1.96255
24.724 1.96261
24.764 1.96281
24.804 1.96274
24.844 1.96279
24.884 1.96282
24.924 1.96287
24.964 1.96292
25.004 1.96285
25.044 1.96294
25.085 1.96304
25.125 1.96311
25.165 1.96319
25.205 1.96307
25.245 1.96313
25.285 1.96317
25.325 1.96329
25.365 1.96337
25.406 1.96327
25.446 1.96327
25.486 1.96328
25.526 1.96328
25.566 1.96332
25.606 1.96325
25.646 1.96334
25.687 1.96349
25.727 1.96366
25.767 1.96379
25.807 1.96375
25.847 1.96388
25.887 1.96401
25.927 1.96416
25.967 1.96430
26.007 1.96431
26.048 1.96443
26.088 1.96454
26.128 1.96462
26.168 1.96470
26.208 1.96463
26.248 1.96475
26.288 1.96489
