1.535 -3.33451
1.575 -3.33451
1.615 -3.33451
1.655 -3.33451
1.695 -3.33451
1.735 -3.33451
1.776 -3.33451
1.816 -3.33451
1.856 -3.33451
1.896 -3.33451
1.936 -3.33451
1.976 -3.33451
2.016 -3.33451
2.057 -3.33451
2.097 -3.33451
2.137 -3.33451
2.177 -3.33451
2.217 -3.33451
2.257 -3.33451
2.297 -3.33451
2.337 -3.33451
2.378 -3.33451
2.418 -3.33451
2.458 -3.33451
2.498 -3.33451
2.538 -3.33451
2.578 -3.33451
2.618 -3.33451
2.659 -3.33451
2.699 -3.33451
2.739 -3.33451
2.779 -3.33451
2.819 -3.33451
2.859 -3.33451
2.899 -3.33451
2.940 -3.33451
2.980 -3.33451
3.020 -3.33451
3.060 -3.33451
3.100 -3.33451
3.140 -3.33451
3.181 -3.33451
3.221 -3.33451
3.261 -3.33451
3.301 -3.33451
3.341 -3.33451
3.381 -3.33451
3.421 -3.33451
3.461 -3.33451
3.502 -3.33451
3.542 -3.33451
3.582 -3.33451
3.622 -3.33451
3.662 -3.33452
3.702 -3.33452
3.743 -3.33452
3.783 -3.33452
3.823 -3.33452
3.863 -3.33452
3.943 -3.33452
4.024 -3.33452
4.064 -3.33452
4.144 -3.33452
4.224 -3.33452
4.265 -3.33452
4.345 -3.33452
4.425 -3.33452
4.506 -3.33452
4.546 -3.33452
4.626 -3.33452
4.666 -3.33452
4.747 -3.33452
4.827 -3.33452
4.867 -3.33452
4.947 -3.33452
4.987 -3.01478
5.028 -3.01478
5.068 -3.01478
5.148 -3.01478
5.188 -3.01478
5.228 -3.01478
5.269 -3.01478
5.309 -3.01478
5.349 -3.01478
5.389 -3.01478
5.429 -3.01478
5.469 -3.01478
5.550 -3.01478
5.590 -3.01478
5.630 -3.01478
5.670 -3.01478
5.710 -3.01478
5.750 -3.01478
5.790 -3.01478
5.831 -3.01478
5.871 -3.01478
5.911 -3.01478
5.951 -3.01478
5.991 -3.01478
6.031 -3.01478
6.072 -3.01478
6.112 -3.01478
6.152 -3.01478
6.192 -3.01478
6.232 -3.01478
6.272 -3.01478
6.312 -3.01478
6.353 -3.01478
6.393 -3.01478
6.433 -3.01478
6.473 -3.01478
6.553 -3.01478
6.594 -3.01478
6.634 -3.01478
6.674 -3.01478
6.714 -3.01478
6.754 -3.01478
6.794 -3.01478
6.834 -3.01478
6.874 -3.01478
6.915 -3.01478
6.955 -3.01478
6.995 -3.01478
7.035 -3.01478
7.075 -3.01478
7.115 -3.01478
7.156 -3.01478
7.196 -3.01478
7.236 -3.01478
7.276 -3.01478
7.316 -3.01478
7.356 -3.01478
7.396 -3.01478
7.437 -3.01478
7.477 -3.01478
7.517 -3.01478
7.557 -3.01478
7.597 -3.01478
7.637 -3.01478
7.677 -3.01478
7.718 -3.01478
7.758 -3.01478
7.798 -3.01478
7.838 -3.01478
7.878 -3.01478
7.918 -3.01478
7.958 -3.01478
7.999 -3.01478
8.039 -3.01478
8.079 -3.01478
8.119 -3.01478
8.159 -3.01478
8.199 -3.01478
8.239 -3.01478
8.280 -3.01478
8.320 -3.01478
8.360 -3.01478
8.400 -3.01478
8.440 -3.01478
8.480 -3.01478
8.520 -3.01478
8.561 -3.01478
8.601 -3.01478
8.641 -3.01478
8.681 -3.01478
8.721 -3.01478
8.761 -3.01478
8.801 -3.01478
8.842 -3.01478
8.882 -3.01479
8.922 -3.01479
8.962 -3.01479
9.002 -3.01479
9.042 -3.01479
9.082 -3.01479
9.123 -3.01479
9.163 -3.01479
9.203 -3.01479
9.243 -3.01479
9.283 -3.01479
9.323 -3.01479
9.363 -3.01479
9.403 -3.01479
9.444 -3.01479
9.484 -3.01479
9.524 -3.01479
9.564 -3.01479
9.604 -3.01479
9.644 -3.01479
9.684 -3.01479
9.725 -3.01479
9.765 -3.01479
9.805 -3.01479
9.845 -3.01479
9.885 -3.01479
9.925 -3.01479
9.965 -3.01479
10.005 -3.01479
10.046 -3.01479
10.086 -3.01479
10.126 -3.01479
10.166 -3.01479
10.206 -3.01479
10.246 -3.01479
10.287 -3.01479
10.327 -3.01479
10.367 -3.01479
10.407 -3.01479
10.447 -3.01479
10.487 -3.01479
10.528 -3.01479
10.568 -3.01479
10.608 -3.01479
10.648 -3.01479
10.688 -3.01479
10.728 -3.01479
10.768 -3.01479
10.809 -3.01479
10.849 -3.01479
10.889 -3.01479
10.929 -3.01479
10.969 -3.01479
11.009 -3.01481
11.049 -3.01481
11.090 -3.01481
11.130 -3.01481
11.170 -3.01481
11.210 -3.01481
11.250 -3.01481
11.290 -3.01481
11.330 -3.01481
11.371 -3.01481
11.411 -3.01481
11.451 -3.01481
11.491 -3.01481
11.531 -3.01481
11.571 -3.01481
11.612 -3.01481
11.652 -3.01481
11.692 -3.01481
11.732 -3.01481
11.772 -3.01481
11.812 -3.01481
11.852 -3.01481
11.893 -3.01481
11.933 -3.01481
11.973 -3.01481
12.013 -3.01481
12.053 -3.01481
12.093 -3.01481
12.133 -3.01481
12.174 -3.01481
12.214 -3.01481
12.254 -3.01481
12.294 -3.01481
12.334 -3.01481
12.374 -3.01481
12.414 -3.01481
12.455 -3.01481
12.495 -3.01481
12.535 -3.01481
12.575 -3.01481
12.615 -3.01481
12.655 -3.01481
12.696 -3.01481
12.736 -3.01481
12.776 -3.01481
12.816 -3.01481
12.856 -3.01481
12.896 -3.01481
12.936 -3.01481
12.977 -3.01481
13.017 -3.01482
13.057 -3.01482
13.097 -3.01482
13.137 -3.01482
13.177 -3.01482
13.217 -3.01482
13.258 -3.01482
13.298 -3.01482
13.338 -3.01482
13.378 -3.01482
13.418 -3.01482
13.458 -3.01482
13.498 -3.01482
13.539 -3.01482
13.579 -3.01482
13.619 -3.01482
13.659 -3.01482
13.699 -3.01482
13.739 -3.01482
13.779 -3.01482
13.819 -3.01482
13.860 -3.01482
13.900 -3.01482
13.940 -3.01482
13.980 -3.01482
14.020 -3.01482
14.060 -3.01482
14.100 -3.01482
14.141 -3.01482
14.181 -3.01482
14.221 -3.01482
14.261 -3.01482
14.301 -3.01482
14.341 -3.01482
14.381 -3.01482
14.422 -3.01482
14.462 -3.01482
14.502 -3.01482
14.542 -3.01482
14.582 -3.01482
14.622 -3.01482
14.662 -3.01482
14.703 -3.01482
14.743 -3.01482
14.783 -3.01482
14.823 -3.01482
14.863 -3.01482
14.903 -3.01482
14.943 -3.01482
14.984 -3.01482
15.024 -3.01480
15.064 -3.01480
15.144 -3.01480
15.224 -3.01480
15.265 -3.01480
15.345 -3.01480
15.425 -3.01480
15.505 -3.01480
15.545 -3.01480
15.626 -3.01480
15.666 -3.01480
15.746 -3.01480
15.827 -3.01480
15.867 -3.01480
15.947 -3.01480
16.027 -3.01480
16.067 -3.01480
16.148 -3.01480
16.188 -3.01480
16.228 -3.01480
16.268 -3.01480
16.308 -3.01480
16.348 -3.01480
16.388 -3.01480
16.429 -3.01480
16.509 -3.01480
16.549 -3.01480
16.589 -3.01480
16.629 -3.01480
16.670 -3.01480
16.710 -3.01480
16.750 -3.01480
16.790 -3.01480
16.830 -3.01480
16.870 -3.01480
16.910 -3.01480
16.950 -3.01480
16.991 -3.01481
17.031 -3.01481
17.071 -3.01481
17.111 -3.01481
17.151 -3.01481
17.191 -3.01481
17.232 -3.01481
17.272 -3.01481
17.312 -3.01481
17.352 -3.01481
