1.535 47.78830 -3.33451 1.25205
1.575 47.78830 -3.33451 1.25204
1.615 47.78830 -3.33451 1.25216
1.655 47.78830 -3.33451 1.25246
1.695 47.78830 -3.33451 1.25294
1.735 47.78830 -3.33451 1.25356
1.776 47.78830 -3.33451 1.25431
1.816 47.78830 -3.33451 1.25518
1.856 47.78830 -3.33451 1.25619
1.896 47.78830 -3.33451 1.25732
1.936 47.78830 -3.33451 1.25855
1.976 47.78830 -3.33451 1.25988
2.016 47.78830 -3.33451 1.26131
2.057 47.78830 -3.33451 1.26286
2.097 47.78830 -3.33451 1.26451
2.137 47.78830 -3.33451 1.26627
2.177 47.78830 -3.33451 1.26812
2.217 47.78830 -3.33451 1.27001
2.257 47.78830 -3.33451 1.27198
2.297 47.78830 -3.33451 1.27405
2.337 47.78830 -3.33451 1.27619
2.378 47.78830 -3.33451 1.27842
2.418 47.78830 -3.33451 1.28070
2.458 47.78830 -3.33451 1.28302
2.498 47.78830 -3.33451 1.28546
2.538 47.78830 -3.33451 1.28802
2.578 47.78830 -3.33451 1.29073
2.618 47.78830 -3.33451 1.29359
2.659 47.78830 -3.33451 1.29660
2.699 47.78830 -3.33451 1.29977
2.739 47.78830 -3.33451 1.30313
2.779 47.78830 -3.33451 1.30667
2.819 47.78830 -3.33451 1.31038
2.859 47.78830 -3.33451 1.31424
2.899 47.78830 -3.33451 1.31823
2.940 47.78830 -3.33451 1.32230
2.980 47.78830 -3.33451 1.32645
3.020 47.78830 -3.33451 1.33062
3.060 47.78830 -3.33451 1.33480
3.100 47.78830 -3.33451 1.33901
3.140 47.78830 -3.33451 1.34325
3.181 47.78830 -3.33451 1.34757
3.221 47.78830 -3.33451 1.35194
3.261 47.78830 -3.33451 1.35638
3.301 47.78830 -3.33451 1.36095
3.341 47.78830 -3.33451 1.36636
3.381 47.78830 -3.33451 1.37145
3.421 47.78830 -3.33451 1.37632
3.461 47.78830 -3.33451 1.38142
3.502 47.78830 -3.33451 1.38677
3.542 47.78830 -3.33451 1.39227
3.582 47.78830 -3.33451 1.39804
3.622 47.78830 -3.33451 1.40394
3.662 47.78830 -3.33452 1.40990
3.702 47.78830 -3.33452 1.41600
3.743 47.78830 -3.33452 1.42221
3.783 47.78830 -3.33452 1.42839
3.823 47.78830 -3.33452 1.43456
3.863 47.78830 -3.33452 1.44691
3.943 47.78830 -3.33452 1.45923
4.024 47.78830 -3.33452 1.46540
4.064 47.78830 -3.33452 1.47802
4.144 47.78830 -3.33452 1.49128
4.224 47.78830 -3.33452 1.50537
4.265 47.78830 -3.33452 1.51275
4.345 47.78830 -3.33452 1.52815
4.425 47.78830 -3.33452 1.54411
4.506 47.78830 -3.33452 1.55217
4.546 47.78830 -3.33452 1.56827
4.626 47.78830 -3.33452 1.58423
4.666 47.78830 -3.33452 1.59215
4.747 47.78830 -3.33452 1.60809
4.827 47.78830 -3.33452 1.62448
4.867 47.78830 -3.33452 1.63295
4.947 47.78830 -3.33452 1.65054
4.987 48.19879 -3.01478 -171.94641
5.028 48.19879 -3.01478 -171.93718
5.068 48.19879 -3.01478 -171.92780
5.148 48.19879 -3.01478 -171.90874
5.188 48.19879 -3.01478 -171.89914
5.228 48.19879 -3.01478 -171.88953
5.269 48.19879 -3.01478 -171.87985
5.309 48.19879 -3.01478 -171.87012
5.349 48.19879 -3.01478 -171.86034
5.389 48.19879 -3.01478 -171.85043
5.429 48.19879 -3.01478 -171.84038
5.469 48.19879 -3.01478 -171.83017
5.550 48.19879 -3.01478 -171.80916
5.590 48.19879 -3.01478 -171.79836
5.630 48.19879 -3.01478 -171.78737
5.670 48.19879 -3.01478 -171.77625
5.710 48.19879 -3.01478 -171.76498
5.750 48.19879 -3.01478 -171.75365
5.790 48.19879 -3.01478 -171.74226
5.831 48.19879 -3.01478 -171.73085
5.871 48.19879 -3.01478 -171.71944
5.911 48.19879 -3.01478 -171.70804
5.951 48.19879 -3.01478 -171.69667
5.991 48.19879 -3.01478 -171.68527
6.031 48.19879 -3.01478 -171.67384
6.072 48.19879 -3.01478 -171.66234
6.112 48.19879 -3.01478 -171.65073
6.152 48.19879 -3.01478 -171.63893
6.192 48.19879 -3.01478 -171.62695
6.232 48.19879 -3.01478 -171.61476
6.272 48.19879 -3.01478 -171.60240
6.312 48.19879 -3.01478 -171.58989
6.353 48.19879 -3.01478 -171.57724
6.393 48.19879 -3.01478 -171.56448
6.433 48.19879 -3.01478 -171.55164
6.473 48.19879 -3.01478 -171.53870
6.553 48.19879 -3.01478 -171.51253
6.594 48.19879 -3.01478 -171.49927
6.634 48.19879 -3.01478 -171.48589
6.674 48.19879 -3.01478 -171.47238
6.714 48.19879 -3.01478 -171.45880
6.754 48.19879 -3.01478 -171.44513
6.794 48.19879 -3.01478 -171.43137
6.834 48.19879 -3.01478 -171.41748
6.874 48.19879 -3.01478 -171.40352
6.915 48.19879 -3.01478 -171.38943
6.955 48.19879 -3.01478 -171.37520
6.995 48.19879 -3.01478 -171.86719
7.035 48.19879 -3.01478 -171.85272
7.075 48.19879 -3.01478 -171.83812
7.115 48.19879 -3.01478 -171.82335
7.156 48.19879 -3.01478 -171.80846
7.196 48.19879 -3.01478 -171.79346
7.236 48.19879 -3.01478 -171.77837
7.276 48.19879 -3.01478 -171.76323
7.316 48.19879 -3.01478 -171.74803
7.356 48.19879 -3.01478 -171.73280
7.396 48.19879 -3.01478 -171.71750
7.437 48.19879 -3.01478 -171.70213
7.477 48.19879 -3.01478 -171.68675
7.517 48.19879 -3.01478 -171.67128
7.557 48.19879 -3.01478 -171.65569
7.597 48.19879 -3.01478 -171.63995
7.637 48.19879 -3.01478 -171.62395
7.677 48.19879 -3.01478 -171.60767
7.718 48.19879 -3.01478 -171.59108
7.758 48.19879 -3.01478 -171.57416
7.798 48.19879 -3.01478 -171.55696
7.838 48.19879 -3.01478 -171.53949
7.878 48.19879 -3.01478 -171.52179
7.918 48.19879 -3.01478 -171.50392
7.958 48.19879 -3.01478 -171.48598
7.999 48.19879 -3.01478 -171.46803
8.039 48.19879 -3.01478 -171.45016
8.079 48.19879 -3.01478 -171.43237
8.119 48.19879 -3.01478 -171.41473
8.159 48.19879 -3.01478 -171.39728
8.199 48.19879 -3.01478 -171.38002
8.239 48.19879 -3.01478 -171.36290
8.280 48.19879 -3.01478 -171.34584
8.320 48.19879 -3.01478 -171.32883
8.360 48.19879 -3.01478 -171.31180
8.400 48.19879 -3.01478 -171.29472
8.440 48.19879 -3.01478 -171.27750
8.480 48.19879 -3.01478 -171.26009
8.520 48.19879 -3.01478 -171.24249
8.561 48.19879 -3.01478 -171.22479
8.601 48.19879 -3.01478 -171.20712
8.641 48.19879 -3.01478 -171.18950
8.681 48.19879 -3.01478 -171.17200
8.721 48.19879 -3.01478 -171.15474
8.761 48.19879 -3.01478 -171.13779
8.801 48.19879 -3.01478 -171.12114
8.842 48.19879 -3.01478 -171.10471
8.882 48.19879 -3.01479 -171.08836
8.922 48.19879 -3.01479 -171.07210
8.962 48.19879 -3.01479 -171.05589
9.002 48.19879 -3.01479 -171.99101
9.042 48.19879 -3.01479 -171.97443
9.082 48.19879 -3.01479 -171.95749
9.123 48.19879 -3.01479 -171.94026
9.163 48.19879 -3.01479 -171.92279
9.203 48.19879 -3.01479 -171.90495
9.243 48.19879 -3.01479 -171.88667
9.283 48.19879 -3.01479 -171.86792
9.323 48.19879 -3.01479 -171.84871
9.363 48.19879 -3.01479 -171.82906
9.403 48.19879 -3.01479 -171.80879
9.444 48.19879 -3.01479 -171.78787
9.484 48.19879 -3.01479 -171.76636
9.524 48.19879 -3.01479 -171.74435
9.564 48.19879 -3.01479 -171.72188
9.604 48.19879 -3.01479 -171.69893
9.644 48.19879 -3.01479 -171.67561
9.684 48.19879 -3.01479 -171.65204
9.725 48.19879 -3.01479 -171.62823
9.765 48.19879 -3.01479 -171.60413
9.805 48.19879 -3.01479 -171.57986
9.845 48.19879 -3.01479 -171.55551
9.885 48.19879 -3.01479 -171.53108
9.925 48.19879 -3.01479 -171.50658
9.965 48.19879 -3.01479 -171.48207
10.005 48.19879 -3.01479 -171.45761
10.046 48.19879 -3.01479 -171.43330
10.086 48.19879 -3.01479 -171.40913
10.126 48.19879 -3.01479 -171.38504
10.166 48.19879 -3.01479 -171.36105
10.206 48.19879 -3.01479 -171.33720
10.246 48.19879 -3.01479 -171.31357
10.287 48.19879 -3.01479 -171.29008
10.327 48.19879 -3.01479 -171.26675
10.367 48.19879 -3.01479 -171.24365
10.407 48.19879 -3.01479 -171.22087
10.447 48.19879 -3.01479 -171.19839
10.487 48.19879 -3.01479 -171.17607
10.528 48.19879 -3.01479 -171.15388
10.568 48.19879 -3.01479 -171.13179
10.608 48.19879 -3.01479 -171.10983
10.648 48.19879 -3.01479 -171.08794
10.688 48.19879 -3.01479 -171.06589
10.728 48.19879 -3.01479 -171.04362
10.768 48.19879 -3.01479 -171.02116
10.809 48.19879 -3.01479 -170.99850
10.849 48.19879 -3.01479 -170.97566
10.889 48.19879 -3.01479 -170.95245
10.929 48.19879 -3.01479 -170.92876
10.969 48.19880 -3.01479 -170.90462
11.009 48.19878 -3.01481 -172.03786
11.049 48.19878 -3.01481 -172.01314
11.090 48.19878 -3.01481 -171.98827
11.130 48.19878 -3.01481 -171.96323
11.170 48.19878 -3.01481 -171.93806
11.210 48.19878 -3.01481 -171.91287
11.250 48.19878 -3.01481 -171.88773
11.290 48.19878 -3.01481 -171.86264
11.330 48.19878 -3.01481 -171.83746
11.371 48.19878 -3.01481 -171.81215
11.411 48.19879 -3.01481 -171.78676
11.451 48.19879 -3.01481 -171.76126
11.491 48.19879 -3.01481 -171.73552
11.531 48.19879 -3.01481 -171.70955
11.571 48.19879 -3.01481 -171.68326
11.612 48.19879 -3.01481 -171.65666
11.652 48.19879 -3.01481 -171.62982
11.692 48.19879 -3.01481 -171.60269
11.732 48.19879 -3.01481 -171.57533
11.772 48.19879 -3.01481 -171.54778
11.812 48.19879 -3.01481 -171.52013
11.852 48.19879 -3.01481 -171.49248
11.893 48.19879 -3.01481 -171.46483
11.933 48.19879 -3.01481 -171.43721
11.973 48.19879 -3.01481 -171.40961
12.013 48.19879 -3.01481 -171.38203
12.053 48.19879 -3.01481 -171.35442
12.093 48.19879 -3.01481 -171.32678
12.133 48.19879 -3.01481 -171.29916
12.174 48.19879 -3.01481 -171.27148
12.214 48.19879 -3.01481 -171.24373
12.254 48.19879 -3.01481 -171.21588
12.294 48.19879 -3.01481 -171.18794
12.334 48.19879 -3.01481 -171.16000
12.374 48.19879 -3.01481 -171.13200
12.414 48.19879 -3.01481 -171.10393
12.455 48.19879 -3.01481 -171.07581
12.495 48.19879 -3.01481 -171.04776
12.535 48.19879 -3.01481 -171.01981
12.575 48.19879 -3.01481 -170.99193
12.615 48.19879 -3.01481 -170.96402
12.655 48.19879 -3.01481 -170.93600
12.696 48.19879 -3.01481 -170.90794
12.736 48.19879 -3.01481 -170.87984
12.776 48.19879 -3.01481 -170.85158
12.816 48.19879 -3.01481 -170.82312
12.856 48.19879 -3.01481 -170.79433
12.896 48.19879 -3.01481 -170.76518
12.936 48.19880 -3.01481 -170.73572
12.977 48.19880 -3.01481 -170.70593
13.017 48.19878 -3.01482 -171.86769
13.057 48.19878 -3.01482 -171.83737
13.097 48.19878 -3.01482 -171.80672
13.137 48.19878 -3.01482 -171.77585
13.177 48.19879 -3.01482 -171.74492
13.217 48.19879 -3.01482 -171.71402
13.258 48.19879 -3.01482 -171.68315
13.298 48.19879 -3.01482 -171.65227
13.338 48.19879 -3.01482 -171.62148
13.378 48.19879 -3.01482 -171.59076
13.418 48.19879 -3.01482 -171.56003
13.458 48.19879 -3.01482 -171.52922
13.498 48.19879 -3.01482 -171.49825
13.539 48.19879 -3.01482 -171.46713
13.579 48.19879 -3.01482 -171.43587
13.619 48.19879 -3.01482 -171.40446
13.659 48.19879 -3.01482 -171.37285
13.699 48.19879 -3.01482 -171.34102
13.739 48.19879 -3.01482 -171.30907
13.779 48.19879 -3.01482 -171.27699
13.819 48.19879 -3.01482 -171.24480
13.860 48.19879 -3.01482 -171.21248
13.900 48.19879 -3.01482 -171.18007
13.940 48.19879 -3.01482 -171.14760
13.980 48.19879 -3.01482 -171.11504
14.020 48.19879 -3.01482 -171.08237
14.060 48.19879 -3.01482 -171.04967
14.100 48.19879 -3.01482 -171.01697
14.141 48.19879 -3.01482 -170.98430
14.181 48.19879 -3.01482 -170.95160
14.221 48.19879 -3.01482 -170.91888
14.261 48.19879 -3.01482 -170.88615
14.301 48.19879 -3.01482 -170.85339
14.341 48.19879 -3.01482 -170.82054
14.381 48.19879 -3.01482 -170.78752
14.462 48.19880 -3.01482 -170.72101
14.502 48.19880 -3.01482 -170.68756
14.542 48.19880 -3.01482 -170.65393
14.582 48.19880 -3.01482 -170.62010
14.622 48.19880 -3.01482 -170.58607
14.662 48.19880 -3.01482 -170.55185
14.703 48.19880 -3.01482 -170.51744
14.743 48.19880 -3.01482 -170.48286
14.783 48.19880 -3.01482 -170.44810
14.823 48.19880 -3.01482 -170.41319
14.863 48.19880 -3.01482 -170.37816
14.903 48.19880 -3.01482 -170.34296
14.943 48.19880 -3.01482 -170.30766
14.984 48.19880 -3.01482 -170.27228
15.024 48.19878 -3.01480 -172.11354
15.064 48.19879 -3.01480 -172.04214
15.144 48.19879 -3.01480 -171.97037
15.224 48.19879 -3.01480 -171.89819
15.265 48.19879 -3.01480 -171.86189
15.345 48.19879 -3.01480 -171.78893
15.425 48.19879 -3.01480 -171.71571
15.505 48.19879 -3.01480 -171.67903
15.545 48.19879 -3.01480 -171.60571
15.626 48.19879 -3.01480 -171.53233
15.666 48.19879 -3.01480 -171.49564
15.746 48.19879 -3.01480 -171.42213
15.827 48.19879 -3.01480 -171.34840
15.867 48.19879 -3.01480 -171.31146
15.947 48.19879 -3.01480 -171.23726
16.027 48.19879 -3.01480 -171.16255
16.067 48.19879 -3.01480 -171.12509
16.148 48.19880 -3.01480 -171.05017
16.188 48.19880 -3.01480 -171.01271
16.228 48.19880 -3.01480 -170.97513
16.268 48.19880 -3.01480 -170.93750
16.308 48.19880 -3.01480 -170.90010
16.348 48.19880 -3.01480 -170.86311
16.388 48.19880 -3.01480 -170.82635
16.429 48.19880 -3.01480 -170.78964
16.509 48.19880 -3.01480 -170.75302
16.549 48.19880 -3.01480 -170.68034
16.589 48.19880 -3.01480 -170.64391
16.629 48.19880 -3.01480 -170.60712
16.710 48.19880 -3.01480 -170.53279
16.750 48.19880 -3.01480 -170.49530
16.790 48.19880 -3.01480 -170.45732
16.830 48.19880 -3.01480 -170.41884
16.870 48.19880 -3.01480 -170.37999
16.910 48.19880 -3.01480 -170.34081
16.950 48.19880 -3.01480 -170.30110
16.991 48.19878 -3.01481 -172.06017
17.031 48.19878 -3.01481 -172.01909
17.071 48.19878 -3.01481 -171.97745
17.111 48.19878 -3.01481 -171.93538
17.151 48.19878 -3.01481 -171.89282
17.191 48.19878 -3.01481 -171.84985
17.232 48.19878 -3.01481 -171.80666
17.272 48.19879 -3.01481 -171.76324
17.312 48.19879 -3.01481 -171.71973
17.352 48.19879 -3.01481 -171.67621
