1.535 -0.00006
1.575 -0.00059
1.615 -0.00110
1.655 -0.00162
1.695 -0.00212
1.735 -0.00260
1.776 -0.00306
1.816 -0.00352
1.856 -0.00395
1.896 -0.00437
1.936 -0.00484
1.976 -0.00532
2.016 -0.00584
2.057 -0.00634
2.097 -0.00686
2.137 -0.00737
2.177 -0.00791
2.217 -0.00842
2.257 -0.00895
2.297 -0.00952
2.337 -0.01006
2.378 -0.01058
2.418 -0.01108
2.458 -0.01208
2.538 -0.01255
2.578 -0.01347
2.659 -0.01439
2.699 -0.01484
2.779 -0.01578
2.859 -0.01681
2.899 -0.01738
2.980 -0.01857
3.060 -0.01969
3.100 -0.02026
3.181 -0.02138
3.261 -0.02248
3.301 -0.02299
3.381 -0.02426
3.461 -0.02421
3.502 -0.02528
3.542 -0.02696
3.622 1.94895
3.662 1.94384
3.702 1.94707
3.743 1.94658
3.783 1.94538
3.823 1.94585
3.863 1.94629
3.903 1.94728
3.943 1.94672
3.984 1.94519
4.024 1.94368
4.064 1.94278
4.104 1.94275
4.144 1.94227
4.184 1.94175
4.224 1.94008
4.265 1.94042
4.305 1.94040
4.345 1.93992
4.385 1.93943
4.425 1.93912
4.465 1.93896
4.506 1.93900
4.546 1.93851
4.586 1.93811
4.626 1.93825
4.666 1.93765
4.706 1.93698
4.747 1.93652
4.787 1.93662
4.827 1.93613
4.867 1.93600
4.907 1.93582
4.947 1.93530
4.987 1.93469
5.028 1.93424
5.068 1.93387
5.108 1.93342
5.148 1.93292
5.188 1.93266
5.228 1.93221
5.269 1.93177
5.309 1.93160
5.349 1.93116
5.389 1.93087
5.429 1.93045
5.469 1.93029
5.509 1.93017
5.550 1.92972
5.590 1.92940
5.630 1.92905
5.670 1.92874
5.710 1.92848
5.750 1.92799
5.790 1.92747
5.831 1.92720
5.871 1.92671
5.911 1.92639
5.951 1.92588
5.991 1.92543
6.031 1.92502
6.072 1.92471
6.112 1.92445
6.152 1.92399
6.192 1.92371
6.232 1.92335
6.272 1.92300
6.312 1.92268
6.353 1.92220
6.393 1.92176
6.433 1.92125
6.473 1.92094
6.513 1.92055
6.553 1.92012
6.594 1.91981
6.634 1.91959
6.674 1.91933
6.714 1.91915
6.754 1.91876
6.794 1.91846
6.834 1.91823
6.874 1.91787
6.915 1.91765
6.955 1.91727
6.995 1.91713
7.035 1.91682
7.075 1.91655
7.115 1.91634
7.156 1.91595
7.196 1.91579
7.236 1.91550
7.276 1.91521
7.316 1.91520
7.356 1.91487
7.396 1.91474
7.437 1.91450
7.477 1.91435
7.517 1.91419
7.557 1.91396
7.597 1.91377
7.637 1.91373
7.677 1.91369
7.718 1.91362
7.758 1.91337
7.798 1.91325
7.838 1.91306
7.878 1.91296
7.918 1.91273
7.958 1.91233
7.999 1.91202
8.039 1.91165
8.079 1.91117
8.119 1.91075
8.159 1.91020
8.199 1.90982
8.239 1.90944
8.280 1.90900
8.320 1.90865
8.360 1.90800
8.400 1.90747
8.440 1.90689
8.480 1.90639
8.520 1.90575
8.561 1.90498
8.601 1.90436
8.641 1.90373
8.681 1.90295
8.721 1.90230
8.761 1.90150
8.801 1.90088
8.842 1.90032
8.882 1.90001
8.922 1.89963
8.962 1.89913
9.002 1.89876
9.042 1.89841
9.082 1.89806
9.123 1.89781
9.163 1.89744
9.203 1.89728
9.243 1.89719
9.283 1.89717
9.323 1.89709
9.363 1.89693
9.403 1.89703
9.444 1.89710
9.484 1.89720
9.524 1.89740
9.564 1.89751
9.604 1.89780
9.644 1.89805
9.684 1.89835
9.725 1.89860
9.765 1.89884
9.805 1.89934
9.845 1.89971
9.885 1.90001
9.925 1.90036
9.965 1.90055
10.005 1.90083
10.046 1.90110
10.086 1.90140
10.126 1.90172
10.166 1.90187
10.206 1.90206
10.246 1.90217
10.287 1.90225
10.327 1.90220
10.367 1.90212
10.407 1.90216
10.447 1.90208
10.487 1.90206
10.528 1.90206
10.568 1.90189
10.608 1.90183
10.648 1.90172
10.688 1.90164
10.728 1.90166
10.768 1.90144
10.809 1.90132
10.849 1.90121
10.889 1.90122
10.929 1.90105
10.969 1.90084
11.009 1.90077
11.049 1.90078
11.090 1.90064
11.130 1.90047
11.170 1.90013
11.210 1.90000
11.250 1.89974
11.290 1.89952
11.330 1.89934
11.371 1.89893
11.411 1.89863
11.451 1.89833
11.491 1.89800
11.531 1.89778
11.571 1.89737
11.612 1.89706
11.652 1.89675
11.692 1.89646
11.732 1.89629
11.772 1.89581
11.812 1.89547
11.852 1.89502
11.893 1.89468
11.933 1.89429
11.973 1.89376
12.013 1.89337
12.053 1.89298
12.093 1.89247
12.133 1.89201
12.174 1.89131
12.214 1.89083
12.254 1.89036
12.294 1.88983
12.334 1.88932
12.374 1.88860
12.414 1.88801
12.455 1.88739
12.495 1.88674
12.535 1.88613
12.575 1.88536
12.615 1.88478
12.655 1.88422
12.696 1.88370
12.736 1.88300
12.776 1.88215
12.816 1.88140
12.856 1.88066
12.896 1.87991
12.936 1.87915
12.977 1.87832
13.017 1.87763
13.057 1.87637
13.137 1.87482
13.217 1.87346
13.258 1.87288
13.338 1.87172
13.418 1.87062
13.498 1.87008
13.539 1.86885
13.619 1.86784
13.659 1.86741
13.739 1.86654
13.819 1.86637
13.860 1.86645
13.940 1.86657
14.020 1.86703
14.060 1.86727
14.141 1.86756
14.221 1.86804
14.261 1.86841
14.301 1.86871
14.341 1.86883
14.381 1.86904
14.421 1.86927
14.502 1.86952
14.542 1.86984
14.582 1.87019
14.622 1.87048
14.662 1.87077
14.703 1.87108
14.743 1.87114
14.783 1.87134
14.823 1.87154
14.863 1.87176
14.903 1.87199
14.943 1.87209
14.984 1.87237
15.024 1.87256
15.064 1.87275
15.104 1.87291
15.144 1.87290
15.184 1.87302
15.224 1.87326
15.265 1.87350
15.305 1.87374
15.345 1.87370
15.385 1.87389
15.425 1.87399
15.465 1.87409
15.545 1.87398
15.586 1.87404
15.626 1.87414
15.666 1.87419
15.706 1.87421
15.746 1.87402
15.786 1.87385
15.827 1.87376
15.867 1.87356
15.907 1.87337
15.947 1.87298
15.987 1.87279
16.027 1.87257
16.067 1.87230
16.108 1.87192
16.148 1.87136
16.188 1.87091
16.228 1.87044
16.268 1.86996
16.308 1.86961
16.348 1.86904
16.388 1.86859
16.429 1.86826
16.469 1.86803
16.509 1.86772
16.549 1.86717
16.589 1.86684
16.629 1.86666
16.669 1.86666
16.710 1.86657
16.750 1.86633
16.790 1.86621
16.830 1.86612
16.870 1.86595
16.910 1.86580
16.950 1.86561
16.991 1.86562
17.031 1.86574
17.071 1.86584
17.111 1.86590
17.151 1.86579
17.191 1.86586
17.232 1.86598
17.272 1.86602
17.312 1.86623
17.352 1.86630
