1.535 -0.04541
1.575 -0.04576
1.615 -0.04608
1.655 -0.04636
1.695 -0.04656
1.735 -0.04674
1.776 -0.04690
1.816 -0.04704
1.856 -0.04711
1.896 -0.04716
1.936 -0.04723
1.976 -0.04733
2.016 -0.04738
2.057 -0.04740
2.097 -0.04745
2.137 -0.04750
2.177 -0.04757
2.217 -0.04769
2.257 -0.04784
2.297 -0.04801
2.337 -0.04822
2.378 -0.04840
2.418 -0.04864
2.458 -0.04934
2.538 -0.04960
2.578 -0.05005
2.659 -0.05040
2.699 -0.05047
2.779 -0.05044
2.859 -0.05020
2.899 -0.05010
2.980 -0.04997
3.060 -0.05009
3.100 -0.05024
3.181 -0.05059
3.261 -0.05105
3.301 -0.04675
3.381 -0.04620
3.461 -0.04643
3.502 -0.04648
3.542 -0.04634
3.622 -0.04604
3.662 -0.04588
3.702 -0.04552
3.743 -0.04542
3.783 -0.04533
3.823 -0.04540
3.863 -0.04552
3.903 -0.04569
3.943 -0.04594
3.984 -0.04630
4.024 -0.04668
4.064 -0.04699
4.104 -0.04730
4.144 -0.04758
4.184 -0.04776
4.224 -0.04778
4.265 -0.04771
4.305 -0.04759
4.345 -0.04734
4.385 -0.04705
4.425 -0.04678
4.465 -0.04653
4.506 -0.04637
4.546 -0.04627
4.586 -0.04628
4.626 -0.04640
4.666 -0.04667
4.706 -0.04703
4.746 -0.04738
4.787 -0.04775
4.827 -0.04811
4.867 -0.04837
4.907 -0.04856
4.947 -0.04866
4.987 -0.04869
5.028 -0.04874
5.068 -0.04875
5.108 -0.04875
5.148 -0.04881
5.188 -0.04895
5.228 -0.04912
5.269 -0.04933
5.309 -0.04958
5.349 -0.04989
5.389 -0.05020
5.429 -0.05047
5.469 -0.05067
5.509 -0.05083
5.550 -0.05092
5.590 -0.05094
5.630 -0.05089
5.670 -0.05080
5.710 -0.05061
5.750 -0.05035
5.790 -0.05009
5.831 -0.04988
5.871 -0.04976
5.911 -0.04973
5.951 -0.04977
5.991 -0.04986
6.031 -0.05002
6.072 -0.05025
6.112 -0.05050
6.152 -0.05072
6.192 -0.05088
6.232 -0.05099
6.272 -0.05101
6.312 -0.05103
6.353 -0.05107
6.393 -0.05107
6.433 -0.05109
6.473 -0.05115
6.513 -0.05118
6.553 -0.05127
6.594 -0.05133
6.634 -0.05140
6.674 -0.05147
6.714 -0.05152
6.754 -0.05159
6.794 -0.05166
6.834 -0.05170
6.874 -0.05174
6.915 -0.05175
6.955 -0.05171
6.995 -0.05164
7.035 -0.05165
7.075 -0.05164
7.115 -0.05161
7.156 -0.05159
7.196 -0.05154
7.236 -0.05153
7.276 -0.05159
7.316 -0.05169
7.356 -0.05185
7.396 -0.05203
7.437 -0.05227
7.477 -0.05257
7.517 -0.05293
7.557 -0.05324
7.597 -0.05354
7.637 -0.05375
7.677 -0.05381
7.718 -0.05371
7.758 -0.05326
7.798 -0.05273
7.838 -0.05203
7.878 -0.05121
7.918 -0.05032
7.958 -0.04944
7.999 -0.04858
8.039 -0.04785
8.079 -0.04728
8.119 -0.04692
8.159 -0.04676
8.199 -0.04689
8.239 -0.04726
8.280 -0.04773
8.320 -0.04829
8.360 -0.04899
8.400 -0.04977
8.440 -0.05049
8.480 -0.05115
8.520 -0.05178
8.561 -0.05239
8.601 -0.05310
8.641 -0.05383
8.681 -0.05470
8.721 -0.05581
8.761 -0.05718
8.801 -0.05884
8.842 -0.06071
8.882 -0.06269
8.922 -0.06474
8.962 -0.06695
9.002 -0.06923
9.042 -0.07144
9.082 -0.07335
9.123 -0.07522
9.163 -0.07711
9.203 -0.07888
9.243 -0.08026
9.283 -0.08136
9.323 -0.08234
9.363 -0.08313
9.403 -0.08350
9.444 -0.08335
9.484 -0.08289
9.524 -0.08222
9.564 -0.08129
9.604 -0.08004
9.644 -0.07863
9.684 -0.07717
9.725 -0.07566
9.765 -0.07364
9.805 -0.07162
9.845 -0.06952
9.885 -0.06745
9.925 -0.06555
9.965 -0.06355
10.005 -0.06167
10.046 -0.06008
10.086 -0.05855
10.126 -0.05722
10.166 -0.05594
10.206 -0.05485
10.246 -0.05405
10.287 -0.05338
10.327 -0.05286
10.367 -0.05258
10.407 -0.05263
10.447 -0.05306
10.487 -0.05369
10.528 -0.05447
10.568 -0.05542
10.608 -0.05668
10.648 -0.05811
10.688 -0.05946
10.728 -0.06076
10.768 -0.06202
10.809 -0.06327
10.849 -0.06455
10.889 -0.06546
10.929 -0.06615
10.969 -0.06657
11.009 -0.06665
11.049 -0.06683
11.090 -0.06706
11.130 -0.06716
11.170 -0.06720
11.210 -0.06732
11.250 -0.06757
11.290 -0.06799
11.330 -0.06842
11.371 -0.06874
11.411 -0.06907
11.451 -0.06944
11.491 -0.06971
11.531 -0.06981
11.571 -0.06971
11.612 -0.06951
11.652 -0.06928
11.692 -0.06884
11.732 -0.06823
11.772 -0.06726
11.812 -0.06630
11.852 -0.06534
11.893 -0.06446
11.933 -0.06371
11.973 -0.06306
12.013 -0.06246
12.053 -0.06195
12.093 -0.06150
12.133 -0.06113
12.174 -0.06083
12.214 -0.06064
12.254 -0.06046
12.294 -0.06035
12.334 -0.06046
12.374 -0.06061
12.414 -0.06084
12.455 -0.06116
12.495 -0.06161
12.535 -0.06235
12.575 -0.06323
12.615 -0.06412
12.655 -0.06506
12.695 -0.06605
12.736 -0.06709
12.776 -0.06810
12.816 -0.06902
12.856 -0.06978
12.896 -0.07031
12.936 -0.07061
12.977 -0.07072
13.017 -0.07065
13.057 -0.07004
13.137 -0.06893
13.217 -0.06816
13.257 -0.06783
13.338 -0.06760
13.418 -0.06779
13.498 -0.06780
13.539 -0.06787
13.619 -0.06782
13.659 -0.06770
13.739 -0.06751
13.819 -0.06751
13.860 -0.06745
13.940 -0.06760
14.020 -0.06756
14.060 -0.06767
14.141 -0.06803
14.221 -0.06857
14.261 -0.06893
14.301 -0.06928
14.341 -0.06952
14.381 -0.06974
14.421 -0.06990
14.502 -0.07010
14.542 -0.07039
14.582 -0.07038
14.622 -0.07036
14.662 -0.07035
14.703 -0.07023
14.743 -0.06998
14.783 -0.06982
14.823 -0.06963
14.863 -0.06935
14.903 -0.06908
14.943 -0.06884
14.984 -0.06857
15.024 -0.06840
15.064 -0.06820
15.104 -0.06800
15.144 -0.06792
15.184 -0.06783
15.224 -0.06769
15.265 -0.06750
15.305 -0.06731
15.345 -0.06719
15.385 -0.06709
15.425 -0.06697
15.465 -0.06693
15.545 -0.06709
15.586 -0.06721
15.626 -0.06741
15.666 -0.06767
15.706 -0.06802
15.746 -0.06817
15.786 -0.06837
15.827 -0.06867
15.867 -0.06909
15.907 -0.06950
15.947 -0.06989
15.987 -0.07026
16.027 -0.07061
16.067 -0.07101
16.107 -0.07144
16.148 -0.07202
16.188 -0.07261
16.228 -0.07319
16.268 -0.07373
16.308 -0.07438
16.348 -0.07546
16.388 -0.07687
16.429 -0.07834
16.469 -0.07979
16.509 -0.08157
16.549 -0.08379
16.589 -0.08591
16.629 -0.08760
16.669 -0.08922
16.710 -0.09101
16.750 -0.09267
16.790 -0.09394
16.830 -0.09493
16.870 -0.09584
16.910 -0.09661
16.950 -0.09713
16.991 -0.09714
17.031 -0.09658
17.071 -0.09579
17.111 -0.09486
17.151 -0.09352
17.191 -0.09190
17.232 -0.09029
17.272 -0.08864
17.312 -0.08700
17.352 -0.08537
