1.535 -0.04541 -0.00657
1.575 -0.04576 -0.00653
1.615 -0.04608 -0.00649
1.655 -0.04636 -0.00649
1.695 -0.04656 -0.00648
1.735 -0.04674 -0.00648
1.776 -0.04690 -0.00650
1.816 -0.04704 -0.00653
1.856 -0.04711 -0.00659
1.896 -0.04716 -0.00662
1.936 -0.04723 -0.00661
1.976 -0.04733 -0.00657
2.016 -0.04738 -0.00649
2.057 -0.04740 -0.00640
2.097 -0.04745 -0.00632
2.137 -0.04750 -0.00624
2.177 -0.04757 -0.00619
2.217 -0.04769 -0.00610
2.257 -0.04784 -0.00602
2.297 -0.04801 -0.00596
2.337 -0.04822 -0.00586
2.378 -0.04840 -0.00581
2.418 -0.04864 -0.00577
2.458 -0.04934 -0.00576
2.538 -0.04960 -0.00578
2.578 -0.05005 -0.00588
2.659 -0.05040 -0.00599
2.699 -0.05047 -0.00606
2.779 -0.05044 -0.00615
2.859 -0.05020 -0.00609
2.899 -0.05010 -0.00599
2.980 -0.04997 -0.00580
3.060 -0.05009 -0.00572
3.100 -0.05024 -0.00570
3.181 -0.05059 -0.00550
3.261 -0.05105 -0.00520
3.301 -0.04675 -0.00618
3.381 -0.04620 -0.00595
3.461 -0.04643 -0.00603
3.502 -0.04648 -0.00576
3.542 -0.04634 -0.00529
3.622 -0.04604 -0.00496
3.662 -0.04588 -0.00488
3.702 -0.04552 -0.00489
3.743 -0.04542 -0.00495
3.783 -0.04533 -0.00496
3.823 -0.04540 -0.00502
3.863 -0.04552 -0.00498
3.903 -0.04569 -0.00493
3.943 -0.04594 -0.00494
3.984 -0.04630 -0.00491
4.024 -0.04668 -0.00490
4.064 -0.04699 -0.00492
4.104 -0.04730 -0.00494
4.144 -0.04758 -0.00494
4.184 -0.04776 -0.00490
4.224 -0.04778 -0.00487
4.265 -0.04771 -0.00483
4.305 -0.04759 -0.00482
4.345 -0.04734 -0.00483
4.385 -0.04705 -0.00483
4.425 -0.04678 -0.00484
4.465 -0.04653 -0.00486
4.506 -0.04637 -0.00482
4.546 -0.04627 -0.00480
4.586 -0.04628 -0.00474
4.626 -0.04640 -0.00471
4.666 -0.04667 -0.00465
4.706 -0.04703 -0.00459
4.746 -0.04738 -0.00455
4.787 -0.04775 -0.00448
4.827 -0.04811 -0.00443
4.867 -0.04837 -0.00435
4.907 -0.04856 -0.00427
4.947 -0.04866 -0.00423
4.987 -0.04869 -0.00418
5.028 -0.04874 -0.00413
5.068 -0.04875 -0.00409
5.108 -0.04875 -0.00405
5.148 -0.04881 -0.00400
5.188 -0.04895 -0.00393
5.228 -0.04912 -0.00385
5.269 -0.04933 -0.00376
5.309 -0.04958 -0.00369
5.349 -0.04989 -0.00362
5.389 -0.05020 -0.00355
5.429 -0.05047 -0.00350
5.469 -0.05067 -0.00344
5.509 -0.05083 -0.00339
5.550 -0.05092 -0.00335
5.590 -0.05094 -0.00335
5.630 -0.05089 -0.00338
5.670 -0.05080 -0.00340
5.710 -0.05061 -0.00351
5.750 -0.05035 -0.00368
5.790 -0.05009 -0.00383
5.831 -0.04988 -0.00397
5.871 -0.04976 -0.00407
5.911 -0.04973 -0.00414
5.951 -0.04977 -0.00420
5.991 -0.04986 -0.00419
6.031 -0.05002 -0.00414
6.072 -0.05025 -0.00408
6.112 -0.05050 -0.00399
6.152 -0.05072 -0.00391
6.192 -0.05088 -0.00375
6.232 -0.05099 -0.00363
6.272 -0.05101 -0.00347
6.312 -0.05103 -0.00332
6.353 -0.05107 -0.00317
6.393 -0.05107 -0.00304
6.433 -0.05109 -0.00296
6.473 -0.05115 -0.00294
6.513 -0.05118 -0.00299
6.553 -0.05127 -0.00311
6.594 -0.05133 -0.00328
6.634 -0.05140 -0.00345
6.674 -0.05147 -0.00362
6.714 -0.05152 -0.00376
6.754 -0.05159 -0.00388
6.794 -0.05166 -0.00395
6.834 -0.05170 -0.00403
6.874 -0.05174 -0.00408
6.915 -0.05175 -0.00415
6.955 -0.05171 -0.00422
6.995 -0.05164 -0.00426
7.035 -0.05165 -0.00421
7.075 -0.05164 -0.00409
7.115 -0.05161 -0.00393
7.156 -0.05159 -0.00376
7.196 -0.05154 -0.00357
7.236 -0.05153 -0.00339
7.276 -0.05159 -0.00324
7.316 -0.05169 -0.00309
7.356 -0.05185 -0.00293
7.396 -0.05203 -0.00277
7.437 -0.05227 -0.00261
7.477 -0.05257 -0.00244
7.517 -0.05293 -0.00230
7.557 -0.05324 -0.00217
7.597 -0.05354 -0.00205
7.637 -0.05375 -0.00196
7.677 -0.05381 -0.00194
7.718 -0.05371 -0.00194
7.758 -0.05326 -0.00203
7.798 -0.05273 -0.00208
7.838 -0.05203 -0.00221
7.878 -0.05121 -0.00231
7.918 -0.05032 -0.00246
7.958 -0.04944 -0.00264
7.999 -0.04858 -0.00280
8.039 -0.04785 -0.00294
8.079 -0.04728 -0.00306
8.119 -0.04692 -0.00314
8.159 -0.04676 -0.00319
8.199 -0.04689 -0.00321
8.239 -0.04726 -0.00315
8.280 -0.04773 -0.00307
8.320 -0.04829 -0.00291
8.360 -0.04899 -0.00273
8.400 -0.04977 -0.00253
8.440 -0.05049 -0.00236
8.480 -0.05115 -0.00225
8.520 -0.05178 -0.00216
8.561 -0.05239 -0.00204
8.601 -0.05310 -0.00193
8.641 -0.05383 -0.00177
8.681 -0.05470 -0.00164
8.721 -0.05581 -0.00152
8.761 -0.05718 -0.00150
8.801 -0.05884 -0.00157
8.842 -0.06071 -0.00175
8.882 -0.06269 -0.00198
8.922 -0.06474 -0.00220
8.962 -0.06695 -0.00238
9.002 -0.06923 -0.00248
9.042 -0.07144 -0.00251
9.082 -0.07335 -0.00258
9.123 -0.07522 -0.00264
9.163 -0.07711 -0.00273
9.203 -0.07888 -0.00285
9.243 -0.08026 -0.00302
9.283 -0.08136 -0.00319
9.323 -0.08234 -0.00334
9.363 -0.08313 -0.00343
9.403 -0.08350 -0.00352
9.444 -0.08335 -0.00362
9.484 -0.08289 -0.00369
9.524 -0.08222 -0.00371
9.564 -0.08129 -0.00370
9.604 -0.08004 -0.00365
9.644 -0.07863 -0.00360
9.684 -0.07717 -0.00353
9.725 -0.07566 -0.00348
9.765 -0.07364 -0.00347
9.805 -0.07162 -0.00353
9.845 -0.06952 -0.00353
9.885 -0.06745 -0.00353
9.925 -0.06555 -0.00343
9.965 -0.06355 -0.00336
10.005 -0.06167 -0.00331
10.046 -0.06008 -0.00321
10.086 -0.05855 -0.00322
10.126 -0.05722 -0.00318
10.166 -0.05594 -0.00316
10.206 -0.05485 -0.00309
10.246 -0.05405 -0.00293
10.287 -0.05338 -0.00271
10.327 -0.05286 -0.00254
10.367 -0.05258 -0.00230
10.407 -0.05263 -0.00217
10.447 -0.05306 -0.00204
10.487 -0.05369 -0.00199
10.528 -0.05447 -0.00197
10.568 -0.05542 -0.00196
10.608 -0.05668 -0.00195
10.648 -0.05811 -0.00193
10.688 -0.05946 -0.00197
10.728 -0.06076 -0.00201
10.768 -0.06202 -0.00212
10.809 -0.06327 -0.00228
10.849 -0.06455 -0.00247
10.889 -0.06546 -0.00276
10.929 -0.06615 -0.00306
10.969 -0.06657 -0.00336
11.009 -0.06665 -0.00371
11.049 -0.06683 -0.00400
11.090 -0.06706 -0.00423
11.130 -0.06716 -0.00449
11.170 -0.06720 -0.00477
11.210 -0.06732 -0.00502
11.250 -0.06757 -0.00531
11.290 -0.06799 -0.00555
11.330 -0.06842 -0.00574
11.371 -0.06874 -0.00594
11.411 -0.06907 -0.00602
11.451 -0.06944 -0.00604
11.491 -0.06971 -0.00600
11.531 -0.06981 -0.00593
11.571 -0.06971 -0.00587
11.612 -0.06951 -0.00586
11.652 -0.06928 -0.00581
11.692 -0.06884 -0.00578
11.732 -0.06823 -0.00571
11.772 -0.06726 -0.00563
11.812 -0.06630 -0.00545
11.852 -0.06534 -0.00525
11.893 -0.06446 -0.00500
11.933 -0.06371 -0.00481
11.973 -0.06306 -0.00464
12.013 -0.06246 -0.00446
12.053 -0.06195 -0.00425
12.093 -0.06150 -0.00402
12.133 -0.06113 -0.00377
12.174 -0.06083 -0.00358
12.214 -0.06064 -0.00346
12.254 -0.06046 -0.00350
12.294 -0.06035 -0.00367
12.334 -0.06046 -0.00386
12.374 -0.06061 -0.00413
12.414 -0.06084 -0.00441
12.455 -0.06116 -0.00468
12.495 -0.06161 -0.00499
12.535 -0.06235 -0.00537
12.575 -0.06323 -0.00580
12.615 -0.06412 -0.00631
12.655 -0.06506 -0.00684
12.736 -0.06709 -0.00766
12.776 -0.06810 -0.00795
12.816 -0.06902 -0.00819
12.856 -0.06978 -0.00842
12.896 -0.07031 -0.00866
12.936 -0.07061 -0.00898
12.977 -0.07072 -0.00929
13.017 -0.07065 -0.00958
13.057 -0.07004 -0.00984
13.137 -0.06893 -0.00976
13.217 -0.06816 -0.00961
13.257 -0.06783 -0.00953
13.338 -0.06760 -0.00926
13.418 -0.06779 -0.00859
13.498 -0.06780 -0.00817
13.539 -0.06787 -0.00739
13.619 -0.06782 -0.00684
13.659 -0.06770 -0.00660
13.739 -0.06751 -0.00620
13.819 -0.06751 -0.00606
13.860 -0.06745 -0.00617
13.940 -0.06760 -0.00667
14.020 -0.06756 -0.00706
14.060 -0.06767 -0.00716
14.141 -0.06803 -0.00727
14.221 -0.06857 -0.00758
14.261 -0.06893 -0.00778
14.301 -0.06928 -0.00794
14.341 -0.06952 -0.00800
14.381 -0.06974 -0.00803
14.421 -0.06990 -0.00793
14.502 -0.07010 -0.00782
14.542 -0.07039 -0.00782
14.582 -0.07038 -0.00795
14.622 -0.07036 -0.00809
14.662 -0.07035 -0.00818
14.703 -0.07023 -0.00821
14.743 -0.06998 -0.00823
14.783 -0.06982 -0.00821
14.823 -0.06963 -0.00816
14.863 -0.06935 -0.00820
14.903 -0.06908 -0.00831
14.943 -0.06884 -0.00844
14.984 -0.06857 -0.00852
15.024 -0.06840 -0.00855
15.064 -0.06820 -0.00848
15.104 -0.06800 -0.00839
15.144 -0.06792 -0.00828
15.184 -0.06783 -0.00823
15.224 -0.06769 -0.00821
15.265 -0.06750 -0.00821
15.305 -0.06731 -0.00823
15.345 -0.06719 -0.00817
15.385 -0.06709 -0.00808
15.425 -0.06697 -0.00800
15.465 -0.06693 -0.00791
15.545 -0.06709 -0.00774
15.586 -0.06721 -0.00769
15.626 -0.06741 -0.00764
15.666 -0.06767 -0.00761
15.706 -0.06802 -0.00757
15.746 -0.06817 -0.00743
15.786 -0.06837 -0.00725
15.827 -0.06867 -0.00703
15.867 -0.06909 -0.00677
15.907 -0.06950 -0.00651
15.947 -0.06989 -0.00639
15.987 -0.07026 -0.00632
16.027 -0.07061 -0.00630
16.067 -0.07101 -0.00627
16.148 -0.07202 -0.00608
16.188 -0.07261 -0.00589
16.228 -0.07319 -0.00572
16.268 -0.07373 -0.00565
16.308 -0.07438 -0.00570
16.348 -0.07546 -0.00583
16.388 -0.07687 -0.00602
16.429 -0.07834 -0.00617
16.469 -0.07979 -0.00633
16.509 -0.08157 -0.00643
16.549 -0.08379 -0.00652
16.589 -0.08591 -0.00662
16.629 -0.08760 -0.00689
16.669 -0.08922 -0.00720
16.710 -0.09101 -0.00749
16.750 -0.09267 -0.00770
16.790 -0.09394 -0.00791
16.830 -0.09493 -0.00809
16.870 -0.09584 -0.00825
16.910 -0.09661 -0.00838
16.950 -0.09713 -0.00854
16.991 -0.09714 -0.00870
17.031 -0.09658 -0.00881
17.071 -0.09579 -0.00883
17.111 -0.09486 -0.00871
17.151 -0.09352 -0.00855
17.191 -0.09190 -0.00834
17.232 -0.09029 -0.00810
17.272 -0.08864 -0.00795
17.312 -0.08700 -0.00784
17.352 -0.08537 -0.00772
