1.535 1.25205
1.575 1.25204
1.615 1.25216
1.655 1.25246
1.695 1.25294
1.735 1.25356
1.776 1.25431
1.816 1.25518
1.856 1.25619
1.896 1.25732
1.936 1.25855
1.976 1.25988
2.016 1.26131
2.057 1.26286
2.097 1.26451
2.137 1.26627
2.177 1.26812
2.217 1.27001
2.257 1.27198
2.297 1.27405
2.337 1.27619
2.378 1.27842
2.418 1.28070
2.458 1.28302
2.498 1.28546
2.538 1.28802
2.578 1.29073
2.618 1.29359
2.659 1.29660
2.699 1.29977
2.739 1.30313
2.779 1.30667
2.819 1.31038
2.859 1.31424
2.899 1.31823
2.940 1.32230
2.980 1.32645
3.020 1.33062
3.060 1.33480
3.100 1.33901
3.140 1.34325
3.181 1.34757
3.221 1.35194
3.261 1.35638
3.301 1.36095
3.341 1.36636
3.381 1.37145
3.421 1.37632
3.461 1.38142
3.502 1.38677
3.542 1.39227
3.582 1.39804
3.622 1.40394
3.662 1.40990
3.702 1.41600
3.743 1.42221
3.783 1.42839
3.823 1.43456
3.863 1.44691
3.943 1.45923
4.024 1.46540
4.064 1.47802
4.144 1.49128
4.224 1.50537
4.265 1.51275
4.345 1.52815
4.425 1.54411
4.506 1.55217
4.546 1.56827
4.626 1.58423
4.666 1.59215
4.747 1.60809
4.827 1.62448
4.867 1.63295
4.947 1.65054
4.987 -171.94641
5.028 -171.93718
5.068 -171.92780
5.148 -171.90874
5.188 -171.89914
5.228 -171.88953
5.269 -171.87985
5.309 -171.87012
5.349 -171.86034
5.389 -171.85043
5.429 -171.84038
5.469 -171.83017
5.550 -171.80916
5.590 -171.79836
5.630 -171.78737
5.670 -171.77625
5.710 -171.76498
5.750 -171.75365
5.790 -171.74226
5.831 -171.73085
5.871 -171.71944
5.911 -171.70804
5.951 -171.69667
5.991 -171.68527
6.031 -171.67384
6.072 -171.66234
6.112 -171.65073
6.152 -171.63893
6.192 -171.62695
6.232 -171.61476
6.272 -171.60240
6.312 -171.58989
6.353 -171.57724
6.393 -171.56448
6.433 -171.55164
6.473 -171.53870
6.553 -171.51253
6.594 -171.49927
6.634 -171.48589
6.674 -171.47238
6.714 -171.45880
6.754 -171.44513
6.794 -171.43137
6.834 -171.41748
6.874 -171.40352
6.915 -171.38943
6.955 -171.37520
6.995 -171.86719
7.035 -171.85272
7.075 -171.83812
7.115 -171.82335
7.156 -171.80846
7.196 -171.79346
7.236 -171.77837
7.276 -171.76323
7.316 -171.74803
7.356 -171.73280
7.396 -171.71750
7.437 -171.70213
7.477 -171.68675
7.517 -171.67128
7.557 -171.65569
7.597 -171.63995
7.637 -171.62395
7.677 -171.60767
7.718 -171.59108
7.758 -171.57416
7.798 -171.55696
7.838 -171.53949
7.878 -171.52179
7.918 -171.50392
7.958 -171.48598
7.999 -171.46803
8.039 -171.45016
8.079 -171.43237
8.119 -171.41473
8.159 -171.39728
8.199 -171.38002
8.239 -171.36290
8.280 -171.34584
8.320 -171.32883
8.360 -171.31180
8.400 -171.29472
8.440 -171.27750
8.480 -171.26009
8.520 -171.24249
8.561 -171.22479
8.601 -171.20712
8.641 -171.18950
8.681 -171.17200
8.721 -171.15474
8.761 -171.13779
8.801 -171.12114
8.842 -171.10471
8.882 -171.08836
8.922 -171.07210
8.962 -171.05589
9.002 -171.99101
9.042 -171.97443
9.082 -171.95749
9.123 -171.94026
9.163 -171.92279
9.203 -171.90495
9.243 -171.88667
9.283 -171.86792
9.323 -171.84871
9.363 -171.82906
9.403 -171.80879
9.444 -171.78787
9.484 -171.76636
9.524 -171.74435
9.564 -171.72188
9.604 -171.69893
9.644 -171.67561
9.684 -171.65204
9.725 -171.62823
9.765 -171.60413
9.805 -171.57986
9.845 -171.55551
9.885 -171.53108
9.925 -171.50658
9.965 -171.48207
10.005 -171.45761
10.046 -171.43330
10.086 -171.40913
10.126 -171.38504
10.166 -171.36105
10.206 -171.33720
10.246 -171.31357
10.287 -171.29008
10.327 -171.26675
10.367 -171.24365
10.407 -171.22087
10.447 -171.19839
10.487 -171.17607
10.528 -171.15388
10.568 -171.13179
10.608 -171.10983
10.648 -171.08794
10.688 -171.06589
10.728 -171.04362
10.768 -171.02116
10.809 -170.99850
10.849 -170.97566
10.889 -170.95245
10.929 -170.92876
10.969 -170.90462
11.009 -172.03786
11.049 -172.01314
11.090 -171.98827
11.130 -171.96323
11.170 -171.93806
11.210 -171.91287
11.250 -171.88773
11.290 -171.86264
11.330 -171.83746
11.371 -171.81215
11.411 -171.78676
11.451 -171.76126
11.491 -171.73552
11.531 -171.70955
11.571 -171.68326
11.612 -171.65666
11.652 -171.62982
11.692 -171.60269
11.732 -171.57533
11.772 -171.54778
11.812 -171.52013
11.852 -171.49248
11.893 -171.46483
11.933 -171.43721
11.973 -171.40961
12.013 -171.38203
12.053 -171.35442
12.093 -171.32678
12.133 -171.29916
12.174 -171.27148
12.214 -171.24373
12.254 -171.21588
12.294 -171.18794
12.334 -171.16000
12.374 -171.13200
12.414 -171.10393
12.455 -171.07581
12.495 -171.04776
12.535 -171.01981
12.575 -170.99193
12.615 -170.96402
12.655 -170.93600
12.696 -170.90794
12.736 -170.87984
12.776 -170.85158
12.816 -170.82312
12.856 -170.79433
12.896 -170.76518
12.936 -170.73572
12.977 -170.70593
13.017 -171.86769
13.057 -171.83737
13.097 -171.80672
13.137 -171.77585
13.177 -171.74492
13.217 -171.71402
13.258 -171.68315
13.298 -171.65227
13.338 -171.62148
13.378 -171.59076
13.418 -171.56003
13.458 -171.52922
13.498 -171.49825
13.539 -171.46713
13.579 -171.43587
13.619 -171.40446
13.659 -171.37285
13.699 -171.34102
13.739 -171.30907
13.779 -171.27699
13.819 -171.24480
13.860 -171.21248
13.900 -171.18007
13.940 -171.14760
13.980 -171.11504
14.020 -171.08237
14.060 -171.04967
14.100 -171.01697
14.141 -170.98430
14.181 -170.95160
14.221 -170.91888
14.261 -170.88615
14.301 -170.85339
14.341 -170.82054
14.381 -170.78752
14.422 -170.75433
14.462 -170.72101
14.502 -170.68756
14.542 -170.65393
14.582 -170.62010
14.622 -170.58607
14.662 -170.55185
14.703 -170.51744
14.743 -170.48286
14.783 -170.44810
14.823 -170.41319
14.863 -170.37816
14.903 -170.34296
14.943 -170.30766
14.984 -170.27228
15.024 -172.11354
15.064 -172.04214
15.144 -171.97037
15.224 -171.89819
15.265 -171.86189
15.345 -171.78893
15.425 -171.71571
15.505 -171.67903
15.545 -171.60571
15.626 -171.53233
15.666 -171.49564
15.746 -171.42213
15.827 -171.34840
15.867 -171.31146
15.947 -171.23726
16.027 -171.16255
16.067 -171.12509
16.148 -171.05017
16.188 -171.01271
16.228 -170.97513
16.268 -170.93750
16.308 -170.90010
16.348 -170.86311
16.388 -170.82635
16.429 -170.78964
16.509 -170.75302
16.549 -170.68034
16.589 -170.64391
16.629 -170.60712
16.670 -170.57004
16.710 -170.53279
16.750 -170.49530
16.790 -170.45732
16.830 -170.41884
16.870 -170.37999
16.910 -170.34081
16.950 -170.30110
16.991 -172.06017
17.031 -172.01909
17.071 -171.97745
17.111 -171.93538
17.151 -171.89282
17.191 -171.84985
17.232 -171.80666
17.272 -171.76324
17.312 -171.71973
17.352 -171.67621
