1.535 47.78830
1.575 47.78830
1.615 47.78830
1.655 47.78830
1.695 47.78830
1.735 47.78830
1.776 47.78830
1.816 47.78830
1.856 47.78830
1.896 47.78830
1.936 47.78830
1.976 47.78830
2.016 47.78830
2.057 47.78830
2.097 47.78830
2.137 47.78830
2.177 47.78830
2.217 47.78830
2.257 47.78830
2.297 47.78830
2.337 47.78830
2.378 47.78830
2.418 47.78830
2.458 47.78830
2.498 47.78830
2.538 47.78830
2.578 47.78830
2.618 47.78830
2.659 47.78830
2.699 47.78830
2.739 47.78830
2.779 47.78830
2.819 47.78830
2.859 47.78830
2.899 47.78830
2.940 47.78830
2.980 47.78830
3.020 47.78830
3.060 47.78830
3.100 47.78830
3.140 47.78830
3.181 47.78830
3.221 47.78830
3.261 47.78830
3.301 47.78830
3.341 47.78830
3.381 47.78830
3.421 47.78830
3.461 47.78830
3.502 47.78830
3.542 47.78830
3.582 47.78830
3.622 47.78830
3.662 47.78830
3.702 47.78830
3.743 47.78830
3.783 47.78830
3.823 47.78830
3.863 47.78830
3.943 47.78830
4.024 47.78830
4.064 47.78830
4.144 47.78830
4.224 47.78830
4.265 47.78830
4.345 47.78830
4.425 47.78830
4.506 47.78830
4.546 47.78830
4.626 47.78830
4.666 47.78830
4.747 47.78830
4.827 47.78830
4.867 47.78830
4.947 47.78830
4.987 48.19879
5.028 48.19879
5.068 48.19879
5.148 48.19879
5.188 48.19879
5.228 48.19879
5.269 48.19879
5.309 48.19879
5.349 48.19879
5.389 48.19879
5.429 48.19879
5.469 48.19879
5.550 48.19879
5.590 48.19879
5.630 48.19879
5.670 48.19879
5.710 48.19879
5.750 48.19879
5.790 48.19879
5.831 48.19879
5.871 48.19879
5.911 48.19879
5.951 48.19879
5.991 48.19879
6.031 48.19879
6.072 48.19879
6.112 48.19879
6.152 48.19879
6.192 48.19879
6.232 48.19879
6.272 48.19879
6.312 48.19879
6.353 48.19879
6.393 48.19879
6.433 48.19879
6.473 48.19879
6.553 48.19879
6.594 48.19879
6.634 48.19879
6.674 48.19879
6.714 48.19879
6.754 48.19879
6.794 48.19879
6.834 48.19879
6.874 48.19879
6.915 48.19879
6.955 48.19879
6.995 48.19879
7.035 48.19879
7.075 48.19879
7.115 48.19879
7.156 48.19879
7.196 48.19879
7.236 48.19879
7.276 48.19879
7.316 48.19879
7.356 48.19879
7.396 48.19879
7.437 48.19879
7.477 48.19879
7.517 48.19879
7.557 48.19879
7.597 48.19879
7.637 48.19879
7.677 48.19879
7.718 48.19879
7.758 48.19879
7.798 48.19879
7.838 48.19879
7.878 48.19879
7.918 48.19879
7.958 48.19879
7.999 48.19879
8.039 48.19879
8.079 48.19879
8.119 48.19879
8.159 48.19879
8.199 48.19879
8.239 48.19879
8.280 48.19879
8.320 48.19879
8.360 48.19879
8.400 48.19879
8.440 48.19879
8.480 48.19879
8.520 48.19879
8.561 48.19879
8.601 48.19879
8.641 48.19879
8.681 48.19879
8.721 48.19879
8.761 48.19879
8.801 48.19879
8.842 48.19879
8.882 48.19879
8.922 48.19879
8.962 48.19879
9.002 48.19879
9.042 48.19879
9.082 48.19879
9.123 48.19879
9.163 48.19879
9.203 48.19879
9.243 48.19879
9.283 48.19879
9.323 48.19879
9.363 48.19879
9.403 48.19879
9.444 48.19879
9.484 48.19879
9.524 48.19879
9.564 48.19879
9.604 48.19879
9.644 48.19879
9.684 48.19879
9.725 48.19879
9.765 48.19879
9.805 48.19879
9.845 48.19879
9.885 48.19879
9.925 48.19879
9.965 48.19879
10.005 48.19879
10.046 48.19879
10.086 48.19879
10.126 48.19879
10.166 48.19879
10.206 48.19879
10.246 48.19879
10.287 48.19879
10.327 48.19879
10.367 48.19879
10.407 48.19879
10.447 48.19879
10.487 48.19879
10.528 48.19879
10.568 48.19879
10.608 48.19879
10.648 48.19879
10.688 48.19879
10.728 48.19879
10.768 48.19879
10.809 48.19879
10.849 48.19879
10.889 48.19879
10.929 48.19879
10.969 48.19880
11.009 48.19878
11.049 48.19878
11.090 48.19878
11.130 48.19878
11.170 48.19878
11.210 48.19878
11.250 48.19878
11.290 48.19878
11.330 48.19878
11.371 48.19878
11.411 48.19879
11.451 48.19879
11.491 48.19879
11.531 48.19879
11.571 48.19879
11.612 48.19879
11.652 48.19879
11.692 48.19879
11.732 48.19879
11.772 48.19879
11.812 48.19879
11.852 48.19879
11.893 48.19879
11.933 48.19879
11.973 48.19879
12.013 48.19879
12.053 48.19879
12.093 48.19879
12.133 48.19879
12.174 48.19879
12.214 48.19879
12.254 48.19879
12.294 48.19879
12.334 48.19879
12.374 48.19879
12.414 48.19879
12.455 48.19879
12.495 48.19879
12.535 48.19879
12.575 48.19879
12.615 48.19879
12.655 48.19879
12.696 48.19879
12.736 48.19879
12.776 48.19879
12.816 48.19879
12.856 48.19879
12.896 48.19879
12.936 48.19880
12.977 48.19880
13.017 48.19878
13.057 48.19878
13.097 48.19878
13.137 48.19878
13.177 48.19879
13.217 48.19879
13.258 48.19879
13.298 48.19879
13.338 48.19879
13.378 48.19879
13.418 48.19879
13.458 48.19879
13.498 48.19879
13.539 48.19879
13.579 48.19879
13.619 48.19879
13.659 48.19879
13.699 48.19879
13.739 48.19879
13.779 48.19879
13.819 48.19879
13.860 48.19879
13.900 48.19879
13.940 48.19879
13.980 48.19879
14.020 48.19879
14.060 48.19879
14.100 48.19879
14.141 48.19879
14.181 48.19879
14.221 48.19879
14.261 48.19879
14.301 48.19879
14.341 48.19879
14.381 48.19879
14.421 48.19879
14.462 48.19880
14.502 48.19880
14.542 48.19880
14.582 48.19880
14.622 48.19880
14.662 48.19880
14.703 48.19880
14.743 48.19880
14.783 48.19880
14.823 48.19880
14.863 48.19880
14.903 48.19880
14.943 48.19880
14.984 48.19880
15.024 48.19878
15.064 48.19879
15.144 48.19879
15.224 48.19879
15.265 48.19879
15.345 48.19879
15.425 48.19879
15.505 48.19879
15.545 48.19879
15.626 48.19879
15.666 48.19879
15.746 48.19879
15.827 48.19879
15.867 48.19879
15.947 48.19879
16.027 48.19879
16.067 48.19879
16.148 48.19880
16.188 48.19880
16.228 48.19880
16.268 48.19880
16.308 48.19880
16.348 48.19880
16.388 48.19880
16.429 48.19880
16.509 48.19880
16.549 48.19880
16.589 48.19880
16.629 48.19880
16.669 48.19880
16.710 48.19880
16.750 48.19880
16.790 48.19880
16.830 48.19880
16.870 48.19880
16.910 48.19880
16.950 48.19880
16.991 48.19878
17.031 48.19878
17.071 48.19878
17.111 48.19878
17.151 48.19878
17.191 48.19878
17.232 48.19878
17.272 48.19879
17.312 48.19879
17.352 48.19879
