1.94245    0.0017952    0.0172808    -0.0448935   1.25873    47.7883   -3.33451   3511  
2.344904   0.00274582   0.0185126    -0.0390399   1.28711    47.7883   -3.33451   3519  
3.008671   -0.00363553  0.0212114    -0.0427087   1.31826    47.7883   -3.33451   3529  
3.411461   -0.0284173   0.0169658    -0.0338124   1.35541    47.7883   -3.33452   3512  
4.015275   -0.667773    0.0205685    -0.0386643   1.42121    47.7883   -3.33452   3502  
4.437748   -0.684228    0.0204368    -0.0421132   1.48292    47.7883   -3.33452   5     
4.840197   -0.706616    0.0196122    -0.0435169   -171.267   48.1972   -3.01569   3488  
5.463566   -0.745981    0.0206455    -0.0434279   -171.158   48.1972   -3.01569   3510  
5.866112   -0.775477    0.0192539    -0.0405616   -171.073   48.1972   -3.01569   3504  
6.530376   -0.829895    0.0196105    -0.0437791   -170.923   48.1972   -3.0157    3496  
6.933139   -0.866075    0.0207089    -0.043812    -171.203   48.1972   -3.01571   349   
7.556654   -0.933957    0.021411     -0.0420048   -171.021   48.1972   -3.01571   3522  
7.959008   -0.981673    0.0190711    -0.0370868   -170.892   48.1972   -3.01571   3491  
8.582315   -1.0564      0.0129304    -0.0302157   -170.681   48.1972   -3.01572   3492  
8.984604   -1.10383     0.0125292    -0.0284951   -171.59    48.1972   -3.01574   3485  
9.38679    -1.15051     0.0171144    -0.0352586   -171.449   48.1972   -3.01574   3491  
10.05062   -1.23474     0.0184127    -0.0389882   -171.186   48.1972   -3.01574   3481  
10.45287   -1.28447     0.0159216    -0.031618    -171.001   48.1972   -3.01575   3482  
11.07716   -1.35194     0.0160949    -0.0215506   -172.678   48.1972   -3.01577   3491  
11.47925   -1.3946      0.0167258    -0.0253594   -172.49    48.1972   -3.01577   3478  
11.90163   -1.43778     0.0159699    -0.0273335   -172.271   48.1972   -3.01577   3481  
12.50479   -1.48862     0.0162626    -0.0284077   -171.958   48.1972   -3.01577   3487  
12.96769   -1.5268      0.0199709    -0.0290972   -172.356   48.1972   -3.01578   3485  
13.57202   -1.57059     0.0186626    -0.031969    -171.987   48.1972   -3.01578   3486  
13.97461   -1.59834     0.0185349    -0.0319953   -171.723   48.1972   -3.01579   3485  
14.59819   -1.63896     0.0212604    -0.0306636   -171.35    48.1972   -3.01579   3477  
15.00078   -1.66339     0.0205892    -0.0329557   -172.609   48.1972   -3.0158    483   
15.62423   -1.69742     0.0188342    -0.0324456   -172.175   48.1972   -3.0158    3478  
16.02679   -1.7213      0.0199586    -0.0320698   -171.869   48.1972   -3.0158    3490  
16.48917   -1.74531     0.0214302    -0.0328997   -171.554   48.1972   -3.0158    3487  
17.09325   -1.7779      0.0216216    -0.033618    -171.659   48.1972   -3.0158    3481  
17.51581   -1.80133     0.0217201    -0.032866    -171.322   48.1972   -3.0158    347   
18.11966   -1.83228     0.021779     -0.0301294   -170.845   48.1972   -3.0158    3478  
18.5419    -1.85345     0.0209531    -0.0311407   -170.522   48.1972   -3.0158    3486  
19.14602   -1.88462     0.0201534    -0.0318353   -171.878   48.1972   -3.01583   3483  
19.60866   -1.90469     0.0191095    -0.0304292   -171.532   48.1972   -3.01583   3480  
20.01119   -1.92711     0.0182568    -0.027523    -171.107   48.1972   -3.01583   3477  
20.61517   -1.95475     0.0185183    -0.0282225   -170.567   48.1972   -3.01583   3471  
21.03772   -1.97362     0.0212992    -0.0311736   -171.511   48.1972   -3.01587   3478  
21.64133   -2.00145     0.0199344    -0.0332168   -170.941   48.1972   -3.01587   3478  
22.06416   -2.02316     0.0199707    -0.0350711   -170.515   48.1972   -3.01587   3469  
22.6677    -2.0522      0.0201879    -0.0320901   -169.953   48.1972   -3.01587   3472  
23.13109   -2.08008     0.0208009    -0.0337406   -171.202   48.1972   -3.01589   3475  
23.53324   -2.10573     0.0216688    -0.0341575   -170.784   48.1972   -3.01589   3479  
24.15694   -2.14501     0.0192565    -0.0319874   -170.139   48.1972   -3.01589   3471  
24.5595    -2.17237     0.0179061    -0.0317445   -169.699   48.1972   -3.01589   3475  
25.1832    -2.21616     0.0197257    -0.0311013   -171.462   48.1972   -3.01591   3474  
25.58542   -2.24509     0.0208986    -0.0310686   -171.004   48.1972   -3.01591   3459  
26.24915   -2.29224     0.0204936    -0.0309401   -170.21    48.1972   -3.01591   3443  
26.65142   -2.32839     0.0207202    -0.0298695   -171.889   48.1972   -3.01593   3476  
27.05429   -2.36333     0.0204366    -0.034468    -171.408   48.1972   -3.01592   3441  
27.67771   -2.41792     0.0198978    -0.0329284   -170.662   48.1972   -3.01592   3491  
28.08015   -2.46075     0.0210795    -0.0323616   -170.108   48.1972   -3.01592   0     
28.70381   -2.51973     0.0207449    -0.0319888   -169.387   48.1972   -3.01592   3408  
29.1065    -2.55797     0.0207466    -0.0318764   -171.485   48.1972   -3.01595   3423  
29.56921   -2.596       0.0212881    -0.0312337   -170.949   48.1972   -3.01595   3437  
30.17292   -2.66296     0.019812     -0.0279698   -170.023   48.1972   -3.01594   3421  
30.57538   -2.69961     0.0144192    -0.0223598   -169.457   48.1972   -3.01594   3403  
31.19961   -2.74352     0.0145048    -0.0233507   -171.408   48.1972   -3.01596   3414  
31.60176   -2.78052     0.0188246    -0.0290498   -170.733   48.1972   -3.01596   3403  
32.2253    -2.82075     0.0161577    -0.0302269   -169.912   48.1972   -3.01596   3386  
32.62762   -2.84873     0.0150009    -0.0247946   -169.251   48.1972   -3.01596   3384  
33.091     -2.87523     0.020505     -0.0230413   -171.007   48.1972   -3.01598   3404  
33.69481   -2.90912     0.022277     -0.0337138   -170.165   48.1972   -3.01598   3392  
34.11718   -2.93065     0.0159527    -0.0250956   -169.463   48.1972   -3.01597   3375  
34.72109   -2.95487     0.0158122    -0.0229129   -168.576   48.1972   -3.01597   3391  
35.14362   -2.96565     0.0174627    -0.0228981   -171.001   48.1972   -3.01599   3383  
35.74772   -2.97079     0.0187126    -0.0278863   -170.095   48.1972   -3.01599   3357  
36.21039   -2.97243     0.0221948    -0.0317826   -169.312   48.1972   -3.01598   3352  
36.81446   -2.96937     0.0195469    -0.0283488   -171.597   48.1972   -3.01598   3356  
37.21769   -2.96511     0.0191352    -0.0281156   -170.847   48.1972   -3.01598   3371  
37.63992   -2.95554     0.018627     -0.0282401   -170.089   48.1972   -3.01598   3323  
38.2438    -2.93826     0.0186719    -0.0296195   -169.116   48.1971   -3.01597   3335  
38.66686   -2.92085     0.0200559    -0.0332473   -172.34    48.1972   -3.016     336   
39.27137   -2.89119     0.0202737    -0.0337304   -171.266   48.1971   -3.01599   3301  
39.73365   -2.86532     0.0215942    -0.0333044   -170.469   48.1971   -3.01599   3293  
40.33756   -2.82042     0.0238218    -0.0312059   -169.289   48.1971   -3.01599   175   
40.76042   -2.78877     0.0276914    -0.0275431   -171.783   48.1971   -3.01601   3291  
41.1628    -2.75063     0.0254932    -0.0307848   -170.958   48.1971   -3.01601   62    
41.78632   -2.69735     0.024045     -0.0347184   -169.896   48.1971   -3.016     3259  
42.18869   -2.65305     0.0257627    -0.0321801   -169.049   48.1971   -3.016     3266  
42.8526    -2.59156     0.0257742    -0.0300397   -167.957   48.1971   -3.016     3241  
43.2551    -2.53614     0.0245486    -0.0318176   -171.71    48.1971   -3.01599   3237  
43.85871   -2.46412     0.0252402    -0.0338286   -170.519   48.1971   -3.01599   325   
44.28123   -2.41525     0.0250555    -0.0340308   -169.716   48.1971   -3.01598   3227  
44.88522   -2.33339     0.0269473    -0.0345629   -171.884   48.1971   -3.01601   3215  
45.3078    -2.28282     0.0324243    -0.034215    -170.985   48.1971   -3.01601   3197  
45.71013   -2.22941     0.032354     -0.0350367   -170.157   48.1971   -3.01601   3187  
46.37438   -2.14766     0.0282782    -0.0369345   -168.816   48.1971   -3.016     3186  
46.77766   -2.10131     0.0300358    -0.0385318   -167.974   48.1971   -3.016     3181  
47.401     -2.03052     0.0318469    -0.038154    -171.335   48.1971   -3.016     3205  
47.80336   -1.99512     0.0342227    -0.0388102   -170.472   48.1971   -3.016     3200  
48.42681   -1.93728     0.0328591    -0.039052    -168.984   48.1971   -3.01599   3221  
48.82995   -1.90811     0.0334157    -0.0401455   -172.055   48.1971   -3.01601   3163  
49.49365   -1.8694      0.0335881    -0.0392218   -170.716   48.1971   -3.016     3195  
49.89662   -1.84473     0.0345396    -0.0384662   -169.725   48.1971   -3.016     3181  
50.29891   -1.82778     0.0340056    -0.0384551   -168.908   48.1971   -3.016     3158  
50.92265   -1.80285     0.0348852    -0.0399702   -171.382   48.1971   -3.01603   3156  
51.32518   -1.79225     0.0343785    -0.0387028   -170.454   48.1971   -3.01603   3164  
51.94882   -1.78246     0.0352662    -0.0386348   -169.051   48.1971   -3.01602   151   
52.3512    -1.77815     0.0351208    -0.0378128   -168.106   48.1971   -3.01602   3109  
52.81398   -1.77639     0.0340264    -0.037226    -167.154   48.1971   -3.01602   3110  
53.4176    -1.7806      0.034039     -0.0368805   -170.953   48.1971   -3.01603   3129  
53.82019   -1.78512     0.0309614    -0.0364452   -170.077   48.1971   -3.01603   3089  
54.44403   -1.79403     0.0254275    -0.037769    -168.509   48.1971   -3.01603   0     
54.84644   -1.79969     0.0269877    -0.0356861   -171.967   48.1971   -3.01607   3086  
55.47029   -1.80767     0.0279403    -0.0349707   -170.471   48.1971   -3.01606   3077  
55.87286   -1.81163     0.0262282    -0.0351899   -169.464   48.1971   -3.01606   3063  
56.33566   -1.81457     0.0249912    -0.0347511   -168.247   48.1971   -3.01606   3066  
56.93916   -1.81398     0.0252496    -0.0330864   -171.92    48.1971   -3.01608   305   
57.36131   -1.81211     0.0276924    -0.0316234   -170.888   48.1971   -3.01608   3041  
57.96539   -1.80809     0.0289249    -0.030693    -169.329   48.1971   -3.01607   3037  
58.38813   -1.80207     0.025208     -0.0320021   -168.488   48.197    -3.01607   3021  
58.99224   -1.78845     0.0224654    -0.0320394   -171.869   48.1971   -3.01609   3004  
59.45508   -1.77596     0.0238781    -0.0314554   -170.695   48.1971   -3.01609   3006  
59.85822   -1.76121     0.0240568    -0.0317931   -169.619   48.1971   -3.01608   2997  
60.46254   -1.73285     0.0238993    -0.0314003   -167.883   48.197    -3.01608   2991  
60.88524   -1.70976     0.0239433    -0.0322654   -172.004   48.1971   -3.01613   2983  
61.48926   -1.67425     0.0231503    -0.0328703   -170.35    48.1971   -3.01612   3001  
61.91242   -1.64484     0.024572     -0.0326233   -169.127   48.197    -3.01612   2979  
62.51574   -1.60142     0.0239851    -0.0334718   -167.444   48.197    -3.01612   2985  
62.97855   -1.56821     0.0234605    -0.0351605   -171.26    48.1971   -3.01615   2983  
63.38107   -1.53697     0.0241197    -0.0365406   -170.124   48.1971   -3.01615   2980  
64.00509   -1.48565     0.0247814    -0.0352438   -168.287   48.197    -3.01615   2967  
64.40749   -1.45214     0.0244382    -0.035218    -167.13    48.197    -3.01614   2950  
65.03138   -1.40133     0.0242813    -0.035646    -171.306   48.1971   -3.01616   2958  
65.4338    -1.36906     0.0255269    -0.0364497   -170.132   48.1971   -3.01616   3000  
66.09787   -1.32091     0.0252834    -0.0367972   -168.356   48.197    -3.01616   2963  
66.50048   -1.28521     0.0258169    -0.037711    -166.924   48.197    -3.01615   2944  
66.90331   -1.26345     0.0254668    -0.0388546   -172.511   48.1971   -3.01619   2974  
67.5269    -1.22346     0.0270429    -0.0385634   -170.694   48.1971   -3.01619   7     
67.92942   -1.2059      0.0257811    -0.0368726   -169.473   48.197    -3.01619   2967  
68.55301   -1.17768     0.0257192    -0.0364153   -167.505   48.197    -3.01618   2958  
68.95563   -1.16541     0.025724     -0.0366346   -172.623   48.1971   -3.01621   2920  
69.41798   -1.15399     0.0262016    -0.0363014   -171.377   48.1971   -3.01621   2945  
70.02162   -1.13751     0.0253028    -0.0341878   -169.242   48.197    -3.01621   2925  
70.42393   -1.12865     0.024546     -0.0349579   -167.978   48.197    -3.0162    2936  
71.0477    -1.11066     0.0246877    -0.034344    -171.691   48.1971   -3.01623   2902  
71.67167   -1.0911      0.0281412    -0.0348965   -169.641   48.1971   -3.01622   2908  
72.0741    -1.07846     0.0281313    -0.0351042   -168.349   48.1971   -3.01622   2914  
72.47636   -1.06634     0.0266431    -0.0348935   -167.048   48.197    -3.01622   2918  
73.14014   -1.04286     0.0226004    -0.0343304   -171.239   48.1971   -3.01625   2938  
73.54273   -1.02809     0.0237837    -0.0363001   -169.924   48.1971   -3.01625   2931  
73.96594   -1.01061     0.0233382    -0.0337221   -168.463   48.1971   -3.01624   2922  
74.56995   -0.983426    0.0226239    -0.0327622   -166.458   48.1971   -3.01624   2941  
74.9927    -0.962211    0.0232325    -0.0335138   -171.84    48.1971   -3.01627   3007  
75.59656   -0.925868    0.024626     -0.0337989   -169.81    48.1971   -3.01626   2916  
76.05927   -0.899221    0.0243017    -0.0336909   -168.447   48.1971   -3.01626   2929  
76.66268   -0.849934    0.0236392    -0.0334362   -166.114   48.1971   -3.01626   2906  
77.06537   -0.818699    0.0241051    -0.03295     -171.637   48.1971   -3.01628   2898  
77.48812   -0.781854    0.0246583    -0.0336115   -170.109   48.1971   -3.01628   2907  
78.09227   -0.72823     0.0246044    -0.0353516   -168.01    48.1971   -3.01627   957   
78.5146    -0.691969    0.0281749    -0.0378787   -166.609   48.1971   -3.01627   2898  
79.11838   -0.640601    0.0296808    -0.0376122   -170.313   48.1971   -3.01629   2911  
79.58086   -0.599879    0.02402      -0.0382338   -168.592   48.1971   -3.01629   2990  
80.18489   -0.545434    0.0219275    -0.0421405   -166.439   48.1971   -3.01629   2937  
80.60735   -0.517314    0.0259805    -0.0460705   -165.002   48.1971   -3.01629   2     
81.21104   -0.479749    0.0232463    -0.037915    -169.652   48.1971   -3.0163    2907  
81.63313   -0.456881    0.0220712    -0.0371534   -167.891   48.1971   -3.0163    2956  
82.03572   -0.440698    0.0211062    -0.0416902   -166.423   48.1971   -3.0163    2941  
82.69948   -0.422417    0.0163794    -0.0386861   -164.189   48.1971   -3.01629   2941  
83.10206   -0.415538    0.0170674    -0.0387638   -170.121   48.1971   -3.0163    2934  
83.7059    -0.415613    0.0160056    -0.0339494   -167.859   48.1971   -3.0163    2947  
84.12822   -0.425865    0.0137576    -0.0215455   -166.177   48.1971   -3.0163    3008  
84.73235   -0.437619    0.0113435    0.00153925   -163.857   48.1971   -3.0163    2971  
85.15494   -0.448104    0.0109707    0.00140745   -169.762   48.1971   -3.01632   2966  
85.75889   -0.46789     0.00900926   0.0005644    -167.285   48.1971   -3.01632   2989  
86.22141   -0.485134    0.00972996   0.00134331   -165.57    48.1971   -3.01632   2983  
86.62388   -0.503406    0.00990496   0.00156494   -164       48.1971   -3.01632   3078  
87.24881   -0.535527    0.00837687   0.0052862    -170.419   48.1971   -3.01631   3008  
87.65113   -0.565157    0.00871149   0.0070159    -168.666   48.1971   -3.01631   3083  
88.27576   -0.601379    0.00671318   0.0131944    -166.578   48.1971   -3.01631   3050  
88.67831   -0.636763    0.00616343   0.0151441    -164.638   48.1971   -3.01631   3049  
89.34233   -0.682463    0.00740788   0.0104586    -169.737   48.1972   -3.01631   3057  
89.7449    -0.72337     0.00693483   0.00736267   -167.775   48.1971   -3.01631   3147  
90.14744   -0.756018    0.00741385   0.0108095    -166.123   48.1971   -3.01631   3072  
90.77108   -0.803104    0.00785011   0.0139454    -172.156   48.1972   -3.01632   3089  
91.17368   -0.832467    0.00777941   0.012627     -170.484   48.1972   -3.01632   3102  
91.79821   -0.873649    0.00807377   0.0138934    -167.79    48.1972   -3.01632   3151  
92.2004    -0.894503    0.00712277   0.0159402    -166.092   48.1972   -3.01632   3138  
92.66382   -0.910231    0.00792043   0.0190944    -164.041   48.1971   -3.01632   3153  
93.26777   -0.926485    0.00811491   0.0172289    -170.319   48.1972   -3.01633   3126  
93.67004   -0.928002    0.00723976   0.0141881    -168.418   48.1972   -3.01633   62    
94.29368   -0.924432    0.00972096   0.00404765   -165.997   48.1972   -3.01633   3130  
94.69651   -0.917946    0.00916526   0.00246812   -164.073   48.1972   -3.01633   3158  
95.32073   -0.902897    0.00868911   0.00388228   -170.792   48.1972   -3.01634   3159  
95.72357   -0.886943    0.00949962   0.00220591   -168.846   48.1972   -3.01634   3175  
96.18641   -0.867716    0.00901719   -0.00343951  -166.892   48.1972   -3.01634   316   
96.7903    -0.835006    0.0102066    -0.00229801  -173.037   48.1972   -3.01636   3195  
97.21281   -0.808932    0.0102508    -0.00643212  -171.059   48.1972   -3.01636   3214  
97.8173    -0.769357    0.0104568    -0.0109249   -168.343   48.1972   -3.01636   3178  
98.23985   -0.741688    0.0103446    -0.011092    -166.52    48.1972   -3.01636   3172  
98.84382   -0.693025    0.0098043    -0.0130522   -172.323   48.1972   -3.01637   3204  
99.30653   -0.658901    0.0106037    -0.0123533   -170.48    48.1972   -3.01637   3206  
99.70905   -0.620001    0.011194     -0.0144876   -168.444   48.1972   -3.01637   3210  
100.3131   -0.566589    0.0128863    -0.0232082   -165.847   48.1972   -3.01637   3222  
100.7359   -0.522005    0.0147889    -0.0308518   -172.464   48.1972   -3.01639   3246  
101.3395   -0.461686    0.0138397    -0.0264549   -169.631   48.1972   -3.01639   3231  
101.7619   -0.424634    0.0147918    -0.022742    -167.73    48.1972   -3.01639   3277  
102.3653   -0.370083    0.0160654    -0.0294357   -164.884   48.1972   -3.01639   3253  
102.8282   -0.325716    0.0170111    -0.0299252   -172.158   48.1972   -3.01639   3265  
103.2307   -0.288264    0.0174183    -0.0314012   -170.045   48.1972   -3.01639   3284  
103.8547   -0.235187    0.0171922    -0.0355993   -167.152   48.1972   -3.01639   3275  
104.2573   -0.200375    0.0176394    -0.0345818   -165.209   48.1972   -3.01639   266   
104.8811   -0.14534     0.0170768    -0.0353829   -171.675   48.1973   -3.0164    3273  
105.2835   -0.113858    0.0173576    -0.0359003   -169.912   48.1972   -3.0164    3284  
105.9474   -0.0580779   0.0172835    -0.0362511   -166.759   48.1972   -3.0164    3287  
106.3498   -0.0147479   0.0173909    -0.0394935   -164.385   48.1972   -3.0164    3298  
106.7523   0.0207439    0.0175584    -0.0424662   -171.78    48.1973   -3.01642   1     
107.3759   0.074226     0.0175682    -0.0459987   -168.786   48.1973   -3.01642   3334  
107.7785   0.10943      0.0170474    -0.0433589   -166.773   48.1973   -3.01642   3310  
108.4021   0.166396     0.017826     -0.0441033   -163.541   48.1972   -3.01642   3339  
108.8047   0.202489     0.0171878    -0.0464588   -171.559   48.1973   -3.01641   3323  
109.4691   0.260722     0.0181116    -0.0438509   -168.29    48.1973   -3.01641   3327  
109.8717   0.297415     0.0180379    -0.0406728   -166.236   48.1973   -3.01641   0     
110.4956   0.352486     0.0167053    -0.0456417   -162.944   48.1973   -3.01641   3343  
110.8985   0.38616      0.0179981    -0.044403    -171.375   48.1973   -3.0164    3353  
111.5219   0.436658     0.0177178    -0.0483311   -168.259   48.1973   -3.0164    3351  
111.9246   0.469674     0.0180689    -0.0511018   -166.173   48.1973   -3.0164    3371  
112.3272   0.503554     0.0170666    -0.0496407   -164.073   48.1973   -3.0164    3373  
112.9908   0.561057     0.0181709    -0.0487296   -171.45    48.1973   -3.0164    3389  
113.3932   0.595027     0.0180783    -0.0495218   -169.334   48.1973   -3.0164    0     
113.8157   0.631923     0.0184178    -0.048733    -167.208   48.1973   -3.0164    3369  
114.4192   0.683836     0.0182061    -0.046772    -163.577   48.1973   -3.0164    3389  
114.8417   0.717154     0.0163059    -0.0446106   -171.788   48.1973   -3.01639   3362  
115.4451   0.769536     0.0165352    -0.0471942   -168.56    48.1973   -3.01639   3374  
115.9077   0.804591     0.0178407    -0.0464787   -166.396   48.1973   -3.01639   3357  
116.5116   0.864379     0.0176141    -0.0486538   -162.705   48.1973   -3.01639   3381  
116.9141   0.894652     0.0179321    -0.0486233   -171.309   48.1973   -3.01638   3386  
117.5376   0.949552     0.0180115    -0.0467974   -167.798   48.1973   -3.01637   90    
117.9404   0.98373      0.0168284    -0.0472608   -165.595   48.1973   -3.01637   3441  
118.3633   1.02165      0.0173242    -0.0480429   -163.163   48.1973   -3.01637   3377  
118.9672   1.07219      0.0181248    -0.0489502   -170.796   48.1973   -3.01636   3413  
119.4298   1.11016      0.017841     -0.0485568   -168.339   48.1973   -3.01635   3448  
120.0344   1.15615      0.0176572    -0.0483069   -165.199   48.1973   -3.01635   342   
120.4567   1.19417      0.017629     -0.0488368   -162.497   48.1973   -3.01635   3447  
121.0604   1.23488      0.0171453    -0.0496221   -170.603   48.1973   -3.01633   3440  
121.4835   1.26422      0.0171533    -0.0499675   -168.103   48.1973   -3.01633   3429  
121.8862   1.2907       0.0166626    -0.050065    -165.594   48.1974   -3.01632   3448  
122.5501   1.32356      0.0174502    -0.0465367   -162.156   48.1974   -3.01632   3447  
122.9532   1.34583      0.0161667    -0.0440376   -170.612   48.1974   -3.0163    3461  
123.5567   1.37816      0.0163929    -0.0435347   -167.15    48.1974   -3.0163    3460  
123.9794   1.39638      0.016261     -0.046988    -164.604   48.1974   -3.01629   3462  
124.5833   1.42208      0.0159832    -0.0446928   -161.109   48.1974   -3.01629   3440  
125.006    1.44092      0.0159132    -0.0436682   -169.948   48.1974   -3.01629   3445  
125.6096   1.46537      0.0149894    -0.0437226   -166.425   48.1974   -3.01628   3466  
126.0726   1.48282      0.0149446    -0.0445409   -163.596   48.1974   -3.01628   3458  
126.4748   1.50034      0.0145874    -0.0439267   -160.992   48.1974   -3.01627   3449  
127.0984   1.52333      0.0147032    -0.0429121   -169.65    48.1974   -3.01627   3447  
127.5007   1.54071      0.0145318    -0.0426376   -167.024   48.1974   -3.01627   3449  
128.1247   1.56581      0.014976     -0.0447218   -163.192   48.1974   -3.01626   3453  
128.5271   1.58142      0.0146184    -0.0437884   -160.785   48.1974   -3.01626   3479  
129.191    1.60477      0.0147384    -0.0452047   -168.978   48.1974   -3.01625   3449  
129.5935   1.62092      0.0148618    -0.0477539   -166.314   48.1974   -3.01625   3455  
129.9959   1.63445      0.0144785    -0.0521097   -163.645   48.1974   -3.01625   3455  
130.6193   1.64867      0.0149684    -0.0517547   -159.982   48.1974   -3.01624   64    
131.0222   1.65632      0.0132169    -0.0494537   -171.828   48.1974   -3.01623   3460  
131.6464   1.6655       0.0134624    -0.0481157   -171.809   48.1974   -3.01622   3461  
132.0493   1.66754      0.0128263    -0.0491283   -171.759   48.1974   -3.01622   3477  
132.5118   1.66853      0.0117774    -0.0505425   -171.717   48.1974   -3.01621   3458  
133.116    1.66633      0.0122777    -0.0515536   -170.043   48.1974   -3.01619   3461  
133.5186   1.66295      0.0115386    -0.0512269   -169.694   48.1974   -3.01619   3482  
134.1425   1.65464      0.0115544    -0.0497838   -169.137   48.1974   -3.01618   3462  
134.5445   1.64842      0.0112508    -0.0493559   -168.824   48.1974   -3.01618   3465  
135.1684   1.63615      0.00946289   -0.0472302   -169.763   48.1974   -3.01617   3471  
135.5712   1.62752      0.00897354   -0.0498865   -169.652   48.1974   -3.01616   3466  
136.0341   1.61657      0.00890245   -0.0501249   -169.509   48.1974   -3.01616   3471  
136.6374   1.60275      0.00911107   -0.0476032   -169.294   48.1974   -3.01615   3469  
137.06     1.59268      0.0103713    -0.0438963   -170.067   48.1974   -3.01615   3468  
137.664    1.57389      0.0106609    -0.045217    -170.077   48.1974   -3.01614   3465  
138.0864   1.56377      0.0109333    -0.0456751   -170.076   48.1974   -3.01614   3475  
138.69     1.54442      0.00986836   -0.0484323   -170.058   48.1974   -3.01613   3496  
139.1531   1.53424      0.00924883   -0.0475693   -169.456   48.1974   -3.01613   3480  
139.5556   1.52314      0.0101551    -0.0458229   -169.315   48.1974   -3.01612   3468  
140.1599   1.5143       0.0100876    -0.0456533   -169.125   48.1974   -3.01611   3471  
140.5826   1.51189      0.0114319    -0.0428763   -168.984   48.1974   -3.01611   3479  
141.1864   1.51356      0.0104085    -0.0442765   -169.836   48.1974   -3.0161    5     
141.6088   1.52019      0.0111265    -0.0376934   -169.78    48.1974   -3.01609   3484  
142.2128   1.53311      0.00882246   -0.0292439   -169.687   48.1974   -3.01609   3479  
142.6758   1.5445       0.00926584   -0.0341628   -169.624   48.1974   -3.01608   3470  
143.0783   1.55876      0.00856637   -0.0345908   -169.815   48.1974   -3.01607   3488  
143.7022   1.58657      0.00799742   -0.0333318   -169.724   48.1974   -3.01607   3477  
144.1049   1.60501      0.00868282   -0.0367003   -169.67    48.1974   -3.01606   3477  
144.7291   1.64243      0.00967359   -0.0428353   -169.563   48.1974   -3.01605   3475  
145.1315   1.66817      0.0105118    -0.0407272   -169.74    48.1974   -3.01605   3478  
145.7954   1.71298      0.0106018    -0.041622    -169.639   48.1974   -3.01604   3485  
146.198    1.73809      0.0107652    -0.0444455   -169.55    48.1974   -3.01604   3483  
146.8023   1.78388      0.0111264    -0.0458942   -169.892   48.1974   -3.01603   3484  
147.2246   1.81192      0.0115216    -0.0426553   -169.825   48.1974   -3.01603   3483  
147.6267   1.83361      0.0110185    -0.0400813   -169.754   48.1974   -3.01602   3485  
148.2503   1.861        0.0104248    -0.0410423   -169.652   48.1974   -3.01601   3485  
148.6529   1.87535      0.0114457    -0.0420628   -169.577   48.1974   -3.01601   3491  
149.3171   1.89098      0.0109419    -0.0409143   -169.534   48.1974   -3.016     3492  
149.7198   1.8969       0.0110071    -0.040537    -169.449   48.1974   -3.016     3478  
150.3438   1.89915      0.0110424    -0.0422688   -169.316   48.1974   -3.01599   3495  
150.7465   1.89999      0.01133      -0.0386258   -169.215   48.1974   -3.01599   3480  
151.149    1.89922      0.0115329    -0.0376291   -169.498   48.1974   -3.01598   3490  
151.7733   1.89796      0.0113239    -0.0400274   -169.368   48.1974   -3.01597   81    
152.1756   1.89738      0.0114824    -0.038543    -169.292   48.1974   -3.01597   3503  
152.8398   1.89858      0.0124218    -0.0371412   -169.955   48.1974   -3.01596   3495  
153.2422   1.90228      0.0122164    -0.0385673   -169.925   48.1974   -3.01596   3486  
153.8666   1.91239      0.0127539    -0.0405079   -169.88    48.1974   -3.01595   3483  
154.2691   1.92099      0.0121523    -0.0421553   -169.847   48.1974   -3.01595   0     
154.6912   1.93311      0.0121836    -0.0462629   -169.809   48.1974   -3.01594   3487  
155.295    1.95238      0.0124003    -0.0474503   -169.746   48.1974   -3.01594   3489  
155.7574   1.96701      0.0123836    -0.0467825   -169.698   48.1974   -3.01593   3492  
156.3615   1.98904      0.0123056    -0.0497627   -169.625   48.1974   -3.01593   3489  
156.7643   2.00233      0.0118816    -0.0530614   -169.568   48.1974   -3.01592   3491  
157.3876   2.01182      0.0119953    -0.052867    -169.471   48.1974   -3.01591   3491  
157.7904   2.0117       0.0117392    -0.0548041   -169.408   48.1974   -3.01591   3498  
158.2129   2.00689      0.011462     -0.057354    -169.35    48.1974   -3.0159    3515  
158.8168   1.99465      0.0136554    -0.0497066   -169.223   48.1974   -3.0159    3492  
159.2796   1.983        0.011278     -0.0508369   -169.122   48.1974   -3.01589   3490  
159.883    1.9649       0.0123524    -0.0531925   -169.003   48.1974   -3.01588   3491  
160.3057   1.95082      0.0122467    -0.0514163   -168.915   48.1974   -3.01588   3499  
160.9089   1.92497      0.0117528    -0.0505651   -168.768   48.1974   -3.01587   3490  
161.3317   1.91052      0.0112566    -0.0487344   -168.692   48.1974   -3.01587   3489  
161.9352   1.87463      0.0112484    -0.0537333   -168.533   48.1974   -3.01586   3498  
162.398    1.8497       0.011947     -0.0547024   -168.434   48.1974   -3.01585   3490  
162.8006   1.8166       0.0114577    -0.0469796   -168.297   48.1974   -3.01584   3492  
163.4051   1.77069      0.0117224    -0.049145    -168.138   48.1974   -3.01584   3496  
163.8273   1.73562      0.0117949    -0.0503257   -168.028   48.1974   -3.01583   3494  
164.4311   1.68428      0.012045     -0.0452062   -167.849   48.1974   -3.01582   3490  
164.8532   1.64688      0.0116217    -0.0424663   -167.716   48.1974   -3.01582   90    
165.4574   1.59859      0.0129748    -0.0451838   -167.536   48.1974   -3.01581   3493  
165.9195   1.56878      0.0121454    -0.0464476   -167.397   48.1974   -3.0158    3509  
166.3219   1.54713      0.0126344    -0.0444783   -167.263   48.1974   -3.01579   3505  
166.9453   1.51959      0.0127435    -0.0507155   -167.054   48.1974   -3.01579   3491  
167.3476   1.50838      0.0123175    -0.0504243   -166.928   48.1974   -3.01578   3494  
167.9709   1.49813      0.0134398    -0.0489427   -166.691   48.1974   -3.01577   3501  
168.3738   1.49765      0.014287     -0.0495572   -166.541   48.1974   -3.01577   3495  
169.0374   1.50522      0.0133845    -0.0505072   -166.308   48.1974   -3.01576   3497  
169.4398   1.51629      0.0141981    -0.0511769   -166.103   48.1974   -3.01575   3499  
169.8424   1.52882      0.0147768    -0.0516347   -165.943   48.1974   -3.01574   3502  
170.4657   1.55342      0.0150481    -0.0517644   -165.68    48.1974   -3.01574   3506  
170.8681   1.57096      0.0151685    -0.051866    -165.512   48.1974   -3.01573   3513  
171.4918   1.59843      0.0156714    -0.0498054   -165.251   48.1974   -3.01572   3503  
171.894    1.61782      0.0154916    -0.0477017   -165.076   48.1974   -3.01572   3503  
172.3565   1.63633      0.0154558    -0.0488611   -164.902   48.1974   -3.01571   3510  
172.9602   1.66789      0.0164062    -0.0490002   -164.595   48.1974   -3.0157    3507  
173.363    1.68361      0.0166016    -0.0485928   -164.429   48.1974   -3.0157    3508  
173.9862   1.71071      0.0166061    -0.0507169   -164.131   48.1974   -3.01569   3512  
174.3888   1.7255       0.0166803    -0.0502853   -163.96    48.1974   -3.01568   3507  
175.0118   1.75127      0.0166054    -0.0483532   -163.63    48.1974   -3.01567   3510  
175.4144   1.76498      0.0166291    -0.0504188   -163.438   48.1975   -3.01566   9     
175.8767   1.77934      0.0164453    -0.0503914   -163.215   48.1975   -3.01566   3519  
176.4802   1.79767      0.0170068    -0.0522946   -162.917   48.1975   -3.01565   3516  
176.9024   1.8099       0.0162742    -0.052769    -162.692   48.1975   -3.01564   3515  
177.5059   1.82479      0.0158342    -0.054515    -162.38    48.1975   -3.01563   3517  
177.9279   1.83366      0.0162458    -0.0556736   -162.169   48.1975   -3.01562   353   
178.5316   1.8462       0.0152829    -0.0562453   -161.846   48.1975   -3.01561   3520  
178.9941   1.85621      0.0158024    -0.0556197   -161.625   48.1975   -3.01561   3521  
179.5981   1.86911      0.0153868    -0.0554671   -161.243   48.1975   -3.01559   3520  
180.0008   1.8776       0.0158547    -0.0570107   -161.015   48.1975   -3.01559   3526  
180.4233   1.88544      0.0151631    -0.0544347   -160.76    48.1975   -3.01558   3525  
181.027    1.89526      0.0163775    -0.0523416   -160.383   48.1975   -3.01557   3536  
181.4495   1.9033       0.0166531    -0.0503354   -160.147   48.1975   -3.01556   3530  
182.0529   1.91608      0.0162327    -0.0482592   -159.787   48.1976   -3.01555   3534  
182.5158   1.92797      0.0162955    -0.0502673   -159.502   48.1976   -3.01554   3534  
183.1193   1.94457      0.0167051    -0.0505914   -159.139   48.1976   -3.01553   3535  
183.5417   1.95587      0.0161216    -0.0505021   -158.885   48.1976   -3.01553   3543  
183.944    1.96862      0.0164122    -0.0528109   -158.63    48.1976   -3.01552   3545  
184.5678   1.9889       0.0168724    -0.0552147   -158.22    48.1976   -3.01551   3539  
184.9702   2.00063      0.0169666    -0.0589261   -157.959   48.1976   -3.0155    3545  
185.634    2.01709      0.0174789    -0.0584059   -157.553   48.1976   -3.01549   3543  
186.0365   2.02865      0.0172203    -0.0578404   -157.257   48.1976   -3.01548   3552  
186.6402   2.04348      0.0172452    -0.0585348   -156.845   48.1976   -3.01547   3543  
187.0623   2.05126      0.0164818    -0.0597664   -156.531   48.1976   -3.01546   3543  
187.6663   2.05881      0.0164959    -0.0612874   -156.104   48.1977   -3.01545   3551  
188.0886   2.0618       0.0166293    -0.0601688   -155.79    48.1977   -3.01544   3548  
188.4908   2.06227      0.0165022    -0.0594835   -155.501   48.1977   -3.01543   549   
189.1547   2.0585       0.0152391    -0.059591    -155.029   48.1977   -3.01542   3551  
189.5577   2.05406      0.0153291    -0.0589982   -154.727   48.1977   -3.01541   3550  
190.1815   2.04561      0.0160885    -0.055974    -154.245   48.1977   -3.0154    3554  
190.5839   2.03919      0.0166732    -0.0536785   -153.941   48.1977   -3.01539   3558  
191.2079   2.03129      0.0150533    -0.0527977   -153.493   48.1977   -3.01538   1     
191.6105   2.02593      0.0155438    -0.0533137   -153.191   48.1977   -3.01537   3561  
192.2744   2.01852      0.0150755    -0.0531605   -152.683   48.1978   -3.01536   3564  
192.6773   2.01157      0.0150433    -0.053388    -152.354   48.1978   -3.01535   3560  
193.0796   2.00621      0.0148695    -0.0530849   -152.051   48.1978   -3.01534   3565  
193.7031   1.99698      0.0146674    -0.0527833   -151.594   48.1978   -3.01533   3561  
194.1063   1.99136      0.0145331    -0.055512    -151.291   48.1978   -3.01532   3569  
194.7301   1.9817       0.0141237    -0.0586682   -150.81    48.1978   -3.0153    3573  
195.1324   1.97587      0.013325     -0.0608942   -150.502   48.1978   -3.0153    3572  
195.5949   1.9707       0.0139147    -0.0607521   -150.192   48.1979   -3.01529   3573  
196.1982   1.9624       0.0128554    -0.0565977   -149.662   48.1979   -3.01527   3587  
196.6007   1.9561       0.0127777    -0.0556862   -149.356   48.1979   -3.01526   3585  
197.2244   1.94692      0.013059     -0.0586564   -148.888   48.1979   -3.01525   3580  
197.6268   1.9415       0.0138955    -0.062864    -148.578   48.1979   -3.01524   3581  
198.2501   1.93177      0.0129464    -0.0644145   -148.079   48.1979   -3.01522   3588  
198.6526   1.92576      0.0134129    -0.0628623   -147.76    48.198    -3.01521   3588  
199.115    1.91686      0.0122058    -0.0607904   -147.402   48.198    -3.0152    591   
199.7186   1.90343      0.0123365    -0.063155    -146.929   48.198    -3.01519   3594  
200.141    1.89227      0.0111977    -0.0637965   -146.573   48.198    -3.01518   3603  
200.7445   1.87786      0.0113001    -0.0613049   -146.082   48.198    -3.01516   3598  
201.1668   1.86995      0.0122533    -0.0631213   -145.758   48.198    -3.01515   3612  
201.7706   1.86006      0.0116294    -0.0607563   -145.274   48.1981   -3.01513   5     
202.2335   1.85495      0.0129831    -0.0598252   -144.954   48.1981   -3.01512   3602  
202.6361   1.85228      0.0124854    -0.0559405   -144.558   48.1981   -3.01511   3611  
203.2394   1.85198      0.0121753    -0.0570997   -144.042   48.1981   -3.01509   3611  
203.662    1.85445      0.0120007    -0.0558938   -143.713   48.1981   -3.01508   3626  
204.2654   1.86206      0.0121307    -0.0562721   -143.192   48.1982   -3.01506   3614  
204.6876   1.86847      0.0118389    -0.0552786   -142.86    48.1982   -3.01505   3614  
205.2911   1.88238      0.013313     -0.0571755   -142.359   48.1982   -3.01503   3620  
205.754    1.89748      0.0136678    -0.0580945   -141.962   48.1982   -3.01502   3618  
206.1567   1.9106       0.0128015    -0.0589731   -141.621   48.1983   -3.01501   3642  
206.7801   1.92955      0.0136434    -0.0649298   -141.114   48.1983   -3.01499   3638  
207.1824   1.94163      0.013471     -0.0648512   -140.762   48.1983   -3.01498   3640  
207.806    1.95843      0.0141556    -0.0659309   -140.193   48.1983   -3.01496   3647  
208.2089   1.96693      0.0143258    -0.0678291   -139.833   48.1984   -3.01495   3649  
208.8723   1.97516      0.0133873    -0.0684751   -139.283   48.1984   -3.01493   3652  
209.2746   1.9777       0.0131875    -0.0680086   -138.886   48.1984   -3.01492   3657  
209.6771   1.9769       0.0132718    -0.068023    -138.521   48.1984   -3.0149    3658  
210.3006   1.97099      0.013254     -0.06821     -137.928   48.1985   -3.01488   3664  
210.703    1.9647       0.0128208    -0.066484    -137.567   48.1985   -3.01487   3662  
211.3264   1.95429      0.0129515    -0.0654262   -137.011   48.1985   -3.01485   3663  
211.7288   1.94696      0.0123504    -0.0656896   -136.643   48.1985   -3.01484   3673  
212.3927   1.93372      0.0130884    -0.0616646   -136.041   48.1986   -3.01481   75    
212.795    1.92842      0.012941     -0.0583374   -135.637   48.1986   -3.0148    3688  
213.4185   1.91777      0.0114845    -0.0589075   -135.045   48.1986   -3.01478   3677  
213.8208   1.9126       0.0121174    -0.0601953   -134.645   48.1987   -3.01476   3679  
214.223    1.90866      0.0120999    -0.059617    -134.27    48.1987   -3.01475   3686  
214.8462   1.90485      0.0117265    -0.0600414   -133.701   48.1987   -3.01472   6     
215.2484   1.90362      0.0122057    -0.062382    -133.327   48.1987   -3.01471   3699  
215.912    1.90212      0.0116815    -0.0660146   -132.687   48.1988   -3.01469   3698  
216.3144   1.90199      0.012075     -0.0688024   -132.313   48.1988   -3.01467   3700  
216.9377   1.90417      0.0119175    -0.0668351   -131.736   48.1988   -3.01465   3703  
217.3405   1.90523      0.0118462    -0.0691316   -131.361   48.1989   -3.01463   3706  
217.7631   1.9075       0.0121329    -0.0679379   -130.943   48.1989   -3.01461   3713  
218.367    1.91345      0.0125383    -0.0675895   -130.401   48.1989   -3.01459   3713  
218.8294   1.9195       0.0126356    -0.0681717   -129.966   48.199    -3.01458   3718  
219.4332   1.92974      0.0132438    -0.0724024   -129.394   48.199    -3.01455   3727  
219.8356   1.93826      0.0131894    -0.0623634   -128.946   48.199    -3.01453   3724  
220.4598   1.94749      0.012457     -0.0622227   -128.305   48.1991   -3.01451   3737  
220.862    1.95389      0.0137067    -0.0661742   -127.911   48.1991   -3.01449   3726  
221.285    1.96039      0.013334     -0.0656896   -127.501   48.1991   -3.01447   3747  
221.8885   1.97046      0.0140414    -0.0648241   -126.849   48.1992   -3.01445   3734  
222.351    1.97636      0.0131142    -0.0642025   -126.394   48.1992   -3.01443   3745  
222.9544   1.98352      0.0134487    -0.0653533   -125.785   48.1993   -3.0144    3742  
223.377    1.98794      0.0125797    -0.0648189   -125.368   48.1993   -3.01438   3742  
223.9802   1.99298      0.0129445    -0.0650952   -124.697   48.1993   -3.01435   3760  
224.4023   1.99651      0.013448     -0.0657991   -124.36    48.1994   -3.01434   3752  
225.0059   2.00045      0.0130018    -0.0652092   -123.623   48.1994   -3.01431   3749  
225.4692   2.00294      0.0130772    -0.0639785   -123.103   48.1995   -3.01429   756   
225.8716   2.00464      0.0148339    -0.0587013   -122.625   48.1995   -3.01427   3755  
226.475    2.00738      0.0135882    -0.0589998   -122.009   48.1995   -3.01424   3756  
226.8973   2.01071      0.0134472    -0.0585042   -121.535   48.1996   -3.01422   3758  
227.501    2.01499      0.0153923    -0.0573074   -120.879   48.1996   -3.01419   3762  
227.9232   2.01813      0.0141123    -0.0573637   -120.383   48.1997   -3.01417   377   
228.5268   2.0216       0.0146297    -0.0583658   -119.713   48.1997   -3.01414   3764  
228.9891   2.02375      0.0139145    -0.0580853   -119.217   48.1998   -3.01412   3769  
229.3915   2.02602      0.0145869    -0.0598133   -118.777   48.1998   -3.0141    3777  
230.0151   2.03075      0.0145116    -0.0608934   -118.051   48.1998   -3.01407   3778  
230.4177   2.03318      0.0153626    -0.0646798   -117.606   48.1999   -3.01405   3776  
231.041    2.03687      0.0146617    -0.0668207   -116.877   48.1999   -3.01401   3781  
231.4437   2.03867      0.0158656    -0.0662261   -116.473   48.2      -3.01399   3787  
232.108    2.04148      0.0145065    -0.066641    -115.727   48.2      -3.01396   3783  
232.5107   2.04233      0.0142344    -0.0673244   -115.222   48.2001   -3.01394   3785  
232.913    2.04366      0.0146513    -0.0677682   -114.754   48.2001   -3.01392   3788  
233.5367   2.04319      0.0143543    -0.0656271   -113.993   48.2002   -3.01388   3786  
233.9391   2.04343      0.0148666    -0.0687113   -113.53    48.2002   -3.01386   3790  
234.5632   2.04468      0.0140016    -0.0664342   -112.814   48.2003   -3.01383   3822  
234.9655   2.04461      0.0148516    -0.0683936   -112.343   48.2003   -3.0138    3801  
235.4277   2.04431      0.015081     -0.0673255   -111.871   48.2004   -3.01378   3802  
236.0309   2.04316      0.0147335    -0.0667601   -111.065   48.2004   -3.01374   3804  
236.4334   2.0419       0.0148162    -0.0664378   -110.583   48.2005   -3.01372   3812  
237.0564   2.03947      0.0144254    -0.0600513   -109.798   48.2005   -3.01368   3813  
237.4592   2.03886      0.0155976    -0.0714796   -109.342   48.2006   -3.01366   3810  
238.0825   2.04044      0.0157876    -0.0741891   -108.619   48.2006   -3.01362   3822  
238.4852   2.04326      0.0156218    -0.0683229   -108.074   48.2007   -3.0136    5     
238.9478   2.047        0.0159137    -0.0664383   -107.535   48.2007   -3.01357   3820  
239.5512   2.05487      0.0154931    -0.0697017   -106.74    48.2008   -3.01353   3812  
239.9735   2.06323      0.0165262    -0.0696303   -106.249   48.2008   -3.01351   3832  
240.5771   2.07897      0.0169015    -0.0707597   -105.499   48.2009   -3.01347   3823  
240.9992   2.09237      0.0169027    -0.0725977   -104.945   48.201    -3.01344   383   
241.6026   2.11287      0.0181955    -0.0758051   -104.199   48.201    -3.0134    3832  
242.0651   2.12783      0.0190441    -0.0752559   -103.682   48.2011   -3.01338   3835  
242.6684   2.15244      0.0192527    -0.0779054   -102.848   48.2011   -3.01334   3846  
243.0706   2.16847      0.0195886    -0.0770545   -102.314   48.2012   -3.01331   3859  
243.4931   2.18477      0.0194388    -0.0763744   -101.762   48.2012   -3.01329   3861  
244.0969   2.20771      0.0200433    -0.0757543   -100.927   48.2013   -3.01325   3855  
244.5192   2.22166      0.0211863    -0.0776386   -100.354   48.2014   -3.01323   3876  
245.1228   2.23782      0.0207082    -0.0793471   -99.4364   48.2014   -3.01319   3873  
245.5853   2.24085      0.0196716    -0.0817069   -98.7354   48.2015   -3.01316   3871  
246.1894   2.2313       0.0198771    -0.0799867   -97.8671   48.2016   -3.01313   3904  
246.6115   2.21545      0.0184997    -0.0809123   -97.2856   48.2016   -3.0131    3885  
247.2148   2.17462      0.0161345    -0.0850738   -96.4564   48.2017   -3.01306   3891  
247.637    2.12822      0.0148755    -0.084333    -95.8617   48.2018   -3.01303   3877  
248.0392   2.08018      0.0123394    -0.0828982   -95.2765   48.2018   -3.013     3891  
248.7031   1.99381      0.00990609   -0.0799152   -94.5044   48.2019   -3.01295   3877  
249.1053   1.9145       0.00995667   -0.0770809   -93.9527   48.202    -3.01292   875   
249.7091   1.8037       0.00671607   -0.0777942   -93.1838   48.202    -3.01287   3873  
250.1314   1.72428      0.00500472   -0.0763537   -92.7495   48.2021   -3.01284   3900  
250.7349   1.59928      0.00249534   -0.0739148   -91.9576   48.2022   -3.01278   3883  
251.1572   1.50615      3.37532e-05  -0.0691802   -91.3895   48.2022   -3.01275   3859  
251.5602   1.42139      -0.00132126  -0.0692412   -90.8656   48.2023   -3.01271   2     
252.2238   1.29033      -0.00343094  -0.0693888   -89.9479   48.2024   -3.01267   3859  
252.6262   1.21204      -0.00499855  -0.0678664   -89.3043   48.2024   -3.01264   3858  
253.2494   1.09556      -0.00372307  -0.0690843   -88.2093   48.2025   -3.0126    3850  
253.6517   1.0281       -0.00613817  -0.0670221   -87.4698   48.2026   -3.01258   3852  
254.275    0.933476     -0.00747817  -0.0701622   -86.2555   48.2027   -3.01256   3852  
254.6776   0.874408     -0.00687843  -0.0688234   -85.3587   48.2028   -3.01255   3842  
255.3411   0.790114     -0.00803718  -0.0664455   -83.8949   48.2028   -3.01253   3835  
255.7434   0.726291     -0.00824407  -0.0628841   -82.6834   48.2029   -3.01252   3846  
256.1455   0.67574      -0.0089614   -0.0598176   -81.556    48.203    -3.01252   3840  
256.7687   0.602816     -0.0101277   -0.0595393   -79.7946   48.2031   -3.01252   3829  
257.171    0.556253     -0.00990188  -0.0577021   -78.5012   48.2031   -3.01253   3835  
257.7944   0.486171     -0.0100588   -0.0555439   -76.3283   48.2032   -3.01254   3826  
258.1966   0.445586     -0.010209    -0.0549577   -74.9041   48.2033   -3.01254   3834  
258.6592   0.403864     -0.0103179   -0.0545514   -73.4145   48.2034   -3.01255   3825  
259.2623   0.344458     -0.0105403   -0.0533432   -70.6925   48.2035   -3.01257   3822  
259.6645   0.312082     -0.0123017   -0.0525979   -69.0348   48.2036   -3.01258   3820  
260.288    0.268844     -0.0124805   -0.0505419   -66.7148   48.2037   -3.01259   3820  
260.6904   0.243042     -0.0114494   -0.0510027   -66.0742   48.2037   -3.01256   3826  
261.3138   0.206512     -0.012621    -0.0505306   -65.0271   48.2038   -3.01252   3818  
261.7162   0.187862     -0.0115795   -0.0497919   -64.361    48.2039   -3.0125    3819  
262.1787   0.170249     -0.0127341   -0.0471913   -63.6152   48.204    -3.01247   19    
262.7821   0.151906     -0.0117646   -0.0475764   -62.5887   48.2041   -3.01243   3825  
263.2046   0.141583     -0.0129556   -0.047613    -61.822    48.2042   -3.0124    3814  
263.8083   0.13501      -0.0124861   -0.0493602   -60.763    48.2043   -3.01237   3813  
264.2305   0.134373     -0.0126238   -0.0488261   -60.0436   48.2044   -3.01234   3819  
264.8341   0.139143     -0.0127031   -0.0477139   -58.9507   48.2045   -3.01231   3812  
265.2964   0.147021     -0.0123449   -0.0479606   -58.2136   48.2046   -3.01229   3814  
265.6987   0.160492     -0.0124477   -0.0489124   -57.3182   48.2047   -3.01226   3812  
266.3023   0.184625     -0.0114424   -0.0499445   -56.1855   48.2048   -3.01223   3813  
266.7247   0.204417     -0.0118548   -0.0509527   -55.4202   48.2048   -3.01221   3811  
267.3283   0.239579     -0.0112356   -0.0531286   -54.2621   48.205    -3.01217   3814  
267.7505   0.270147     -0.0103687   -0.0540855   -53.4037   48.205    -3.01215   3822  
268.3541   0.316789     -0.0103285   -0.0553338   -52.2196   48.2052   -3.01212   3815  
268.8169   0.363039     -0.00912285  -0.0576408   -51.2659   48.2053   -3.01209   3815  
269.2191   0.401559     -0.00883434  -0.0596353   -50.4646   48.2053   -3.01207   3817  
269.8424   0.465011     -0.00785367  -0.0617112   -49.2555   48.2055   -3.01204   3808  
270.2446   0.51022      -0.00631886  -0.0634035   -48.4446   48.2056   -3.01202   3808  
270.8678   0.585177     -0.00482245  -0.0659076   -47.0589   48.2057   -3.01199   3808  
271.27     0.631873     -0.00416547  -0.0684939   -46.2416   48.2058   -3.01197   3808  
271.9334   0.701121     -0.00229985  -0.0702197   -45.0115   48.2059   -3.01194   3822  
272.3357   0.749197     -0.0016425   -0.070817    -44.105    48.206    -3.01191   3810  
272.9396   0.810705     -0.000159089 -0.0728498   -42.8676   48.2061   -3.01188   805   
273.3618   0.852364     0.00128427   -0.0735734   -41.959    48.2062   -3.01186   3810  
273.7643   0.887298     0.00281446   -0.0719143   -41.1297   48.2063   -3.01184   3808  
274.3876   0.936085     0.00419863   -0.068847    -39.8831   48.2064   -3.01181   3811  
274.7899   0.966082     0.00428011   -0.0687131   -39.0558   48.2065   -3.01179   3804  
275.4538   1.0105       0.00552091   -0.0680935   -37.7327   48.2067   -3.01176   1     
275.8562   1.03913      0.00586097   -0.0678677   -36.8235   48.2068   -3.01173   3803  
276.4795   1.07195      0.00557067   -0.0687247   -35.6692   48.2069   -3.0117    3804  
276.8819   1.09493      0.00773847   -0.0690704   -34.7649   48.207    -3.01168   3799  
277.5053   1.12659      0.00734064   -0.0705529   -33.4488   48.2071   -3.01165   3807  
277.9075   1.1453       0.00768338   -0.0721154   -32.6298   48.2072   -3.01163   379   
278.3098   1.16241      0.00908893   -0.0756734   -31.8152   48.2073   -3.0116    3798  
278.9734   1.19057      0.0084295    -0.0764251   -30.4214   48.2075   -3.01157   3803  
279.3761   1.20815      0.00843006   -0.0769495   -29.6014   48.2076   -3.01154   3804  
279.9993   1.23602      0.00987942   -0.0773377   -28.3722   48.2077   -3.01151   3797  
280.4017   1.25634      0.00927746   -0.0761455   -27.5481   48.2078   -3.01149   3803  
280.8243   1.28426      0.0108482    -0.0765418   -26.6462   48.2079   -3.01147   3802  
281.4286   1.32193      0.0127777    -0.0787386   -25.5019   48.208    -3.01143   3803  
281.8908   1.35528      0.0138427    -0.0784851   -24.5172   48.2081   -3.01141   3804  
282.4947   1.40596      0.0159657    -0.0731676   -23.279    48.2083   -3.01137   3800  
282.8967   1.44625      0.0175845    -0.0725791   -22.3764   48.2084   -3.01135   3798  
283.5208   1.51034      0.0208064    -0.0723403   -21.0651   48.2085   -3.01131   3804  
283.9229   1.55178      0.0218927    -0.0724979   -20.2468   48.2086   -3.01129   3798  
284.546    1.61552      0.0226792    -0.0716842   -19.0204   48.2088   -3.01126   3805  
284.9485   1.65805      0.0240832    -0.0710107   -18.2039   48.2089   -3.01123   3798  
285.411    1.704        0.0259509    -0.0713193   -17.3083   48.209    -3.01121   3800  
286.0145   1.76635      0.0276051    -0.0724819   -16.0057   48.2092   -3.01117   794   
286.4369   1.80301      0.0285912    -0.0717135   -15.1899   48.2093   -3.01114   3792  
287.04     1.85422      0.0289599    -0.0726046   -13.8867   48.2094   -3.01111   3799  
287.4621   1.87971      0.0292863    -0.0733751   -13.1553   48.2095   -3.01108   3804  
288.0654   1.91871      0.0308808    -0.0747799   -11.8572   48.2097   -3.01104   3792  
288.5283   1.9372       0.031462     -0.0775706   -11.1292   48.2098   -3.01102   3     
288.9305   1.96186      0.0305719    -0.0772041   -10.0718   48.2099   -3.01099   3792  
289.5339   1.98694      0.0324091    -0.0796091   -8.85927   48.21     -3.01095   3806  
289.9559   2.00168      0.0314384    -0.0814048   -8.04911   48.2101   -3.01092   3800  
290.5593   2.02068      0.0317909    -0.0791834   -6.82678   48.2103   -3.01088   3781  
290.9816   2.03231      0.0311437    -0.0786819   -5.93166   48.2104   -3.01086   378   
291.585    2.04624      0.0308993    -0.0799183   -4.71339   48.2106   -3.01082   3785  
292.0472   2.05516      0.0304386    -0.0795233   -3.81722   48.2107   -3.01079   3795  
292.4492   2.06104      0.0304449    -0.0793758   -3.08351   48.2108   -3.01076   3785  
293.0731   2.07093      0.0302003    -0.0791389   -1.69627   48.2109   -3.01071   3788  
293.4753   2.07437      0.0297938    -0.0793534   -0.881887  48.2111   -3.01069   3773  
294.0984   2.07997      0.0295734    -0.0801132   0.339459   48.2112   -3.01064   3775  
294.5005   2.082        0.0287905    -0.0794657   1.15711    48.2113   -3.01061   3765  
295.1644   2.08411      0.0282031    -0.0802585   2.46272    48.2115   -3.01057   3772  
295.5673   2.08465      0.0278373    -0.079546    3.44624    48.2116   -3.01053   3779  
295.9695   2.08459      0.0277697    -0.0790712   4.26707    48.2117   -3.0105    3763  
296.5927   2.08413      0.0271198    -0.0791184   5.49614    48.2119   -3.01046   3763  
296.9956   2.08277      0.0270465    -0.07987     6.39867    48.212    -3.01042   3761  
297.6194   2.07991      0.0267076    -0.0791863   7.63364    48.2122   -3.01038   3775  
298.0217   2.07759      0.0263493    -0.0797065   8.45611    48.2123   -3.01035   3771  
298.4844   2.07611      0.0259726    -0.0808987   9.27837    48.2124   -3.01032   3755  
299.0882   2.07266      0.0260307    -0.0817189   10.68      48.2126   -3.01026   3764  
299.7115   2.06856      0.0248553    -0.0805728   11.838     48.2127   -3.01022   3750  
300.1136   2.06464      0.0244781    -0.081706    12.7469    48.2129   -3.01018   3765  
300.737    2.06006      0.0236033    -0.0816133   14.0733    48.2131   -3.01013   3772  
301.1393   2.05787      0.0244379    -0.0823613   14.9017    48.2132   -3.01009   3757  
301.5416   2.05653      0.024904     -0.0818596   15.733     48.2133   -3.01006   755   
302.2051   2.05757      0.0241181    -0.081439    17.0668    48.2135   -3.01      3758  
302.6071   2.05962      0.024447     -0.0822019   17.8996    48.2136   -3.00997   3758  
303.0295   2.06505      0.0243254    -0.0810531   18.8179    48.2137   -3.00993   3758  
303.6327   2.07381      0.0243444    -0.0828371   20.0708    48.2139   -3.00987   3768  
304.0549   2.08098      0.0246628    -0.0836149   20.9909    48.214    -3.00983   4     
304.6584   2.09226      0.0251821    -0.0836139   22.252     48.2142   -3.00977   3777  
305.1216   2.0983       0.0249226    -0.084422    23.0919    48.2143   -3.00974   3788  
305.7256   2.10528      0.0254776    -0.086031    24.4391    48.2145   -3.00967   3798  
306.1281   2.10798      0.0241764    -0.0850176   25.2016    48.2146   -3.00964   3823  
306.5504   2.10711      0.0230512    -0.0865646   26.3021    48.2148   -3.00959   3810  
307.1537   2.10247      0.0232567    -0.0865457   27.576     48.215    -3.00952   3831  
307.5761   2.09658      0.0234297    -0.0863706   28.4289    48.2151   -3.00948   3830  
308.1792   2.08219      0.0216818    -0.0878685   29.7081    48.2153   -3.00942   3830  
308.6418   2.0662       0.0206428    -0.0881878   30.7342    48.2154   -3.00937   3842  
309.2452   2.04085      0.0193226    -0.0885709   32.0182    48.2156   -3.0093    3834  
309.6681   2.02058      0.0180588    -0.0877726   32.8776    48.2157   -3.00926   3848  
310.272    1.98511      0.0161358    -0.0885396   34.1689    48.2159   -3.00919   3842  
310.6945   1.95701      0.0148416    -0.0878396   35.1206    48.216    -3.00914   3846  
311.0971   1.92998      0.0137773    -0.0880027   35.9884    48.2162   -3.00909   3864  
311.761    1.893        0.0118751    -0.0874157   37.2088    48.2163   -3.00902   3854  
312.1633   1.8614       0.0102146    -0.0872335   38.2593    48.2165   -3.00897   876   
312.7667   1.82554      0.00897195   -0.0866904   39.4885    48.2167   -3.00889   3868  
313.1892   1.79853      0.00850339   -0.0860384   40.5476    48.2168   -3.00883   3872  
313.7925   1.76816      0.00744985   -0.0855321   41.8769    48.217    -3.00876   3867  
314.2146   1.75043      0.00592435   -0.0865203   42.7646    48.2172   -3.0087    3885  
314.8182   1.72632      0.00506886   -0.085687    44.1019    48.2174   -3.00862   3     
315.281    1.71065      0.00487894   -0.0860094   45.2628    48.2175   -3.00855   3886  
315.6833   1.69888      0.00372447   -0.0867961   46.1587    48.2177   -3.00849   3887  
316.3064   1.68042      0.00344854   -0.0874716   47.5049    48.2178   -3.00841   3895  
316.7087   1.67044      0.00310477   -0.0863584   48.4077    48.218    -3.00835   3909  
317.332    1.65308      0.00210604   -0.0884235   49.8507    48.2182   -3.00825   3918  
317.735    1.64323      0.00142554   -0.0879139   50.6671    48.2183   -3.0082    3921  
318.3985   1.62578      0.000223708  -0.0844337   52.1266    48.2185   -3.0081    3960  
318.8006   1.61241      -0.000431937 -0.0828142   53.2237    48.2187   -3.00803   4047  
319.2032   1.60056      -0.00133269  -0.0824604   54.1382    48.2188   -3.00796   4056  
319.8266   1.583        -0.00162565  -0.082182    55.5104    48.219    -3.00787   4059  
320.2288   1.56951      -0.00242921  -0.0812999   56.4295    48.2192   -3.0078    3999  
320.8529   1.54758      -0.00269565  -0.0817551   57.8999    48.2194   -3.0077    4048  
321.2552   1.53187      -0.00464979  -0.0811582   58.8222    48.2195   -3.00763   4064  
321.7179   1.51553      -0.00536627  -0.0817008   59.7432    48.2196   -3.00756   4080  
322.3217   1.48791      -0.00664144  -0.0793626   61.2264    48.2199   -3.00745   4077  
322.724    1.46971      -0.00788602  -0.0784628   62.1551    48.22     -3.00738   4080  
323.3474   1.43828      -0.00863045  -0.0808747   63.6372    48.2202   -3.00727   4077  
323.7497   1.41831      -0.0111775   -0.0801414   64.4756    48.2203   -3.0072    4085  
324.3731   1.37963      -0.0121563   -0.0804016   65.9671    48.2205   -3.00709   4095  
324.7757   1.35178      -0.0139843   -0.0773695   66.9051    48.2207   -3.00702   4100  
325.2379   1.32074      -0.0136527   -0.0786283   68.0247    48.2208   -3.00693   100   
325.8414   1.28139      -0.0142488   -0.0779894   69.4297    48.221    -3.00682   4099  
326.2637   1.25186      -0.0153973   -0.0762534   70.4646    48.2212   -3.00673   4107  
326.8672   1.21235      -0.0179175   -0.0739173   71.9719    48.2214   -3.00661   4048  
327.2894   1.18571      -0.0179329   -0.0747666   72.9104    48.2216   -3.00654   4030  
327.8927   1.14821      -0.0178773   -0.074061    74.3232    48.2218   -3.00642   2     
328.3554   1.12386      -0.0189053   -0.0724335   75.2691    48.2219   -3.00635   4017  
328.7576   1.09938      -0.0189594   -0.0697376   76.3115    48.2221   -3.00626   4014  
329.3616   1.06831      -0.0200535   -0.0677605   77.8333    48.2223   -3.00614   4044  
329.7836   1.05274      -0.0210365   -0.0663313   78.6913    48.2224   -3.00607   4001  
330.387    1.02947      -0.020854    -0.0667981   80.2151    48.2226   -3.00594   4020  
330.8093   1.01798      -0.0209264   -0.0676344   81.1699    48.2228   -3.00587   3913  
331.4128   1.00383      -0.0225224   -0.0661993   82.7061    48.223    -3.00574   3886  
331.8756   0.997252     -0.0216334   -0.0678004   83.7608    48.2232   -3.00565   3898  
332.278    0.992967     -0.0220066   -0.0667037   84.7258    48.2233   -3.00557   3892  
332.9011   0.990598     -0.0217193   -0.0674762   86.2705    48.2235   -3.00544   3894  
333.3035   0.991378     -0.0219046   -0.0673357   87.2396    48.2237   -3.00536   3800  
333.9269   0.995562     -0.0220026   -0.0679216   88.6951    48.2239   -3.00524   3770  
334.3292   1.00067      -0.0209345   -0.0680565   89.6674    48.224    -3.00516   3863  
334.9926   1.01152      -0.0215687   -0.0686953   91.2281    48.2243   -3.00503   3742  
335.395    1.02075      -0.0212045   -0.0701344   92.3007    48.2244   -3.00494   3729  
335.9987   1.03573      -0.0203851   -0.0707423   93.7665    48.2247   -3.00481   3735  
336.4213   1.05042      -0.0206377   -0.0708072   94.8451    48.2248   -3.00472   3703  
336.8236   1.06225      -0.0211518   -0.0715691   95.7279    48.2249   -3.00465   3694  
337.4471   1.08077      -0.01934     -0.0742542   97.2973    48.2252   -3.00451   3723  
337.8493   1.09179      -0.0198407   -0.0727642   98.3821    48.2253   -3.00442   3690  
338.5131   1.10799      -0.0196708   -0.0731892   99.961     48.2256   -3.00428   688   
338.9152   1.1173       0.0117615    -0.0495859   100.957    48.2257   -3.0042    3691  
339.5385   1.12683      0.0170223    -0.0429916   102.445    48.226    -3.00407   3668  
339.941    1.13504      0.0170408    -0.0404225   103.539    48.2261   -3.00397   3674  
340.5647   1.14532      0.0166758    -0.044442    105.118    48.2264   -3.00384   3650  
340.9669   1.14989      0.0163653    -0.0493479   106.102    48.2265   -3.00375   6     
341.3694   1.15327      0.0164501    -0.0496884   107.094    48.2267   -3.00366   3667  
342.033    1.15498      0.0156812    -0.0487496   108.684    48.2269   -3.00352   3652  
342.4359   1.1539       0.0164784    -0.0488461   109.676    48.2271   -3.00344   3633  
343.0592   1.1496       0.0166561    -0.0502554   111.265    48.2273   -3.0033    3662  
343.4619   1.14517      0.0162265    -0.0499692   112.16     48.2274   -3.00322   0     
343.8844   1.13945      0.0155063    -0.0479874   113.357    48.2276   -3.00312   3656  
344.4878   1.13265      0.0151966    -0.0489629   114.749    48.2278   -3.003     3597  
344.9502   1.12601      0.0159247    -0.0510498   115.842    48.228    -3.0029    3647  
345.5536   1.11388      0.015597     -0.0499681   117.438    48.2282   -3.00277   3666  
345.9559   1.10704      0.0148557    -0.047839    118.439    48.2284   -3.00268   3419  
346.5796   1.09432      0.0163238    -0.0480739   120.036    48.2286   -3.00254   3415  
346.9818   1.08646      0.0166576    -0.0425769   121.043    48.2288   -3.00246   3544  
347.6051   1.07661      0.0176401    -0.0407329   122.548    48.229    -3.00233   3403  
348.0075   1.07062      0.016063     -0.0425563   123.549    48.2292   -3.00224   3423  
348.4698   1.06558      0.0163943    -0.0410344   124.656    48.2293   -3.00215   102   
349.0733   1.06555      0.0172264    -0.0404702   126.263    48.2296   -3.00201   3335  
349.4955   1.06954      0.0160417    -0.0364965   127.273    48.2297   -3.00192   3337  
350.099    1.08399      0.0165156    -0.0401305   128.778    48.2299   -3.00179   3309  
350.5212   1.09846      0.0163184    -0.0389565   129.889    48.2301   -3.0017    3285  
351.1247   1.13056      0.0162628    -0.0429411   131.396    48.2303   -3.00157   3309  
351.5873   1.15313      0.0157162    -0.0446666   132.403    48.2305   -3.00149   3273  
351.9896   1.18858      0.0159517    -0.0467286   133.612    48.2307   -3.00138   3289  
352.5931   1.24121      0.0160188    -0.0466652   135.129    48.2309   -3.00125   3279  
353.0154   1.28482      0.0161431    -0.0459255   136.243    48.231    -3.00116   3337  
353.6193   1.34743      0.0177625    -0.0435651   137.663    48.2313   -3.00104   3203  
354.0416   1.40534      0.0186569    -0.044307    138.877    48.2314   -3.00094   0     
354.6453   1.48022      0.0179395    -0.0473027   140.395    48.2317   -3.00081   3241  
355.108    1.53253      0.0189127    -0.0515508   141.504    48.2318   -3.00071   3230  
355.5107   1.57144      0.019755     -0.0520681   142.416    48.232    -3.00064   3170  
356.1343   1.63288      0.0170938    -0.0525251   144.144    48.2322   -3.00049   3162  
356.5367   1.65754      0.016532     -0.0568202   145.154    48.2324   -3.0004    319   
357.1603   1.67681      0.0168695    -0.0566114   146.681    48.2326   -3.00027   3178  
357.5628   1.67719      0.0154021    -0.0555237   147.703    48.2327   -3.00019   0     
358.2265   1.66223      0.0141204    -0.0538702   149.234    48.233    -3.00006   3185  
358.6286   1.63495      0.0143776    -0.0561756   150.454    48.2331   -2.99995   3102  
359.0309   1.60678      0.014053     -0.0554772   151.474    48.2333   -2.99987   3085  
359.6547   1.55359      0.0143001    -0.0541684   153.008    48.2335   -2.99974   3135  
360.0574   1.51196      0.0139762    -0.0525208   154.032    48.2337   -2.99965   3008  
360.6808   1.43538      0.0137231    -0.0530821   155.769    48.2339   -2.9995    0     
361.0829   1.3825       0.0145876    -0.0534434   156.689    48.234    -2.99942   2898  
361.5454   1.32497      0.0144287    -0.0552416   157.813    48.2342   -2.99932   3044  
362.1489   1.2211       0.0156152    -0.0531432   159.559    48.2345   -2.99917   2930  
362.5511   1.15766      0.0166613    -0.0509584   160.587    48.2346   -2.99909   2890  
363.1742   1.05636      0.0158893    -0.0510508   162.127    48.2348   -2.99896   2947  
363.5765   0.986144     0.0170775    -0.0503854   163.155    48.235    -2.99887   2951  
364.1999   0.870848     0.0170801    -0.0509356   164.8      48.2352   -2.99873   2873  
364.6022   0.796262     0.017407     -0.0506262   165.828    48.2354   -2.99864   774   
365.2659   0.673687     0.0202401    -0.0545101   167.469    48.2356   -2.9985    2769  
365.6683   0.59766      0.0201655    -0.0465301   168.511    48.2358   -2.99842   2728  
366.0907   0.516016     0.0190961    -0.0445317   169.648    48.2359   -2.99832   2703  
366.6946   0.405091     0.0230344    -0.0491354   171.182    48.2361   -2.9982    2728  
367.1168   0.331555     0.0238443    -0.0475386   172.216    48.2363   -2.99811   6     
367.7207   0.221933     0.025323     -0.0433124   173.766    48.2365   -2.99798   0     
368.1833   0.149327     0.0256071    -0.0458103   174.792    48.2367   -2.9979    2642  
368.787    0.02814      0.0257177    -0.0456263   176.544    48.2369   -2.99776   0     
369.1892   -0.043224    0.0257371    -0.0462244   177.574    48.2371   -2.99767   2617  
369.8126   -0.15007     0.0270754    -0.046448    179.12     48.2373   -2.99755   0     
370.2148   -0.219757    0.0268233    -0.0468867   180.152    48.2374   -2.99746   2677  
370.637    -0.300813    0.027252     -0.0483337   181.286    48.2376   -2.99737   2658  
371.2407   -0.402882    0.0261107    -0.0543213   182.824    48.2378   -2.99725   2605  
371.703    -0.483448    0.0254572    -0.0547586   184.063    48.238    -2.99715   2561  
372.3062   -0.587301    0.0266989    -0.0576494   185.605    48.2382   -2.99703   2546  
372.7287   -0.657665    0.0280047    -0.0572472   186.636    48.2384   -2.99695   0     
373.3321   -0.764171    0.0281154    -0.0562919   188.292    48.2386   -2.99682   0     
373.7549   -0.841737    0.0269452    -0.0560854   189.431    48.2388   -2.99673   2616  
374.1577   -0.910406    0.0270548    -0.0564756   190.466    48.2389   -2.99665   0     
374.8212   -1.00941     0.0278215    -0.054877    192.022    48.2392   -2.99653   2577  
375.2235   -1.07806     0.0277216    -0.0549897   193.163    48.2393   -2.99644   2558  
375.827    -1.16692     0.0294257    -0.0526151   194.722    48.2396   -2.99632   0     
376.2495   -1.2263      0.0307033    -0.0479853   195.869    48.2397   -2.99623   2545  
376.8528   -1.29972     0.028928     -0.0475978   197.428    48.2399   -2.99611   0     
377.2751   -1.34332     0.0291158    -0.0449669   198.47     48.2401   -2.99603   0     
377.8785   -1.40133     0.0290176    -0.0445839   200.027    48.2403   -2.99591   2622  
378.3415   -1.4416      0.0290277    -0.0449781   201.271    48.2405   -2.99581   2592  
378.7437   -1.47063     0.0286504    -0.0437608   202.31     48.2406   -2.99573   2596  
379.3668   -1.50504     0.0290068    -0.0463105   203.862    48.2409   -2.99561   0     
379.7694   -1.52354     0.0287869    -0.0499801   204.894    48.241    -2.99553   0     
380.3931   -1.54591     0.0265879    -0.0522855   206.555    48.2413   -2.99541   693   
380.7956   -1.55542     0.0270214    -0.0514654   207.595    48.2414   -2.99533   2657  
381.4593   -1.56197     0.0282392    -0.0504694   209.049    48.2416   -2.99522   2663  
381.8614   -1.56111     0.0277621    -0.0505385   210.4      48.2418   -2.99511   0     
382.264    -1.55601     0.0261764    -0.0511067   211.441    48.2419   -2.99503   2699  
382.8872   -1.54161     0.0272743    -0.0514541   213.101    48.2422   -2.99491   273   
383.2896   -1.52802     0.0277818    -0.0506123   214.14     48.2423   -2.99483   2775  
383.9126   -1.4995      0.0267774    -0.0484657   215.804    48.2426   -2.9947    2781  
384.3152   -1.4792      0.0268726    -0.0495989   216.839    48.2427   -2.99462   2783  
384.7776   -1.45845     0.0269692    -0.0518479   217.769    48.2428   -2.99455   0     
385.3809   -1.4147      0.0271406    -0.0504721   219.532    48.2431   -2.99441   0     
385.7834   -1.38617     0.0266384    -0.0499471   220.569    48.2432   -2.99433   2785  
386.407    -1.33527     0.0266846    -0.0485155   222.227    48.2435   -2.99421   0     
386.8094   -1.30079     0.0258219    -0.0491354   223.261    48.2436   -2.99413   2776  
387.4327   -1.24395     0.0267662    -0.0492267   224.812    48.2438   -2.99401   2885  
387.8352   -1.20505     0.0270753    -0.0495166   225.847    48.244    -2.99393   0     
388.298    -1.1555      0.0266507    -0.0502034   227.088    48.2442   -2.99384   0     
388.9013   -1.09119     0.0268794    -0.0498248   228.641    48.2444   -2.99372   2839  
389.3236   -1.04729     0.0264439    -0.0495352   229.678    48.2445   -2.99364   0     
389.9276   -0.978975    0.0258181    -0.0487001   231.234    48.2447   -2.99352   0     
390.35     -0.926553    0.0264971    -0.0489575   232.372    48.2449   -2.99343   2993  
390.9535   -0.853801    0.0264242    -0.0488796   233.926    48.2451   -2.99331   0     
391.416    -0.804521    0.0260603    -0.0492693   234.962    48.2453   -2.99323   2983  
391.8186   -0.743533    0.0262963    -0.0490733   236.205    48.2455   -2.99314   2964  
392.4221   -0.66336     0.0256393    -0.0496064   237.759    48.2457   -2.99302   0     
392.8447   -0.612448    0.0259511    -0.0495797   238.795    48.2458   -2.99294   3036  
393.4483   -0.536497    0.0255517    -0.0488666   240.35     48.246    -2.99282   2997  
393.8706   -0.48042     0.0252133    -0.0480553   241.492    48.2462   -2.99273   3101  
394.474    -0.403962    0.0253327    -0.0480744   243.15     48.2464   -2.9926    2981  
394.9364   -0.3499      0.0252154    -0.0478103   244.188    48.2466   -2.99252   0     
395.5402   -0.282555    0.0255303    -0.0518268   245.737    48.2468   -2.9924    3121  
395.9627   -0.239073    0.0256884    -0.0513444   246.983    48.247    -2.99231   96    
396.3649   -0.203322    0.024714     -0.045965    248.029    48.2471   -2.99222   3024  
396.9883   -0.158791    0.0251354    -0.0461381   249.585    48.2474   -2.9921    0     
397.3908   -0.135118    0.0245391    -0.0454162   250.623    48.2475   -2.99202   0     
398.0547   -0.109187    0.0219509    -0.0402413   252.19     48.2477   -2.9919    3027  
398.4571   -0.0936278   0.0220702    -0.0373725   253.438    48.2479   -2.9918    0     
399.0607   -0.086823    0.020203     -0.0517359   254.874    48.2481   -2.99169   3184  
399.4831   -0.0903519   0.0202388    -0.049475    256.021    48.2483   -2.9916    3033  
399.8853   -0.0998917   0.0208819    -0.0437069   257.172    48.2484   -2.99151   0     
400.5086   -0.122239    0.0200691    -0.0475486   258.624    48.2487   -2.99139   0     
400.9108   -0.145211    0.0188216    -0.0510906   259.766    48.2488   -2.9913    3072  
401.5744   -0.187662    0.0184597    -0.0477166   261.541    48.2491   -2.99116   0     
401.9766   -0.217665    0.0183155    -0.0503467   262.577    48.2492   -2.99108   3074  
402.6001   -0.265849    0.0163232    -0.0414702   264.155    48.2495   -2.99096   3047  
403.0027   -0.301784    0.0170048    -0.0435603   265.194    48.2496   -2.99087   3062  
403.6262   -0.367741    0.0175808    -0.0420739   266.864    48.2498   -2.99074   0     
404.0281   -0.398565    0.0177115    -0.035651    267.815    48.25     -2.99067   3165  
404.4306   -0.444224    0.0177816    -0.0338775   268.967    48.2501   -2.99058   3082  
405.0943   -0.495659    0.0180359    -0.0336265   270.536    48.2504   -2.99045   3162  
405.4964   -0.527423    0.0177174    -0.0327968   271.792    48.2505   -2.99036   3023  
406.1195   -0.564373    0.0182839    -0.0333304   273.361    48.2508   -2.99023   0     
406.5221   -0.587217    0.018027     -0.0318463   274.41     48.2509   -2.99015   3060  
407.1455   -0.614022    0.0190039    -0.033605    275.876    48.2511   -2.99004   3030  
407.5479   -0.625345    0.0181912    -0.0348898   277.029    48.2513   -2.98995   2992  
408.0104   -0.635724    0.0193605    -0.0363877   278.181    48.2515   -2.98986   3021  
408.6141   -0.645689    0.0186956    -0.0382757   279.964    48.2517   -2.98972   3025  
409.0164   -0.64736     0.0184088    -0.040928    281.013    48.2519   -2.98963   53    
409.6401   -0.645224    0.0193239    -0.0415162   282.695    48.2521   -2.9895    3056  
410.0425   -0.64164     0.0190368    -0.0419486   283.643    48.2522   -2.98943   3044  
410.6664   -0.630753    0.0201046    -0.0436233   285.326    48.2525   -2.9893    3012  
411.0688   -0.622592    0.0207561    -0.0398321   286.28     48.2526   -2.98922   0     
411.5313   -0.609717    0.0192234    -0.0370524   287.551    48.2528   -2.98913   0     
412.1348   -0.5895      0.0199931    -0.0378123   289.239    48.253    -2.989     3092  
412.5572   -0.576814    0.0199457    -0.0366684   290.19     48.2532   -2.98892   0     
413.1605   -0.551531    0.019175     -0.0382957   291.881    48.2534   -2.98879   3117  
413.5829   -0.531702    0.0194366    -0.0365021   293.047    48.2536   -2.9887    3160  
414.1863   -0.501992    0.0196332    -0.0365037   294.634    48.2538   -2.98858   0     
414.6494   -0.481423    0.0192019    -0.037336    295.693    48.2539   -2.98849   0     
415.0515   -0.454829    0.019636     -0.0379154   296.857    48.2541   -2.9884    3104  
415.655    -0.420681    0.0196725    -0.0391431   298.444    48.2543   -2.98828   3080  
416.0771   -0.396644    0.0191912    -0.0382005   299.507    48.2545   -2.9882    0     
416.6805   -0.359777    0.0186712    -0.0402321   301.308    48.2547   -2.98806   3220  
417.1026   -0.341652    0.0190577    -0.0390976   302.264    48.2549   -2.98798   0     
417.7059   -0.315039    0.0179675    -0.035658    303.97     48.2551   -2.98785   3092  
418.1686   -0.302284    0.0176511    -0.0371836   305.244    48.2553   -2.98775   3133  
418.5717   -0.295542    0.0173238    -0.0379486   306.199    48.2554   -2.98767   3158  
419.1952   -0.293697    0.0162953    -0.0369846   308.01     48.2557   -2.98753   2966  
419.5977   -0.298224    0.015714     -0.0371549   309.076    48.2558   -2.98745   3093  
420.2213   -0.309731    0.015509     -0.037757    310.672    48.256    -2.98732   0     
420.6239   -0.322117    0.0161838    -0.0414408   311.731    48.2562   -2.98724   0     
421.2879   -0.348137    0.0150308    -0.0375745   313.337    48.2564   -2.98711   3006  
421.6902   -0.373692    0.0156738    -0.0370381   314.617    48.2566   -2.98701   3076  
422.0924   -0.397081    0.0154982    -0.0380142   315.574    48.2567   -2.98694   0     
422.7159   -0.44368     0.0147686    -0.0382776   317.281    48.257    -2.9868    0     
423.1185   -0.473643    0.0152048    -0.0374865   318.242    48.2571   -2.98673   2945  
423.7421   -0.534312    0.0137373    -0.0391645   320.058    48.2574   -2.98659   0     
424.1446   -0.569445    0.0140151    -0.0391304   321.02     48.2575   -2.98651   0     
424.6075   -0.614229    0.0157031    -0.0391502   322.196    48.2577   -2.98642   8     
425.2108   -0.684089    0.0146656    -0.0390148   323.911    48.2579   -2.98629   2991  
425.8343   -0.756957    0.0164215    -0.0404294   325.624    48.2581   -2.98615   2950  
426.2365   -0.805602    0.0168317    -0.041069    326.696    48.2583   -2.98607   2976  
426.8596   -0.871584    0.0171792    -0.0408109   328.414    48.2585   -2.98594   0     
427.2616   -0.91074     0.0185149    -0.0435087   329.484    48.2587   -2.98585   304   
427.6637   -0.949154    0.0188717    -0.0467822   330.552    48.2588   -2.98577   3120  
428.3272   -1.00487     0.0188622    -0.046213    332.272    48.2591   -2.98564   0     
428.7296   -1.036       0.0203957    -0.0455241   333.346    48.2592   -2.98555   3022  
429.1515   -1.06747     0.0204278    -0.0446223   334.42     48.2594   -2.98547   2995  
429.7548   -1.10542     0.0202424    -0.0476135   336.245    48.2596   -2.98533   0     
430.1771   -1.12702     0.0212706    -0.0479939   337.32     48.2598   -2.98525   0     
430.7809   -1.16063     0.0218116    -0.0459742   338.937    48.26     -2.98512   3003  
431.2432   -1.17734     0.0216388    -0.0454478   339.907    48.2601   -2.98505   3106  
431.8465   -1.20781     0.0223296    -0.04054     341.851    48.2604   -2.9849    3129  
432.2489   -1.22211     0.0225707    -0.0405958   342.928    48.2605   -2.98481   3078  
432.8722   -1.24036     0.0222272    -0.0404336   344.544    48.2607   -2.98469   3138  
433.2745   -1.2497      0.0216016    -0.0405598   345.622    48.2609   -2.98461   3151  
433.697    -1.25838     0.0232104    -0.0422048   346.803    48.2611   -2.98451   3037  
434.3004   -1.26716     0.0222455    -0.0424903   348.419    48.2613   -2.98439   3158  
434.7632   -1.27086     0.0217329    -0.0437435   349.605    48.2614   -2.9843    0     
435.3667   -1.2728      0.022754     -0.0443302   351.218    48.2617   -2.98417   0     
435.789    -1.27271     0.0223285    -0.0478728   352.398    48.2618   -2.98408   0     
436.3927   -1.27181     0.0220087    -0.0524827   354.008    48.262    -2.98396   3061  
436.815    -1.26888     0.0229637    -0.0532569   355.191    48.2622   -2.98386   0     
437.2174   -1.26504     0.0219741    -0.0512093   356.272    48.2623   -2.98378   3219  
437.8813   -1.25795     0.0215617    -0.0506161   357.781    48.2625   -2.98366   0     
438.2836   -1.25174     0.0215644    -0.0516474   359.072    48.2627   -2.98356   3178  
438.8869   -1.24161     0.0216436    -0.0528395   360.687    48.2629   -2.98344   3155  
439.3093   -1.23273     0.0210032    -0.0533493   361.872    48.2631   -2.98335   0     
439.9133   -1.22139     0.0216622    -0.0523708   363.384    48.2633   -2.98323   3154  
440.3354   -1.21203     0.0218397    -0.0514341   364.57     48.2635   -2.98314   0     
440.9391   -1.19951     0.0208962    -0.0503986   366.192    48.2637   -2.98301   0     
441.4016   -1.1916      0.0217752    -0.0498075   367.597    48.2639   -2.9829    3141  
441.8039   -1.18733     0.0228938    -0.0516416   368.675    48.264    -2.98282   3147  
442.4273   -1.18114     0.020873     -0.0439521   370.311    48.2642   -2.98269   3189  
442.8298   -1.17832     0.0206095    -0.0364898   371.405    48.2644   -2.98261   0     
443.4534   -1.17813     0.0210286    -0.0432579   373.129    48.2646   -2.98247   3198  
443.8558   -1.17867     0.0205843    -0.043071    374.214    48.2648   -2.98239   0     
444.5196   -1.18243     0.0193744    -0.0432504   375.841    48.265    -2.98226   0     
444.9223   -1.18781     0.0195402    -0.043277    377.034    48.2651   -2.98217   0     
445.3247   -1.19483     0.0189391    -0.0424287   378.23     48.2653   -2.98208   3194  
445.9481   -1.20696     0.0192032    -0.0433179   379.857    48.2655   -2.98195   3402  
446.3505   -1.21665     0.0194097    -0.0463133   380.939    48.2657   -2.98187   3316  
446.974    -1.23596     0.019583     -0.0495681   382.673    48.2659   -2.98173   3340  
447.3766   -1.24887     0.018785     -0.0501427   383.759    48.266    -2.98165   3320  
447.8394   -1.26286     0.0186466    -0.0528129   384.845    48.2662   -2.98156   3321  
448.4426   -1.28481     0.0184594    -0.0520954   386.589    48.2664   -2.98143   3358  
448.8456   -1.29806     0.0180176    -0.0512709   387.681    48.2666   -2.98134   3406  
449.4691   -1.32063     0.0186712    -0.0532087   389.426    48.2668   -2.98121   0     
449.8715   -1.33373     0.0180683    -0.0529049   390.518    48.267    -2.98112   3474  
450.4948   -1.35206     0.0184315    -0.0523866   392.16     48.2672   -2.981     3514  
450.8971   -1.36441     0.0183273    -0.0525714   393.253    48.2673   -2.98091   3490  
451.5616   -1.3835      0.0185872    -0.0524759   395.005    48.2675   -2.98077   0     
451.9636   -1.39635     0.0184208    -0.0493103   396.324    48.2677   -2.98067   3477  
452.386    -1.40818     0.0189029    -0.0452361   397.424    48.2679   -2.98059   3593  
452.9893   -1.42523     0.0186341    -0.0423607   399.074    48.2681   -2.98046   3592  
453.412    -1.43545     0.0186776    -0.0422914   400.281    48.2682   -2.98037   601   
454.0155   -1.44794     0.0191623    -0.0429614   401.925    48.2685   -2.98024   3602  
454.4783   -1.45551     0.0187804    -0.0422283   403.024    48.2686   -2.98015   3560  
454.8805   -1.46394     0.018491     -0.0432905   404.343    48.2688   -2.98005   3638  
455.484    -1.47185     0.0188481    -0.0460687   405.985    48.269    -2.97992   3639  
455.9059   -1.47807     0.0187414    -0.0524287   407.074    48.2691   -2.97984   9     
456.5098   -1.48651     0.0182251    -0.0536258   408.722    48.2694   -2.97971   3628  
456.9323   -1.4918      0.018576     -0.0527241   409.934    48.2695   -2.97961   3629  
457.5358   -1.49877     0.0183284    -0.0546541   411.583    48.2697   -2.97949   3655  
457.9981   -1.50338     0.0181225    -0.0547135   412.795    48.2699   -2.97939   3645  
458.6016   -1.50902     0.0175903    -0.0544669   414.339    48.2701   -2.97927   3703  
459.0243   -1.51369     0.0182811    -0.0542656   415.66     48.2703   -2.97917   3707  
459.4267   -1.5177      0.0189591    -0.0523098   416.764    48.2704   -2.97908   3701  
460.0499   -1.52374     0.0183785    -0.0465058   418.427    48.2706   -2.97895   3710  
460.452    -1.52689     0.0188008    -0.0425786   419.534    48.2708   -2.97887   3722  
461.1155   -1.52926     0.0176255    -0.0438869   421.189    48.271    -2.97874   3705  
461.5178   -1.53101     0.018345     -0.0445782   422.512    48.2712   -2.97863   3733  
462.1213   -1.53115     0.018234     -0.0436453   424.167    48.2714   -2.9785    3737  
462.5439   -1.53146     0.0181329    -0.0449677   425.27     48.2715   -2.97842   3744  
463.1473   -1.52885     0.0187676    -0.0457639   426.923    48.2717   -2.97829   3728  
463.5696   -1.52707     0.0189673    -0.0526171   428.236    48.2719   -2.97818   3723  
463.9718   -1.52701     0.0179232    -0.0557541   429.337    48.272    -2.9781    3739  
464.6355   -1.52597     0.0180113    -0.0548514   431.216    48.2723   -2.97795   3739  
465.0378   -1.52617     0.018261     -0.0556634   432.319    48.2724   -2.97786   3759  
465.6612   -1.52672     0.01712      -0.054665    433.978    48.2726   -2.97773   3743  
466.0635   -1.52868     0.0173678    -0.0541626   435.085    48.2728   -2.97764   3751  
466.6875   -1.53245     0.0174364    -0.0528963   436.856    48.273    -2.97751   740   
467.0901   -1.53699     0.0175151    -0.0501077   437.967    48.2732   -2.97742   3747  
467.4927   -1.54132     0.0178058    -0.0449168   439.082    48.2733   -2.97733   3740  
468.1567   -1.54659     0.0173611    -0.0418674   440.86     48.2735   -2.97719   3751  
468.5591   -1.54966     0.017231     -0.0415777   441.969    48.2737   -2.97711   3767  
469.1824   -1.55407     0.0171175    -0.0449232   443.742    48.2739   -2.97697   6     
469.5845   -1.5553      0.0181815    -0.0505128   444.732    48.274    -2.97689   3749  
470.2079   -1.55544     0.0189906    -0.0541531   446.501    48.2743   -2.97675   3746  
470.6113   -1.55579     0.0186278    -0.0562543   447.609    48.2744   -2.97666   3758  
471.0737   -1.55576     0.0192769    -0.0563159   448.719    48.2745   -2.97657   3753  
471.678    -1.55529     0.0185339    -0.0573996   450.604    48.2748   -2.97642   3755  
472.0808   -1.55499     0.0181526    -0.0569751   451.714    48.2749   -2.97634   3751  
472.7041   -1.55403     0.0186439    -0.0560629   453.491    48.2752   -2.97619   3754  
473.1064   -1.55377     0.0191836    -0.0553335   454.49     48.2753   -2.97612   3753  
473.7301   -1.55365     0.0186257    -0.0530106   456.269    48.2755   -2.97598   3755  
474.1322   -1.55483     0.0187024    -0.0488456   457.387    48.2757   -2.97589   3757  
