0.706 0.00000
0.706 0.00000
0.746 320.20001
0.786 320.20001
0.826 320.20001
0.867 320.20001
1.706 320.20001
1.709 320.60001
1.747 320.60001
1.787 320.60001
1.827 320.60001
2.706 320.60001
2.709 321.39999
2.746 321.39999
2.786 321.39999
2.826 321.39999
3.706 321.39999
3.709 321.89999
3.746 321.89999
3.786 321.89999
3.826 321.89999
4.706 321.89999
4.709 325.29999
4.746 325.29999
4.786 325.29999
4.826 325.29999
5.706 325.29999
5.709 329.10001
5.746 329.10001
5.786 329.10001
5.826 329.10001
6.705 329.10001
6.708 333.20001
6.746 333.20001
6.786 333.20001
6.826 333.20001
7.705 333.20001
7.708 337.50000
7.746 337.50000
7.786 337.50000
7.826 337.50000
8.705 337.50000
8.708 342.50000
8.746 342.50000
8.786 342.50000
8.826 342.50000
9.705 342.50000
9.708 346.10001
9.746 346.10001
9.786 346.10001
9.826 346.10001
10.705 346.10001
10.709 349.20001
10.745 349.20001
10.786 349.20001
10.826 349.20001
11.705 349.20001
11.708 352.10001
11.746 352.10001
11.786 352.10001
11.826 352.10001
12.705 352.10001
12.709 355.39999
12.746 355.39999
12.786 355.39999
12.826 355.39999
13.705 355.39999
13.709 357.89999
13.745 357.89999
13.786 357.89999
13.826 357.89999
14.705 357.89999
14.709 359.50000
14.745 359.50000
14.786 359.50000
14.826 359.50000
15.705 359.50000
15.709 1.40000
15.746 1.40000
15.786 1.40000
15.826 1.40000
16.706 1.40000
16.709 3.10000
16.746 3.10000
16.787 3.10000
16.827 3.10000
17.706 3.10000
17.709 4.50000
17.746 4.50000
17.786 4.50000
17.827 4.50000
18.706 4.50000
18.709 5.50000
18.746 5.50000
18.786 5.50000
18.827 5.50000
19.706 5.50000
19.709 6.60000
19.746 6.60000
19.786 6.60000
19.827 6.60000
20.706 6.60000
20.709 7.60000
20.746 7.60000
20.786 7.60000
20.827 7.60000
21.706 7.60000
21.709 9.00000
21.747 9.00000
21.787 9.00000
21.827 9.00000
22.706 9.00000
22.709 9.80000
22.746 9.80000
22.786 9.80000
22.826 9.80000
23.706 9.80000
23.709 10.80000
23.746 10.80000
23.786 10.80000
23.826 10.80000
24.706 10.80000
24.709 12.10000
24.746 12.10000
24.786 12.10000
24.826 12.10000
25.706 12.10000
25.709 12.80000
25.747 12.80000
25.787 12.80000
25.828 12.80000
26.706 12.80000
26.709 13.60000
26.746 13.60000
26.786 13.60000
26.826 13.60000
27.706 13.60000
27.709 14.50000
27.746 14.50000
27.786 14.50000
27.826 14.50000
28.706 14.50000
28.709 15.60000
28.746 15.60000
28.786 15.60000
28.826 15.60000
29.706 15.60000
29.709 16.80000
29.746 16.80000
29.786 16.80000
29.826 16.80000
30.706 16.80000
30.709 17.50000
30.746 17.50000
30.786 17.50000
30.826 17.50000
31.706 17.50000
31.709 18.40000
31.746 18.40000
31.786 18.40000
31.826 18.40000
32.705 18.40000
32.709 19.20000
32.746 19.20000
32.786 19.20000
32.826 19.20000
33.705 19.20000
33.706 19.20000
33.746 19.80000
33.786 19.80000
33.826 19.80000
33.866 19.80000
34.706 19.80000
34.709 20.30000
34.747 20.30000
34.787 20.30000
34.827 20.30000
35.706 20.30000
35.709 20.60000
35.747 20.60000
35.787 20.60000
35.827 20.60000
36.706 20.60000
36.709 20.90000
36.747 20.90000
36.787 20.90000
36.827 20.90000
37.706 20.90000
37.709 21.00000
37.747 21.00000
37.787 21.00000
37.827 21.00000
38.706 21.00000
38.709 20.90000
38.747 20.90000
38.787 20.90000
38.827 20.90000
39.706 20.90000
39.709 20.80000
39.746 20.80000
39.787 20.80000
39.827 20.80000
40.706 20.80000
40.709 20.50000
40.747 20.50000
40.788 20.50000
40.828 20.50000
41.706 20.50000
41.709 20.40000
41.746 20.40000
41.787 20.40000
41.827 20.40000
42.706 20.40000
42.709 20.10000
42.746 20.10000
42.786 20.10000
42.827 20.10000
43.706 20.10000
43.709 19.60000
43.746 19.60000
43.787 19.60000
43.827 19.60000
44.706 19.60000
44.709 19.10000
44.746 19.10000
44.787 19.10000
44.827 19.10000
45.706 19.10000
45.709 18.40000
45.746 18.40000
45.787 18.40000
45.827 18.40000
46.706 18.40000
46.709 18.90000
46.746 18.90000
46.787 18.90000
46.827 18.90000
47.706 18.90000
47.709 18.10000
47.746 18.10000
47.787 18.10000
47.827 18.10000
48.706 18.10000
48.709 17.10000
48.746 17.10000
48.787 17.10000
48.827 17.10000
49.706 17.10000
49.710 16.40000
49.746 16.40000
49.786 16.40000
49.826 16.40000
50.706 16.40000
50.710 15.60000
50.746 15.60000
50.786 15.60000
50.826 15.60000
51.707 15.60000
51.710 14.90000
51.747 14.90000
51.787 14.90000
51.827 14.90000
52.707 14.90000
52.710 14.50000
52.747 14.50000
52.788 14.50000
52.828 14.50000
53.707 14.50000
53.710 14.20000
53.747 14.20000
53.787 14.20000
53.828 14.20000
54.707 14.20000
54.710 14.10000
54.747 14.10000
54.787 14.10000
54.827 14.10000
55.707 14.10000
55.710 14.20000
55.747 14.20000
55.787 14.20000
55.827 14.20000
56.707 14.20000
56.710 14.50000
56.747 14.50000
56.787 14.50000
56.827 14.50000
57.707 14.50000
57.710 14.50000
57.747 14.50000
57.787 14.50000
57.827 14.50000
58.707 14.50000
58.710 15.30000
58.747 15.30000
58.787 15.30000
58.827 15.30000
59.707 15.30000
59.710 16.10000
59.747 16.10000
59.787 16.10000
59.827 16.10000
60.706 16.10000
60.709 17.30000
60.747 17.30000
60.787 17.30000
60.827 17.30000
61.707 17.30000
61.709 18.60000
61.747 18.60000
61.787 18.60000
61.827 18.60000
62.706 18.60000
62.709 19.70000
62.747 19.70000
62.787 19.70000
62.827 19.70000
63.706 19.70000
63.709 21.00000
63.747 21.00000
63.787 21.00000
63.827 21.00000
64.706 21.00000
64.709 22.50000
64.747 22.50000
64.787 22.50000
64.827 22.50000
65.706 22.50000
65.709 23.70000
65.747 23.70000
65.787 23.70000
65.827 23.70000
66.706 23.70000
66.710 24.90000
66.747 24.90000
66.787 24.90000
66.827 24.90000
67.706 24.90000
67.710 25.90000
67.747 25.90000
67.787 25.90000
67.827 25.90000
68.707 25.90000
68.710 27.30000
68.748 27.30000
68.788 27.30000
68.828 27.30000
69.707 27.30000
69.710 28.50000
69.747 28.50000
69.788 28.50000
69.828 28.50000
70.707 28.50000
70.710 29.60000
70.747 29.60000
70.788 29.60000
70.828 29.60000
71.707 29.60000
71.710 30.70000
71.747 30.70000
71.787 30.70000
71.828 30.70000
72.707 30.70000
72.710 31.40000
72.747 31.40000
72.787 31.40000
72.828 31.40000
73.707 31.40000
73.710 31.60000
73.747 31.60000
73.787 31.60000
73.828 31.60000
74.707 31.60000
74.710 32.10000
74.747 32.10000
74.787 32.10000
74.828 32.10000
75.707 32.10000
75.710 32.40000
75.747 32.40000
75.788 32.40000
75.828 32.40000
76.707 32.40000
76.710 32.50000
76.747 32.50000
76.788 32.50000
76.828 32.50000
77.707 32.50000
77.710 32.40000
77.747 32.40000
77.787 32.40000
77.827 32.40000
78.707 32.40000
78.710 32.30000
78.747 32.30000
78.787 32.30000
78.827 32.30000
79.707 32.30000
79.710 31.90000
79.747 31.90000
79.787 31.90000
79.827 31.90000
80.707 31.90000
80.710 31.40000
80.747 31.40000
80.787 31.40000
80.827 31.40000
81.707 31.40000
81.710 30.70000
81.747 30.70000
81.787 30.70000
81.827 30.70000
82.707 30.70000
82.710 30.30000
82.747 30.30000
82.787 30.30000
82.827 30.30000
83.707 30.30000
83.710 29.60000
83.747 29.60000
83.787 29.60000
83.827 29.60000
84.707 29.60000
84.711 28.40000
84.747 28.40000
84.787 28.40000
84.827 28.40000
85.707 28.40000
85.711 27.50000
85.747 27.50000
85.787 27.50000
85.827 27.50000
86.707 27.50000
86.711 26.30000
86.747 26.30000
86.787 26.30000
86.827 26.30000
87.707 26.30000
87.710 25.50000
87.748 25.50000
87.788 25.50000
87.828 25.50000
88.707 25.50000
88.710 23.80000
88.748 23.80000
88.788 23.80000
88.828 23.80000
89.707 23.80000
89.710 21.90000
89.748 21.90000
89.788 21.90000
89.828 21.90000
90.707 21.90000
90.710 20.20000
90.747 20.20000
90.788 20.20000
90.828 20.20000
91.707 20.20000
91.710 19.10000
91.748 19.10000
91.788 19.10000
91.828 19.10000
92.707 19.10000
92.710 17.80000
92.748 17.80000
92.788 17.80000
92.828 17.80000
93.707 17.80000
93.707 17.80000
93.748 17.00000
93.788 17.00000
93.828 17.00000
93.868 17.00000
94.707 17.00000
94.710 16.00000
94.747 16.00000
94.788 16.00000
94.828 16.00000
95.707 16.00000
95.710 15.30000
95.747 15.30000
95.788 15.30000
95.828 15.30000
96.707 15.30000
96.710 14.90000
96.748 14.90000
96.789 14.90000
96.829 14.90000
97.707 14.90000
97.710 15.10000
97.748 15.10000
97.788 15.10000
97.828 15.10000
98.707 15.10000
98.710 15.60000
98.747 15.60000
98.787 15.60000
98.828 15.60000
99.707 15.60000
99.710 16.80000
99.747 16.80000
99.787 16.80000
99.827 16.80000
100.707 16.80000
100.710 18.20000
100.747 18.20000
100.787 18.20000
100.828 18.20000
101.707 18.20000
101.710 20.00000
101.747 20.00000
101.787 20.00000
101.828 20.00000
102.707 20.00000
102.711 22.60000
102.747 22.60000
102.787 22.60000
102.827 22.60000
103.707 22.60000
103.711 24.50000
103.747 24.50000
103.787 24.50000
103.828 24.50000
104.708 24.50000
104.711 27.60000
104.748 27.60000
104.788 27.60000
104.828 27.60000
105.708 27.60000
105.711 31.40000
105.748 31.40000
105.788 31.40000
105.828 31.40000
106.708 31.40000
106.711 35.20000
106.748 35.20000
106.788 35.20000
106.828 35.20000
107.708 35.20000
107.711 39.50000
107.748 39.50000
107.788 39.50000
107.828 39.50000
108.708 39.50000
108.711 43.10000
108.748 43.10000
108.788 43.10000
108.828 43.10000
109.708 43.10000
109.711 47.20000
109.748 47.20000
109.788 47.20000
109.828 47.20000
110.708 47.20000
110.711 50.50000
110.748 50.50000
110.788 50.50000
110.828 50.50000
111.708 50.50000
111.711 53.90000
111.748 53.90000
111.788 53.90000
111.828 53.90000
112.707 53.90000
112.710 57.10000
112.748 57.10000
112.788 57.10000
112.828 57.10000
113.707 57.10000
113.710 60.70000
113.748 60.70000
113.788 60.70000
113.828 60.70000
114.707 60.70000
114.710 63.90000
114.748 63.90000
114.788 63.90000
114.828 63.90000
