0.791 -1.00000
1.296 -1.00000
1.801 -1.00000
2.305 -1.00000
2.810 -1.00000
3.315 -1.00000
3.819 -1.00000
4.324 -1.00000
4.829 -1.00000
5.333 -1.00000
5.838 -1.00000
6.342 -1.00000
6.847 -1.00000
7.351 -1.00000
7.856 -1.00000
8.360 -1.00000
8.865 -1.00000
9.370 -1.00000
9.875 -1.00000
10.379 -1.00000
10.884 -1.00000
11.389 -1.00000
11.894 -1.00000
12.398 -1.00000
12.903 -1.00000
13.408 -1.00000
13.912 -1.00000
14.417 -1.00000
14.921 -1.00000
15.426 -1.00000
15.930 -1.00000
16.435 -1.00000
16.940 -1.00000
17.445 -1.00000
17.950 -1.00000
18.455 -1.00000
18.960 -1.00000
19.465 -1.00000
19.970 -1.00000
20.474 -1.00000
20.979 -1.00000
21.483 -1.00000
21.988 -1.00000
22.493 -1.00000
22.997 -1.00000
23.501 -1.00000
24.006 -1.00000
24.511 -1.00000
25.016 -1.00000
25.520 -1.00000
26.025 -1.00000
26.529 -1.00000
27.034 -1.00000
27.539 -1.00000
28.043 -1.00000
28.548 -1.00000
29.053 -1.00000
29.558 -1.00000
30.062 -1.00000
30.567 -1.00000
31.071 -1.00000
31.575 -1.00000
32.080 -1.00000
32.584 -1.00000
33.089 -1.00000
33.593 -1.00000
34.098 -1.00000
34.603 -1.00000
35.107 -1.00000
35.612 -1.00000
36.116 -1.00000
36.621 -1.00000
37.125 -1.00000
37.630 -1.00000
38.135 -1.00000
38.639 -1.00000
39.144 -1.00000
39.648 -1.00000
40.153 -1.00000
40.658 -1.00000
41.163 -1.00000
41.667 -1.00000
42.172 -1.00000
42.676 -1.00000
43.181 -1.00000
43.686 -1.00000
44.191 -1.00000
44.696 -1.00000
45.200 -1.00000
45.705 -1.00000
46.210 -1.00000
46.715 -1.00000
47.219 -1.00000
47.724 -1.00000
48.228 -1.00000
48.733 -1.00000
49.239 -1.00000
49.744 -1.00000
50.249 -1.00000
50.754 -1.00000
51.258 -1.00000
51.763 -1.00000
52.268 -1.00000
52.773 -1.00000
53.277 -1.00000
53.782 -1.00000
54.286 -1.00000
54.791 -1.00000
55.295 -1.00000
55.800 -1.00000
56.305 -1.00000
56.809 -1.00000
57.314 -1.00000
57.818 -1.00000
58.323 -1.00000
58.828 -1.00000
59.333 -1.00000
59.837 -1.00000
60.342 -1.00000
60.846 -1.00000
61.351 -1.00000
61.855 -1.00000
62.360 -1.00000
62.865 -1.00000
63.369 -1.00000
63.874 -1.00000
64.378 -1.00000
64.883 -1.00000
65.388 -1.00000
65.893 -1.00000
66.397 -1.00000
66.902 -1.00000
67.407 -1.00000
67.912 -1.00000
68.416 -1.00000
68.921 -1.00000
69.426 -1.00000
69.931 -1.00000
70.436 -1.00000
70.940 -1.00000
71.445 -1.00000
71.950 -1.00000
72.455 -1.00000
72.959 -1.00000
73.464 -1.00000
73.969 -1.00000
74.474 -1.00000
74.979 -1.00000
75.483 -1.00000
75.988 -1.00000
76.493 -1.00000
76.997 -1.00000
77.502 -1.00000
78.007 -1.00000
78.511 -1.00000
79.016 -1.00000
79.520 -1.00000
80.025 -1.00000
80.529 -1.00000
81.034 -1.00000
81.539 -1.00000
82.044 -1.00000
82.548 -1.00000
83.053 -1.00000
83.557 -1.00000
84.061 -1.00000
84.566 -1.00000
85.070 -1.00000
85.575 -1.00000
86.079 -1.00000
86.584 -1.00000
87.089 -1.00000
87.593 -1.00000
88.098 -1.00000
88.602 -1.00000
89.107 -1.00000
89.612 -1.00000
90.116 -1.00000
90.620 -1.00000
91.125 -1.00000
91.629 -1.00000
92.133 -1.00000
92.638 -1.00000
93.142 -1.00000
93.647 -1.00000
94.152 -1.00000
94.657 -1.00000
95.162 -1.00000
95.666 -1.00000
96.171 -1.00000
96.676 -1.00000
97.181 -1.00000
97.685 -1.00000
98.190 -1.00000
98.695 -1.00000
99.199 -1.00000
99.704 -1.00000
100.209 -1.00000
100.714 -1.00000
101.218 -1.00000
101.722 -1.00000
102.226 -1.00000
102.731 -1.00000
103.236 -1.00000
103.743 -1.00000
104.248 -1.00000
104.752 -1.00000
105.257 -1.00000
105.762 -1.00000
106.266 -1.00000
106.771 -1.00000
107.276 -1.00000
107.780 -1.00000
108.286 -1.00000
108.790 -1.00000
109.294 -1.00000
109.799 -1.00000
110.304 -1.00000
110.809 -1.00000
111.313 -1.00000
111.818 -1.00000
112.322 -1.00000
112.827 -1.00000
113.331 -1.00000
113.836 -1.00000
114.340 -1.00000
114.845 -1.00000
