0.706 0.00000
0.706 48.19798
0.746 48.19798
0.786 48.19798
0.826 48.19798
0.867 48.19798
1.706 48.19799
1.709 48.19799
1.747 48.19799
1.787 48.19799
1.827 48.19799
2.706 48.19800
2.709 48.19800
2.746 48.19800
2.786 48.19800
2.826 48.19800
3.706 48.19800
3.709 48.19800
3.746 48.19800
3.786 48.19800
3.826 48.19800
4.706 48.19801
4.709 48.19801
4.746 48.19801
4.786 48.19801
4.826 48.19801
5.706 48.19802
5.709 48.19802
5.746 48.19802
5.786 48.19802
5.826 48.19802
6.705 48.19802
6.708 48.19802
6.746 48.19802
6.786 48.19802
6.826 48.19802
7.705 48.19802
7.708 48.19802
7.746 48.19802
7.786 48.19802
7.826 48.19802
8.705 48.19803
8.708 48.19803
8.746 48.19803
8.786 48.19803
8.826 48.19803
9.705 48.19804
9.708 48.19804
9.746 48.19804
9.786 48.19804
9.826 48.19804
10.705 48.19805
10.709 48.19805
10.745 48.19805
10.786 48.19805
10.826 48.19805
11.705 48.19806
11.708 48.19806
11.746 48.19806
11.786 48.19806
11.826 48.19806
12.705 48.19806
12.709 48.19806
12.746 48.19806
12.786 48.19806
12.826 48.19806
13.705 48.19807
13.709 48.19807
13.745 48.19807
13.786 48.19807
13.826 48.19807
14.705 48.19808
14.709 48.19808
14.745 48.19808
14.786 48.19808
14.826 48.19808
15.705 48.19809
15.709 48.19809
15.746 48.19809
15.786 48.19809
15.826 48.19809
16.706 48.19810
16.709 48.19810
16.746 48.19810
16.787 48.19810
16.827 48.19810
17.706 48.19810
17.709 48.19810
17.746 48.19810
17.786 48.19810
17.827 48.19810
18.706 48.19811
18.709 48.19811
18.746 48.19811
18.786 48.19811
18.827 48.19811
19.706 48.19812
19.709 48.19812
19.746 48.19812
19.786 48.19812
19.827 48.19812
20.706 48.19813
20.709 48.19813
20.746 48.19813
20.786 48.19813
20.827 48.19813
21.706 48.19813
21.709 48.19813
21.747 48.19813
21.787 48.19813
21.827 48.19813
22.706 48.19815
22.709 48.19815
22.746 48.19815
22.786 48.19815
22.826 48.19815
23.706 48.19815
23.709 48.19815
23.746 48.19815
23.786 48.19815
23.826 48.19815
24.706 48.19816
24.709 48.19816
24.746 48.19816
24.786 48.19816
24.826 48.19816
25.706 48.19817
25.709 48.19817
25.747 48.19817
25.787 48.19817
25.828 48.19817
26.706 48.19818
26.709 48.19818
26.746 48.19818
26.786 48.19818
26.826 48.19818
27.706 48.19819
27.709 48.19819
27.746 48.19819
27.786 48.19819
27.826 48.19819
28.706 48.19819
28.709 48.19819
28.746 48.19819
28.786 48.19819
28.826 48.19819
29.706 48.19820
29.709 48.19820
29.746 48.19820
29.786 48.19820
29.826 48.19820
30.706 48.19821
30.709 48.19821
30.746 48.19821
30.786 48.19821
30.826 48.19821
31.706 48.19822
31.709 48.19822
31.746 48.19822
31.786 48.19822
31.826 48.19822
32.705 48.19823
32.709 48.19823
32.746 48.19823
32.786 48.19823
32.826 48.19823
33.705 48.19823
33.706 48.19823
33.746 48.19823
33.786 48.19823
33.826 48.19824
33.866 48.19824
34.706 48.19824
34.709 48.19824
34.747 48.19824
34.787 48.19824
34.827 48.19824
35.706 48.19826
35.709 48.19826
35.747 48.19826
35.787 48.19826
35.827 48.19826
36.706 48.19827
36.709 48.19827
36.747 48.19827
36.787 48.19827
36.827 48.19827
37.706 48.19827
37.709 48.19827
37.747 48.19827
37.787 48.19827
37.827 48.19827
38.706 48.19828
38.709 48.19828
38.747 48.19828
38.787 48.19828
38.827 48.19828
39.706 48.19829
39.709 48.19829
39.746 48.19829
39.787 48.19829
39.827 48.19829
40.706 48.19830
40.709 48.19830
40.747 48.19830
40.788 48.19830
40.828 48.19830
41.706 48.19831
41.709 48.19831
41.746 48.19831
41.787 48.19831
41.827 48.19831
42.706 48.19832
42.709 48.19832
42.746 48.19832
42.786 48.19832
42.827 48.19832
43.706 48.19832
43.709 48.19832
43.746 48.19832
43.787 48.19832
43.827 48.19832
44.706 48.19833
44.709 48.19833
44.746 48.19833
44.787 48.19833
44.827 48.19833
45.706 48.19834
45.709 48.19834
45.746 48.19834
45.787 48.19834
45.827 48.19834
46.706 48.19835
46.709 48.19835
46.746 48.19835
46.787 48.19835
46.827 48.19835
47.706 48.19836
47.709 48.19836
47.746 48.19836
47.787 48.19836
47.827 48.19836
48.706 48.19836
48.709 48.19836
48.746 48.19836
48.787 48.19836
48.827 48.19836
49.706 48.19837
49.710 48.19837
49.746 48.19837
49.786 48.19837
49.826 48.19837
50.706 48.19838
50.710 48.19838
50.746 48.19838
50.786 48.19838
50.827 48.19838
51.707 48.19839
51.710 48.19839
51.747 48.19839
51.787 48.19839
51.827 48.19839
52.707 48.19840
52.710 48.19840
52.747 48.19840
52.788 48.19840
52.828 48.19840
53.707 48.19840
53.710 48.19840
53.747 48.19840
53.787 48.19840
53.828 48.19840
54.707 48.19841
54.710 48.19841
54.747 48.19841
54.787 48.19841
54.827 48.19841
55.707 48.19842
55.710 48.19842
55.747 48.19842
55.787 48.19842
55.827 48.19842
56.707 48.19843
56.710 48.19843
56.747 48.19843
56.787 48.19843
56.827 48.19843
57.707 48.19845
57.710 48.19845
57.747 48.19845
57.787 48.19845
57.827 48.19845
58.707 48.19845
58.710 48.19845
58.747 48.19845
58.787 48.19845
58.827 48.19845
59.707 48.19846
59.710 48.19846
59.747 48.19846
59.787 48.19846
59.827 48.19846
60.706 48.19847
60.709 48.19847
60.747 48.19847
60.787 48.19847
60.827 48.19847
61.707 48.19848
61.709 48.19848
61.747 48.19848
61.787 48.19848
61.827 48.19848
62.706 48.19849
62.709 48.19849
62.747 48.19849
62.787 48.19849
62.827 48.19849
63.706 48.19849
63.709 48.19849
63.747 48.19849
63.787 48.19849
63.827 48.19849
64.706 48.19849
64.709 48.19849
64.747 48.19849
64.787 48.19849
64.827 48.19849
65.706 48.19850
65.709 48.19850
65.747 48.19850
65.787 48.19850
65.827 48.19850
66.706 48.19851
66.710 48.19851
66.747 48.19851
66.787 48.19851
66.827 48.19851
67.706 48.19852
67.710 48.19852
67.747 48.19852
67.787 48.19852
67.827 48.19852
68.707 48.19853
68.710 48.19853
68.748 48.19853
68.788 48.19853
68.828 48.19853
69.707 48.19853
69.710 48.19853
69.747 48.19853
69.788 48.19853
69.828 48.19853
70.707 48.19854
70.710 48.19854
70.747 48.19854
70.788 48.19854
70.828 48.19854
71.707 48.19855
71.710 48.19855
71.747 48.19855
71.787 48.19855
71.828 48.19855
72.707 48.19856
72.710 48.19856
72.747 48.19856
72.787 48.19856
72.828 48.19856
73.707 48.19857
73.710 48.19857
73.747 48.19857
73.787 48.19857
73.828 48.19857
74.707 48.19858
74.710 48.19858
74.747 48.19858
74.787 48.19858
74.828 48.19858
75.707 48.19859
75.710 48.19859
75.747 48.19859
75.788 48.19859
75.828 48.19859
76.707 48.19859
76.710 48.19859
76.747 48.19859
76.788 48.19859
76.828 48.19859
77.707 48.19860
77.710 48.19860
77.747 48.19860
77.787 48.19860
77.827 48.19860
78.707 48.19861
78.710 48.19861
78.747 48.19861
78.787 48.19861
78.827 48.19861
79.707 48.19862
79.710 48.19862
79.747 48.19862
79.787 48.19862
79.827 48.19862
80.707 48.19862
80.710 48.19862
80.747 48.19862
80.787 48.19862
80.827 48.19862
81.707 48.19863
81.710 48.19863
81.747 48.19863
81.787 48.19863
81.827 48.19863
82.707 48.19864
82.710 48.19864
82.747 48.19864
82.787 48.19864
82.827 48.19864
83.707 48.19865
83.710 48.19865
83.747 48.19865
83.787 48.19865
83.827 48.19865
84.707 48.19866
84.711 48.19866
84.747 48.19866
84.787 48.19866
84.827 48.19866
85.707 48.19866
85.711 48.19866
85.747 48.19866
85.787 48.19866
85.827 48.19866
86.707 48.19867
86.711 48.19867
86.747 48.19867
86.787 48.19867
86.827 48.19867
87.707 48.19868
87.710 48.19868
87.748 48.19868
87.788 48.19868
87.828 48.19868
88.707 48.19869
88.710 48.19869
88.748 48.19869
88.788 48.19869
88.828 48.19869
89.707 48.19870
89.710 48.19870
89.748 48.19870
89.788 48.19870
89.828 48.19870
90.707 48.19871
90.710 48.19871
90.748 48.19871
90.788 48.19871
90.828 48.19871
91.707 48.19872
91.710 48.19872
91.748 48.19872
91.788 48.19872
91.828 48.19872
92.707 48.19872
92.710 48.19872
92.748 48.19872
92.788 48.19872
92.828 48.19872
93.707 48.19872
93.707 48.19873
93.748 48.19873
93.788 48.19873
93.828 48.19873
93.868 48.19873
94.707 48.19874
94.710 48.19874
94.747 48.19874
94.788 48.19874
94.828 48.19874
95.707 48.19875
95.710 48.19875
95.747 48.19875
95.788 48.19875
95.828 48.19875
96.707 48.19876
96.710 48.19876
96.748 48.19876
96.789 48.19876
96.829 48.19876
97.707 48.19876
97.710 48.19876
97.748 48.19876
97.788 48.19876
97.828 48.19876
98.707 48.19877
98.710 48.19877
98.747 48.19877
98.787 48.19877
98.828 48.19877
99.707 48.19878
99.710 48.19878
99.747 48.19878
99.787 48.19878
99.827 48.19878
100.707 48.19879
100.710 48.19879
100.747 48.19879
100.787 48.19879
100.828 48.19879
101.707 48.19879
101.710 48.19879
101.747 48.19879
101.787 48.19879
101.828 48.19879
102.707 48.19879
102.711 48.19879
102.747 48.19879
102.787 48.19879
102.827 48.19879
103.707 48.19880
103.711 48.19880
103.747 48.19880
103.787 48.19880
103.828 48.19880
104.708 48.19880
104.711 48.19880
104.748 48.19880
104.788 48.19880
104.828 48.19880
105.708 48.19881
105.711 48.19881
105.748 48.19881
105.788 48.19881
105.828 48.19881
106.708 48.19881
106.711 48.19881
106.748 48.19881
106.788 48.19881
106.828 48.19881
107.708 48.19882
107.711 48.19882
107.748 48.19882
107.788 48.19882
107.828 48.19882
108.708 48.19882
108.711 48.19882
108.748 48.19882
108.788 48.19882
108.828 48.19882
109.708 48.19883
109.711 48.19883
109.748 48.19883
109.788 48.19883
109.828 48.19883
110.708 48.19883
110.711 48.19883
110.748 48.19883
110.788 48.19883
110.828 48.19883
111.708 48.19883
111.711 48.19883
111.748 48.19883
111.788 48.19883
111.828 48.19883
112.707 48.19883
112.710 48.19883
112.748 48.19883
112.788 48.19883
112.828 48.19883
113.707 48.19883
113.710 48.19883
113.748 48.19883
113.788 48.19883
113.828 48.19883
114.707 48.19883
114.710 48.19883
114.748 48.19883
114.788 48.19883
114.828 48.19883
