0.706 0.00000
0.706 -3.01556
0.746 -3.01556
0.786 -3.01556
0.826 -3.01556
0.867 -3.01556
1.706 -3.01557
1.709 -3.01557
1.747 -3.01557
1.787 -3.01557
1.827 -3.01557
2.706 -3.01557
2.709 -3.01557
2.746 -3.01557
2.786 -3.01557
2.826 -3.01557
3.706 -3.01558
3.709 -3.01558
3.746 -3.01558
3.786 -3.01558
3.826 -3.01558
4.706 -3.01558
4.709 -3.01558
4.746 -3.01558
4.786 -3.01558
4.826 -3.01558
5.706 -3.01558
5.709 -3.01558
5.746 -3.01558
5.786 -3.01558
5.826 -3.01558
6.705 -3.01558
6.708 -3.01558
6.746 -3.01558
6.786 -3.01558
6.826 -3.01558
7.705 -3.01558
7.708 -3.01558
7.746 -3.01558
7.786 -3.01558
7.826 -3.01558
8.705 -3.01558
8.708 -3.01558
8.746 -3.01558
8.786 -3.01558
8.826 -3.01558
9.705 -3.01558
9.708 -3.01558
9.746 -3.01558
9.786 -3.01558
9.826 -3.01558
10.705 -3.01558
10.709 -3.01558
10.745 -3.01558
10.786 -3.01558
10.826 -3.01558
11.705 -3.01558
11.708 -3.01558
11.746 -3.01558
11.786 -3.01558
11.826 -3.01558
12.705 -3.01558
12.709 -3.01558
12.746 -3.01558
12.786 -3.01558
12.826 -3.01558
13.705 -3.01558
13.709 -3.01558
13.745 -3.01558
13.786 -3.01558
13.826 -3.01558
14.705 -3.01557
14.709 -3.01557
14.745 -3.01557
14.786 -3.01557
14.826 -3.01557
15.705 -3.01557
15.709 -3.01557
15.746 -3.01557
15.786 -3.01557
15.826 -3.01557
16.706 -3.01557
16.709 -3.01557
16.746 -3.01557
16.787 -3.01557
16.827 -3.01557
17.706 -3.01557
17.709 -3.01557
17.746 -3.01557
17.786 -3.01557
17.827 -3.01557
18.706 -3.01557
18.709 -3.01557
18.746 -3.01557
18.786 -3.01557
18.827 -3.01557
19.706 -3.01556
19.709 -3.01556
19.746 -3.01556
19.786 -3.01556
19.827 -3.01556
20.706 -3.01556
20.709 -3.01556
20.746 -3.01556
20.786 -3.01556
20.827 -3.01556
21.706 -3.01556
21.709 -3.01556
21.747 -3.01556
21.787 -3.01556
21.827 -3.01556
22.706 -3.01555
22.709 -3.01555
22.746 -3.01555
22.786 -3.01555
22.826 -3.01555
23.706 -3.01555
23.709 -3.01555
23.746 -3.01555
23.786 -3.01555
23.826 -3.01555
24.706 -3.01555
24.709 -3.01555
24.746 -3.01555
24.786 -3.01555
24.826 -3.01555
25.706 -3.01554
25.709 -3.01554
25.747 -3.01554
25.787 -3.01554
25.828 -3.01554
26.706 -3.01554
26.709 -3.01554
26.746 -3.01554
26.786 -3.01554
26.826 -3.01554
27.706 -3.01553
27.709 -3.01553
27.746 -3.01553
27.786 -3.01553
27.826 -3.01553
28.706 -3.01553
28.709 -3.01553
28.746 -3.01553
28.786 -3.01553
28.826 -3.01553
29.706 -3.01552
29.709 -3.01552
29.746 -3.01552
29.786 -3.01552
29.826 -3.01552
30.706 -3.01552
30.709 -3.01552
30.746 -3.01552
30.786 -3.01552
30.826 -3.01552
31.706 -3.01551
31.709 -3.01551
31.746 -3.01551
31.786 -3.01551
31.826 -3.01551
32.705 -3.01551
32.709 -3.01551
32.746 -3.01551
32.786 -3.01551
32.826 -3.01551
33.705 -3.01551
33.706 -3.01550
33.746 -3.01550
33.786 -3.01550
33.826 -3.01550
33.866 -3.01550
34.706 -3.01550
34.709 -3.01550
34.747 -3.01550
34.787 -3.01550
34.827 -3.01550
35.706 -3.01549
35.709 -3.01549
35.747 -3.01549
35.787 -3.01549
35.827 -3.01549
36.706 -3.01549
36.709 -3.01549
36.747 -3.01549
36.787 -3.01549
36.827 -3.01549
37.706 -3.01548
37.709 -3.01548
37.747 -3.01548
37.787 -3.01548
37.827 -3.01548
38.706 -3.01548
38.709 -3.01548
38.747 -3.01548
38.787 -3.01548
38.827 -3.01548
39.706 -3.01547
39.709 -3.01547
39.746 -3.01547
39.787 -3.01547
39.827 -3.01547
40.706 -3.01547
40.709 -3.01547
40.747 -3.01547
40.788 -3.01547
40.828 -3.01547
41.706 -3.01546
41.709 -3.01546
41.746 -3.01546
41.787 -3.01546
41.827 -3.01546
42.706 -3.01546
42.709 -3.01546
42.746 -3.01546
42.786 -3.01546
42.827 -3.01546
43.706 -3.01545
43.709 -3.01545
43.746 -3.01545
43.787 -3.01545
43.827 -3.01545
44.706 -3.01545
44.709 -3.01545
44.746 -3.01545
44.787 -3.01545
44.827 -3.01545
45.706 -3.01545
45.709 -3.01545
45.746 -3.01545
45.787 -3.01545
45.827 -3.01545
46.706 -3.01544
46.709 -3.01544
46.746 -3.01544
46.787 -3.01544
46.827 -3.01544
47.706 -3.01544
47.709 -3.01544
47.746 -3.01544
47.787 -3.01544
47.827 -3.01544
48.706 -3.01544
48.709 -3.01544
48.746 -3.01544
48.787 -3.01544
48.827 -3.01544
49.706 -3.01543
49.710 -3.01543
49.746 -3.01543
49.786 -3.01543
49.826 -3.01543
50.706 -3.01543
50.710 -3.01543
50.746 -3.01543
50.786 -3.01543
50.827 -3.01543
51.707 -3.01543
51.710 -3.01543
51.747 -3.01543
51.787 -3.01543
51.827 -3.01543
52.707 -3.01543
52.710 -3.01543
52.747 -3.01543
52.788 -3.01543
52.828 -3.01543
53.707 -3.01542
53.710 -3.01542
53.747 -3.01542
53.787 -3.01542
53.828 -3.01542
54.707 -3.01542
54.710 -3.01542
54.747 -3.01542
54.787 -3.01542
54.827 -3.01542
55.707 -3.01542
55.710 -3.01542
55.747 -3.01542
55.787 -3.01542
55.827 -3.01542
56.707 -3.01541
56.710 -3.01541
56.747 -3.01541
56.787 -3.01541
56.827 -3.01541
57.707 -3.01541
57.710 -3.01541
57.747 -3.01541
57.787 -3.01541
57.827 -3.01541
58.707 -3.01541
58.710 -3.01541
58.747 -3.01541
58.787 -3.01541
58.827 -3.01541
59.707 -3.01540
59.710 -3.01540
59.747 -3.01540
59.787 -3.01540
59.827 -3.01540
60.706 -3.01540
60.709 -3.01540
60.747 -3.01540
60.787 -3.01540
60.827 -3.01540
61.707 -3.01539
61.709 -3.01539
61.747 -3.01539
61.787 -3.01539
61.827 -3.01539
62.706 -3.01538
62.709 -3.01538
62.747 -3.01538
62.787 -3.01538
62.827 -3.01538
63.706 -3.01538
63.709 -3.01538
63.747 -3.01538
63.787 -3.01538
63.827 -3.01538
64.706 -3.01537
64.709 -3.01537
64.747 -3.01537
64.787 -3.01537
64.827 -3.01537
65.706 -3.01536
65.709 -3.01536
65.747 -3.01536
65.787 -3.01536
65.827 -3.01536
66.706 -3.01536
66.710 -3.01536
66.747 -3.01536
66.787 -3.01536
66.827 -3.01536
67.706 -3.01535
67.710 -3.01535
67.747 -3.01535
67.787 -3.01535
67.827 -3.01535
68.707 -3.01534
68.710 -3.01534
68.748 -3.01534
68.788 -3.01534
68.828 -3.01534
69.707 -3.01533
69.710 -3.01533
69.747 -3.01533
69.788 -3.01533
69.828 -3.01533
70.707 -3.01532
70.710 -3.01532
70.747 -3.01532
70.788 -3.01532
70.828 -3.01532
71.707 -3.01532
71.710 -3.01532
71.747 -3.01532
71.787 -3.01532
71.828 -3.01532
72.707 -3.01531
72.710 -3.01531
72.747 -3.01531
72.787 -3.01531
72.828 -3.01531
73.707 -3.01530
73.710 -3.01530
73.747 -3.01530
73.787 -3.01530
73.828 -3.01530
74.707 -3.01529
74.710 -3.01529
74.747 -3.01529
74.787 -3.01529
74.828 -3.01529
75.707 -3.01528
75.710 -3.01528
75.747 -3.01528
75.788 -3.01528
75.828 -3.01528
76.707 -3.01528
76.710 -3.01528
76.747 -3.01528
76.788 -3.01528
76.828 -3.01528
77.707 -3.01527
77.710 -3.01527
77.747 -3.01527
77.787 -3.01527
77.827 -3.01527
78.707 -3.01526
78.710 -3.01526
78.747 -3.01526
78.787 -3.01526
78.827 -3.01526
79.707 -3.01525
79.710 -3.01525
79.747 -3.01525
79.787 -3.01525
79.827 -3.01525
80.707 -3.01525
80.710 -3.01525
80.747 -3.01525
80.787 -3.01525
80.827 -3.01525
81.707 -3.01524
81.710 -3.01524
81.747 -3.01524
81.787 -3.01524
81.827 -3.01524
82.707 -3.01524
82.710 -3.01524
82.747 -3.01524
82.787 -3.01524
82.827 -3.01524
83.707 -3.01523
83.710 -3.01523
83.747 -3.01523
83.787 -3.01523
83.827 -3.01523
84.707 -3.01523
84.711 -3.01523
84.747 -3.01523
84.787 -3.01523
84.827 -3.01523
85.707 -3.01522
85.711 -3.01522
85.747 -3.01522
85.787 -3.01522
85.827 -3.01522
86.707 -3.01522
86.711 -3.01522
86.747 -3.01522
86.787 -3.01522
86.827 -3.01522
87.707 -3.01522
87.710 -3.01522
87.748 -3.01522
87.788 -3.01522
87.828 -3.01522
88.707 -3.01521
88.710 -3.01521
88.748 -3.01521
88.788 -3.01521
88.828 -3.01521
89.707 -3.01521
89.710 -3.01521
89.748 -3.01521
89.788 -3.01521
89.828 -3.01521
90.707 -3.01521
90.710 -3.01521
90.748 -3.01521
90.788 -3.01521
90.828 -3.01521
91.707 -3.01521
91.710 -3.01521
91.748 -3.01521
91.788 -3.01521
91.828 -3.01521
92.707 -3.01520
92.710 -3.01520
92.748 -3.01520
92.788 -3.01520
92.828 -3.01520
93.707 -3.01520
93.707 -3.01520
93.748 -3.01520
93.788 -3.01520
93.828 -3.01520
93.868 -3.01520
94.707 -3.01520
94.710 -3.01520
94.747 -3.01520
94.788 -3.01520
94.828 -3.01520
95.707 -3.01520
95.710 -3.01520
95.747 -3.01520
95.788 -3.01520
95.828 -3.01520
96.707 -3.01519
96.710 -3.01519
96.748 -3.01519
96.789 -3.01519
96.829 -3.01519
97.707 -3.01519
97.710 -3.01519
97.748 -3.01519
97.788 -3.01519
97.828 -3.01519
98.707 -3.01519
98.710 -3.01519
98.747 -3.01519
98.787 -3.01519
98.828 -3.01519
99.707 -3.01518
99.710 -3.01518
99.747 -3.01518
99.787 -3.01518
99.827 -3.01518
100.707 -3.01518
100.710 -3.01518
100.747 -3.01518
100.787 -3.01518
100.828 -3.01518
101.707 -3.01517
101.710 -3.01517
101.747 -3.01517
101.787 -3.01517
101.828 -3.01517
102.707 -3.01516
102.711 -3.01516
102.747 -3.01516
102.787 -3.01516
102.827 -3.01516
103.707 -3.01516
103.711 -3.01516
103.747 -3.01516
103.787 -3.01516
103.828 -3.01516
104.708 -3.01515
104.711 -3.01515
104.748 -3.01515
104.788 -3.01515
104.828 -3.01515
105.708 -3.01514
105.711 -3.01514
105.748 -3.01514
105.788 -3.01514
105.828 -3.01514
106.708 -3.01513
106.711 -3.01513
106.748 -3.01513
106.788 -3.01513
106.828 -3.01513
107.708 -3.01512
107.711 -3.01512
107.748 -3.01512
107.788 -3.01512
107.828 -3.01512
108.708 -3.01511
108.711 -3.01511
108.748 -3.01511
108.788 -3.01511
108.828 -3.01511
109.708 -3.01510
109.711 -3.01510
109.748 -3.01510
109.788 -3.01510
109.828 -3.01510
110.708 -3.01509
110.711 -3.01509
110.748 -3.01509
110.788 -3.01509
110.828 -3.01509
111.708 -3.01507
111.711 -3.01507
111.748 -3.01507
111.788 -3.01507
111.828 -3.01507
112.707 -3.01506
112.710 -3.01506
112.748 -3.01506
112.788 -3.01506
112.828 -3.01506
113.707 -3.01505
113.710 -3.01505
113.748 -3.01505
113.788 -3.01505
113.828 -3.01505
114.707 -3.01504
114.710 -3.01504
114.748 -3.01504
114.788 -3.01504
114.828 -3.01504
