0.706 167.000
1.706 166.924
2.706 167.017
3.706 167.119
4.706 167.189
5.706 167.208
6.705 167.190
7.705 167.172
8.705 166.893
9.705 166.898
10.705 166.975
11.705 167.004
12.705 166.924
13.705 166.945
14.705 167.073
15.705 167.006
16.706 166.961
17.706 166.938
18.706 167.081
19.706 167.358
20.706 167.470
21.706 167.300
22.706 167.406
23.706 167.377
24.706 167.276
25.706 167.308
26.706 167.300
28.706 167.288
29.706 167.135
30.706 167.094
31.706 167.156
32.705 167.110
34.706 167.075
35.706 167.136
36.706 167.077
37.706 167.060
38.706 167.199
39.706 167.061
40.706 167.137
41.706 167.170
42.706 167.240
43.706 167.209
44.706 167.218
45.706 167.232
46.706 166.967
47.706 166.965
48.706 167.034
49.706 167.070
50.706 167.127
51.707 167.147
52.707 167.178
53.707 167.170
54.707 167.193
55.707 167.149
56.707 167.197
57.707 167.238
58.707 167.369
59.706 167.440
60.706 167.409
61.706 167.415
62.706 167.435
64.706 167.388
65.706 167.352
66.706 167.442
67.706 167.465
68.707 167.436
69.707 167.458
70.707 167.463
71.707 167.435
72.707 167.490
73.707 167.606
74.707 167.527
75.707 167.539
76.707 167.485
77.707 167.468
78.707 167.421
79.707 167.410
80.707 167.423
81.707 167.484
82.707 167.427
83.707 167.402
84.707 167.446
85.707 167.491
86.707 167.446
88.707 167.346
89.707 167.383
90.707 167.403
91.707 167.436
92.707 167.462
94.707 167.421
95.707 167.449
96.707 167.445
97.707 167.400
98.707 167.429
99.707 167.422
100.707 167.465
101.707 167.521
102.707 167.491
103.707 167.689
104.708 167.647
105.708 167.494
106.708 167.405
107.708 167.451
108.708 167.463
109.708 167.316
110.708 167.358
111.708 167.389
112.707 167.484
113.707 167.483
114.707 167.474
