0.706 0.00000 0.00000
0.706 0.00000 -3.01556
0.706 48.19798 0.00000
0.706 48.19798 -3.01556
0.746 48.19798 -3.01556
0.786 48.19798 -3.01556
0.826 48.19798 -3.01556
0.867 48.19798 -3.01556
1.706 48.19799 -3.01557
1.709 48.19799 -3.01557
1.747 48.19799 -3.01557
1.787 48.19799 -3.01557
1.827 48.19799 -3.01557
2.706 48.19800 -3.01557
2.709 48.19800 -3.01557
2.746 48.19800 -3.01557
2.786 48.19800 -3.01557
2.826 48.19800 -3.01557
3.706 48.19800 -3.01558
3.709 48.19800 -3.01558
3.746 48.19800 -3.01558
3.786 48.19800 -3.01558
3.826 48.19800 -3.01558
4.706 48.19801 -3.01558
4.709 48.19801 -3.01558
4.746 48.19801 -3.01558
4.786 48.19801 -3.01558
4.826 48.19801 -3.01558
5.706 48.19802 -3.01558
5.709 48.19802 -3.01558
5.746 48.19802 -3.01558
5.786 48.19802 -3.01558
5.826 48.19802 -3.01558
6.705 48.19802 -3.01558
6.708 48.19802 -3.01558
6.746 48.19802 -3.01558
6.786 48.19802 -3.01558
6.826 48.19802 -3.01558
7.705 48.19802 -3.01558
7.708 48.19802 -3.01558
7.746 48.19802 -3.01558
7.786 48.19802 -3.01558
7.826 48.19802 -3.01558
8.705 48.19803 -3.01558
8.708 48.19803 -3.01558
8.746 48.19803 -3.01558
8.786 48.19803 -3.01558
8.826 48.19803 -3.01558
9.705 48.19804 -3.01558
9.708 48.19804 -3.01558
9.746 48.19804 -3.01558
9.786 48.19804 -3.01558
9.826 48.19804 -3.01558
10.705 48.19805 -3.01558
10.709 48.19805 -3.01558
10.745 48.19805 -3.01558
10.786 48.19805 -3.01558
10.826 48.19805 -3.01558
11.705 48.19806 -3.01558
11.708 48.19806 -3.01558
11.746 48.19806 -3.01558
11.786 48.19806 -3.01558
11.826 48.19806 -3.01558
12.705 48.19806 -3.01558
12.709 48.19806 -3.01558
12.746 48.19806 -3.01558
12.786 48.19806 -3.01558
12.826 48.19806 -3.01558
13.705 48.19807 -3.01558
13.709 48.19807 -3.01558
13.745 48.19807 -3.01558
13.786 48.19807 -3.01558
13.826 48.19807 -3.01558
14.705 48.19808 -3.01557
14.709 48.19808 -3.01557
14.745 48.19808 -3.01557
14.786 48.19808 -3.01557
14.826 48.19808 -3.01557
15.705 48.19809 -3.01557
15.709 48.19809 -3.01557
15.746 48.19809 -3.01557
15.786 48.19809 -3.01557
15.826 48.19809 -3.01557
16.706 48.19810 -3.01557
16.709 48.19810 -3.01557
16.746 48.19810 -3.01557
16.787 48.19810 -3.01557
16.827 48.19810 -3.01557
17.706 48.19810 -3.01557
17.709 48.19810 -3.01557
17.746 48.19810 -3.01557
17.786 48.19810 -3.01557
17.827 48.19810 -3.01557
18.706 48.19811 -3.01557
18.709 48.19811 -3.01557
18.746 48.19811 -3.01557
18.786 48.19811 -3.01557
18.827 48.19811 -3.01557
19.706 48.19812 -3.01556
19.709 48.19812 -3.01556
19.746 48.19812 -3.01556
19.786 48.19812 -3.01556
19.827 48.19812 -3.01556
20.706 48.19813 -3.01556
20.709 48.19813 -3.01556
20.746 48.19813 -3.01556
20.786 48.19813 -3.01556
20.827 48.19813 -3.01556
21.706 48.19813 -3.01556
21.709 48.19813 -3.01556
21.747 48.19813 -3.01556
21.787 48.19813 -3.01556
21.827 48.19813 -3.01556
22.706 48.19815 -3.01555
22.709 48.19815 -3.01555
22.746 48.19815 -3.01555
22.786 48.19815 -3.01555
22.826 48.19815 -3.01555
23.706 48.19815 -3.01555
23.709 48.19815 -3.01555
23.746 48.19815 -3.01555
23.786 48.19815 -3.01555
23.826 48.19815 -3.01555
24.706 48.19816 -3.01555
24.709 48.19816 -3.01555
24.746 48.19816 -3.01555
24.786 48.19816 -3.01555
24.826 48.19816 -3.01555
25.706 48.19817 -3.01554
25.709 48.19817 -3.01554
25.747 48.19817 -3.01554
25.787 48.19817 -3.01554
25.828 48.19817 -3.01554
26.706 48.19818 -3.01554
26.709 48.19818 -3.01554
26.746 48.19818 -3.01554
26.786 48.19818 -3.01554
26.826 48.19818 -3.01554
27.706 48.19819 -3.01553
27.709 48.19819 -3.01553
27.746 48.19819 -3.01553
27.786 48.19819 -3.01553
27.826 48.19819 -3.01553
28.706 48.19819 -3.01553
28.709 48.19819 -3.01553
28.746 48.19819 -3.01553
28.786 48.19819 -3.01553
28.826 48.19819 -3.01553
29.706 48.19820 -3.01552
29.709 48.19820 -3.01552
29.746 48.19820 -3.01552
29.786 48.19820 -3.01552
29.826 48.19820 -3.01552
30.706 48.19821 -3.01552
30.709 48.19821 -3.01552
30.746 48.19821 -3.01552
30.786 48.19821 -3.01552
30.826 48.19821 -3.01552
31.706 48.19822 -3.01551
31.709 48.19822 -3.01551
31.746 48.19822 -3.01551
31.786 48.19822 -3.01551
31.826 48.19822 -3.01551
32.705 48.19823 -3.01551
32.709 48.19823 -3.01551
32.746 48.19823 -3.01551
32.786 48.19823 -3.01551
32.826 48.19823 -3.01551
33.705 48.19823 -3.01551
33.706 48.19823 -3.01550
33.746 48.19823 -3.01550
33.786 48.19823 -3.01550
33.826 48.19824 -3.01550
33.866 48.19824 -3.01550
34.706 48.19824 -3.01550
34.709 48.19824 -3.01550
34.747 48.19824 -3.01550
34.787 48.19824 -3.01550
34.827 48.19824 -3.01550
35.706 48.19826 -3.01549
35.709 48.19826 -3.01549
35.747 48.19826 -3.01549
35.787 48.19826 -3.01549
35.827 48.19826 -3.01549
36.706 48.19827 -3.01549
36.709 48.19827 -3.01549
36.747 48.19827 -3.01549
36.787 48.19827 -3.01549
36.827 48.19827 -3.01549
37.706 48.19827 -3.01548
37.709 48.19827 -3.01548
37.747 48.19827 -3.01548
37.787 48.19827 -3.01548
37.827 48.19827 -3.01548
38.706 48.19828 -3.01548
38.709 48.19828 -3.01548
38.747 48.19828 -3.01548
38.787 48.19828 -3.01548
38.827 48.19828 -3.01548
39.706 48.19829 -3.01547
39.709 48.19829 -3.01547
39.746 48.19829 -3.01547
39.787 48.19829 -3.01547
39.827 48.19829 -3.01547
40.706 48.19830 -3.01547
40.709 48.19830 -3.01547
40.747 48.19830 -3.01547
40.788 48.19830 -3.01547
40.828 48.19830 -3.01547
41.706 48.19831 -3.01546
41.709 48.19831 -3.01546
41.746 48.19831 -3.01546
41.787 48.19831 -3.01546
41.827 48.19831 -3.01546
42.706 48.19832 -3.01546
42.709 48.19832 -3.01546
42.746 48.19832 -3.01546
42.786 48.19832 -3.01546
42.827 48.19832 -3.01546
43.706 48.19832 -3.01545
43.709 48.19832 -3.01545
43.746 48.19832 -3.01545
43.787 48.19832 -3.01545
43.827 48.19832 -3.01545
44.706 48.19833 -3.01545
44.709 48.19833 -3.01545
44.746 48.19833 -3.01545
44.787 48.19833 -3.01545
44.827 48.19833 -3.01545
45.706 48.19834 -3.01545
45.709 48.19834 -3.01545
45.746 48.19834 -3.01545
45.787 48.19834 -3.01545
45.827 48.19834 -3.01545
46.706 48.19835 -3.01544
46.709 48.19835 -3.01544
46.746 48.19835 -3.01544
46.787 48.19835 -3.01544
46.827 48.19835 -3.01544
47.706 48.19836 -3.01544
47.709 48.19836 -3.01544
47.746 48.19836 -3.01544
47.787 48.19836 -3.01544
47.827 48.19836 -3.01544
48.706 48.19836 -3.01544
48.709 48.19836 -3.01544
48.746 48.19836 -3.01544
48.787 48.19836 -3.01544
48.827 48.19836 -3.01544
49.706 48.19837 -3.01543
49.710 48.19837 -3.01543
49.746 48.19837 -3.01543
49.786 48.19837 -3.01543
49.826 48.19837 -3.01543
50.706 48.19838 -3.01543
50.710 48.19838 -3.01543
50.746 48.19838 -3.01543
50.786 48.19838 -3.01543
50.827 48.19838 -3.01543
51.707 48.19839 -3.01543
51.710 48.19839 -3.01543
51.747 48.19839 -3.01543
51.787 48.19839 -3.01543
51.827 48.19839 -3.01543
52.707 48.19840 -3.01543
52.710 48.19840 -3.01543
52.747 48.19840 -3.01543
52.788 48.19840 -3.01543
52.828 48.19840 -3.01543
53.707 48.19840 -3.01542
53.710 48.19840 -3.01542
53.747 48.19840 -3.01542
53.787 48.19840 -3.01542
53.828 48.19840 -3.01542
54.707 48.19841 -3.01542
54.710 48.19841 -3.01542
54.747 48.19841 -3.01542
54.787 48.19841 -3.01542
54.827 48.19841 -3.01542
55.707 48.19842 -3.01542
55.710 48.19842 -3.01542
55.747 48.19842 -3.01542
55.787 48.19842 -3.01542
55.827 48.19842 -3.01542
56.707 48.19843 -3.01541
56.710 48.19843 -3.01541
56.747 48.19843 -3.01541
56.787 48.19843 -3.01541
56.827 48.19843 -3.01541
57.707 48.19845 -3.01541
57.710 48.19845 -3.01541
57.747 48.19845 -3.01541
57.787 48.19845 -3.01541
57.827 48.19845 -3.01541
58.707 48.19845 -3.01541
58.710 48.19845 -3.01541
58.747 48.19845 -3.01541
58.787 48.19845 -3.01541
58.827 48.19845 -3.01541
59.707 48.19846 -3.01540
59.710 48.19846 -3.01540
59.747 48.19846 -3.01540
59.787 48.19846 -3.01540
59.827 48.19846 -3.01540
60.706 48.19847 -3.01540
60.709 48.19847 -3.01540
60.747 48.19847 -3.01540
60.787 48.19847 -3.01540
60.827 48.19847 -3.01540
61.707 48.19848 -3.01539
61.709 48.19848 -3.01539
61.747 48.19848 -3.01539
61.787 48.19848 -3.01539
61.827 48.19848 -3.01539
62.706 48.19849 -3.01538
62.709 48.19849 -3.01538
62.747 48.19849 -3.01538
62.787 48.19849 -3.01538
62.827 48.19849 -3.01538
63.706 48.19849 -3.01538
63.709 48.19849 -3.01538
63.747 48.19849 -3.01538
63.787 48.19849 -3.01538
63.827 48.19849 -3.01538
64.706 48.19849 -3.01537
64.709 48.19849 -3.01537
64.747 48.19849 -3.01537
64.787 48.19849 -3.01537
64.827 48.19849 -3.01537
65.706 48.19850 -3.01536
65.709 48.19850 -3.01536
65.747 48.19850 -3.01536
65.787 48.19850 -3.01536
65.827 48.19850 -3.01536
66.706 48.19851 -3.01536
66.710 48.19851 -3.01536
66.747 48.19851 -3.01536
66.787 48.19851 -3.01536
66.827 48.19851 -3.01536
67.706 48.19852 -3.01535
67.710 48.19852 -3.01535
67.747 48.19852 -3.01535
67.787 48.19852 -3.01535
67.827 48.19852 -3.01535
68.707 48.19853 -3.01534
68.710 48.19853 -3.01534
68.748 48.19853 -3.01534
68.788 48.19853 -3.01534
68.828 48.19853 -3.01534
69.707 48.19853 -3.01533
69.710 48.19853 -3.01533
69.747 48.19853 -3.01533
69.788 48.19853 -3.01533
69.828 48.19853 -3.01533
70.707 48.19854 -3.01532
70.710 48.19854 -3.01532
70.747 48.19854 -3.01532
70.788 48.19854 -3.01532
70.828 48.19854 -3.01532
71.707 48.19855 -3.01532
71.710 48.19855 -3.01532
71.747 48.19855 -3.01532
71.787 48.19855 -3.01532
71.828 48.19855 -3.01532
72.707 48.19856 -3.01531
72.710 48.19856 -3.01531
72.747 48.19856 -3.01531
72.787 48.19856 -3.01531
72.828 48.19856 -3.01531
73.707 48.19857 -3.01530
73.710 48.19857 -3.01530
73.747 48.19857 -3.01530
73.787 48.19857 -3.01530
73.828 48.19857 -3.01530
74.707 48.19858 -3.01529
74.710 48.19858 -3.01529
74.747 48.19858 -3.01529
74.787 48.19858 -3.01529
74.828 48.19858 -3.01529
75.707 48.19859 -3.01528
75.710 48.19859 -3.01528
75.747 48.19859 -3.01528
75.788 48.19859 -3.01528
75.828 48.19859 -3.01528
76.707 48.19859 -3.01528
76.710 48.19859 -3.01528
76.747 48.19859 -3.01528
76.788 48.19859 -3.01528
76.828 48.19859 -3.01528
77.707 48.19860 -3.01527
77.710 48.19860 -3.01527
77.747 48.19860 -3.01527
77.787 48.19860 -3.01527
77.827 48.19860 -3.01527
78.707 48.19861 -3.01526
78.710 48.19861 -3.01526
78.747 48.19861 -3.01526
78.787 48.19861 -3.01526
78.827 48.19861 -3.01526
79.707 48.19862 -3.01525
79.710 48.19862 -3.01525
79.747 48.19862 -3.01525
79.787 48.19862 -3.01525
79.827 48.19862 -3.01525
80.707 48.19862 -3.01525
80.710 48.19862 -3.01525
80.747 48.19862 -3.01525
80.787 48.19862 -3.01525
80.827 48.19862 -3.01525
81.707 48.19863 -3.01524
81.710 48.19863 -3.01524
81.747 48.19863 -3.01524
81.787 48.19863 -3.01524
81.827 48.19863 -3.01524
82.707 48.19864 -3.01524
82.710 48.19864 -3.01524
82.747 48.19864 -3.01524
82.787 48.19864 -3.01524
82.827 48.19864 -3.01524
83.707 48.19865 -3.01523
83.710 48.19865 -3.01523
83.747 48.19865 -3.01523
83.787 48.19865 -3.01523
83.827 48.19865 -3.01523
84.707 48.19866 -3.01523
84.711 48.19866 -3.01523
84.747 48.19866 -3.01523
84.787 48.19866 -3.01523
84.827 48.19866 -3.01523
85.707 48.19866 -3.01522
85.711 48.19866 -3.01522
85.747 48.19866 -3.01522
85.787 48.19866 -3.01522
85.827 48.19866 -3.01522
86.707 48.19867 -3.01522
86.711 48.19867 -3.01522
86.747 48.19867 -3.01522
86.787 48.19867 -3.01522
86.827 48.19867 -3.01522
87.707 48.19868 -3.01522
87.710 48.19868 -3.01522
87.748 48.19868 -3.01522
87.788 48.19868 -3.01522
87.828 48.19868 -3.01522
88.707 48.19869 -3.01521
88.710 48.19869 -3.01521
88.748 48.19869 -3.01521
88.788 48.19869 -3.01521
88.828 48.19869 -3.01521
89.707 48.19870 -3.01521
89.710 48.19870 -3.01521
89.748 48.19870 -3.01521
89.788 48.19870 -3.01521
89.828 48.19870 -3.01521
90.707 48.19871 -3.01521
90.710 48.19871 -3.01521
90.748 48.19871 -3.01521
90.788 48.19871 -3.01521
90.828 48.19871 -3.01521
91.707 48.19872 -3.01521
91.710 48.19872 -3.01521
91.748 48.19872 -3.01521
91.788 48.19872 -3.01521
91.828 48.19872 -3.01521
92.707 48.19872 -3.01520
92.710 48.19872 -3.01520
92.748 48.19872 -3.01520
92.788 48.19872 -3.01520
92.828 48.19872 -3.01520
93.707 48.19872 -3.01520
93.707 48.19872 -3.01520
93.707 48.19873 -3.01520
93.707 48.19873 -3.01520
93.748 48.19873 -3.01520
93.788 48.19873 -3.01520
93.828 48.19873 -3.01520
93.868 48.19873 -3.01520
94.707 48.19874 -3.01520
94.710 48.19874 -3.01520
94.747 48.19874 -3.01520
94.788 48.19874 -3.01520
94.828 48.19874 -3.01520
95.707 48.19875 -3.01520
95.710 48.19875 -3.01520
95.747 48.19875 -3.01520
95.788 48.19875 -3.01520
95.828 48.19875 -3.01520
96.707 48.19876 -3.01519
96.710 48.19876 -3.01519
96.748 48.19876 -3.01519
96.789 48.19876 -3.01519
96.829 48.19876 -3.01519
97.707 48.19876 -3.01519
97.710 48.19876 -3.01519
97.748 48.19876 -3.01519
97.788 48.19876 -3.01519
97.828 48.19876 -3.01519
98.707 48.19877 -3.01519
98.710 48.19877 -3.01519
98.747 48.19877 -3.01519
98.787 48.19877 -3.01519
98.828 48.19877 -3.01519
99.707 48.19878 -3.01518
99.710 48.19878 -3.01518
99.747 48.19878 -3.01518
99.787 48.19878 -3.01518
99.827 48.19878 -3.01518
100.707 48.19879 -3.01518
100.710 48.19879 -3.01518
100.747 48.19879 -3.01518
100.787 48.19879 -3.01518
100.828 48.19879 -3.01518
101.707 48.19879 -3.01517
101.710 48.19879 -3.01517
101.747 48.19879 -3.01517
101.787 48.19879 -3.01517
101.828 48.19879 -3.01517
102.707 48.19879 -3.01516
102.711 48.19879 -3.01516
102.747 48.19879 -3.01516
102.787 48.19879 -3.01516
102.827 48.19879 -3.01516
103.707 48.19880 -3.01516
103.711 48.19880 -3.01516
103.747 48.19880 -3.01516
103.787 48.19880 -3.01516
103.828 48.19880 -3.01516
104.708 48.19880 -3.01515
104.711 48.19880 -3.01515
104.748 48.19880 -3.01515
104.788 48.19880 -3.01515
104.828 48.19880 -3.01515
105.708 48.19881 -3.01514
105.711 48.19881 -3.01514
105.748 48.19881 -3.01514
105.788 48.19881 -3.01514
105.828 48.19881 -3.01514
106.708 48.19881 -3.01513
106.711 48.19881 -3.01513
106.748 48.19881 -3.01513
106.788 48.19881 -3.01513
106.828 48.19881 -3.01513
107.708 48.19882 -3.01512
107.711 48.19882 -3.01512
107.748 48.19882 -3.01512
107.788 48.19882 -3.01512
107.828 48.19882 -3.01512
108.708 48.19882 -3.01511
108.711 48.19882 -3.01511
108.748 48.19882 -3.01511
108.788 48.19882 -3.01511
108.828 48.19882 -3.01511
109.708 48.19883 -3.01510
109.711 48.19883 -3.01510
109.748 48.19883 -3.01510
109.788 48.19883 -3.01510
109.828 48.19883 -3.01510
110.708 48.19883 -3.01509
110.711 48.19883 -3.01509
110.748 48.19883 -3.01509
110.788 48.19883 -3.01509
110.828 48.19883 -3.01509
111.708 48.19883 -3.01507
111.711 48.19883 -3.01507
111.748 48.19883 -3.01507
111.788 48.19883 -3.01507
111.828 48.19883 -3.01507
112.707 48.19883 -3.01506
112.710 48.19883 -3.01506
112.748 48.19883 -3.01506
112.788 48.19883 -3.01506
112.828 48.19883 -3.01506
113.707 48.19883 -3.01505
113.710 48.19883 -3.01505
113.748 48.19883 -3.01505
113.788 48.19883 -3.01505
113.828 48.19883 -3.01505
114.707 48.19883 -3.01504
114.710 48.19883 -3.01504
114.748 48.19883 -3.01504
114.788 48.19883 -3.01504
114.828 48.19883 -3.01504
