0.706 1
1.706 1
2.706 1
3.706 1
4.706 1
5.706 1
6.705 1
7.705 1
8.705 1
9.705 1
10.705 1
11.705 1
12.705 1
13.705 1
14.705 1
15.705 1
16.706 1
17.706 1
18.706 1
19.706 1
20.706 1
21.706 1
22.706 1
23.706 1
24.706 1
25.706 1
26.706 1
28.706 1
29.706 1
30.706 1
31.706 1
32.705 1
34.706 1
35.706 1
36.706 1
37.706 1
38.706 1
39.706 1
40.706 1
41.706 1
42.706 1
43.706 1
44.706 1
45.706 1
46.706 1
47.706 1
48.706 1
49.706 1
50.706 1
51.707 1
52.707 1
53.707 1
54.707 1
55.707 1
56.707 1
57.707 1
58.707 1
59.706 1
60.706 1
61.706 1
62.706 1
64.706 1
65.706 1
66.706 1
67.706 1
68.707 1
69.707 1
70.707 1
71.707 1
72.707 1
73.707 1
74.707 1
75.707 1
76.707 1
77.707 1
78.707 1
79.707 1
80.707 1
81.707 1
82.707 1
83.707 1
84.707 1
85.707 1
86.707 1
88.707 1
89.707 1
90.707 1
91.707 1
92.707 1
94.707 1
95.707 1
96.707 1
97.707 1
98.707 1
99.707 1
100.707 1
101.707 1
102.707 1
103.707 1
104.708 1
105.708 1
106.708 1
107.708 1
108.708 1
109.708 1
110.708 1
111.708 1
112.707 1
113.707 1
114.707 1
